ID	XLAMB	YLAMB	ALT	BETA
1	226000	618000	0	0
2	230000	618000	0	0
3	234000	618000	0	0
4	206000	614000	0	0
5	210000	614000	0	0
6	214000	614000	0	0
7	218000	614000	0	0
8	174000	610000	0	0
9	178000	610000	0	0
10	182000	610000	0	0
11	186000	610000	0	0
12	190000	610000	0	0
13	206000	610000	0	0.0319
14	210000	610000	0	0.0154
15	242000	610000	0	0.0497
16	246000	610000	0	0.0544
17	250000	610000	0	0.0412
18	158000	606000	0	0.0003
19	162000	606000	0	0
20	166000	606000	0	0
21	170000	606000	0	0.0397
22	174000	606000	0	0.1214
23	178000	606000	0	0.0458
24	182000	606000	0	0.0896
25	186000	606000	0	0.0168
26	190000	606000	0	0
27	194000	606000	0	0
28	206000	606000	0	0
29	210000	606000	0	0
30	226000	606000	0	0.0129
31	230000	606000	0	0.0326
32	234000	606000	0	0.0683
33	238000	606000	0	0.1428
34	242000	606000	0	0.1666
35	246000	606000	0	0.1805
36	250000	606000	0	0.2192
37	254000	606000	0	0.1737
38	142000	602000	0	0
39	146000	602000	0	0.0046
40	150000	602000	2	0.0445
41	154000	602000	1	0.0586
42	158000	602000	0	0.0116
43	186000	602000	0	0
44	190000	602000	0	0.0033
45	194000	602000	0	0.0476
46	198000	602000	0	0.0878
47	202000	602000	0	0.0926
48	206000	602000	0	0.0457
49	210000	602000	0	0.0622
50	214000	602000	0	0.1077
51	218000	602000	0	0.0762
52	222000	602000	0	0.146
53	226000	602000	0	0.165
54	230000	602000	0	0.1676
55	234000	602000	0	0.1843
56	238000	602000	0	0.1859
57	242000	602000	0	0.2005
58	246000	602000	0	0.171
59	250000	602000	0	0.1796
60	254000	602000	0	0.1122
61	142000	598000	2	0.0235
62	146000	598000	0	0.0684
63	150000	598000	0	0.0561
64	182000	598000	0	0.0091
65	186000	598000	0	0.0879
66	190000	598000	0	0.1634
67	194000	598000	0	0.1729
68	198000	598000	0	0.174
69	202000	598000	0	0.1718
70	206000	598000	0	0.1217
71	210000	598000	0	0.0031
72	214000	598000	0	0.1242
73	218000	598000	0	0.1792
74	222000	598000	0	0.1823
75	226000	598000	0	0.1792
76	230000	598000	0	0.1786
77	234000	598000	0	0.1655
78	238000	598000	0	0.182
79	242000	598000	0	0.1668
80	246000	598000	0	0.1689
81	250000	598000	0	0.1626
82	254000	598000	0	0.1517
83	138000	594000	0	0
84	174000	594000	0	0.0206
85	178000	594000	0	0.0786
86	182000	594000	0	0.1602
87	186000	594000	0	0.174
88	190000	594000	0	0.1655
89	194000	594000	0	0.2417
90	198000	594000	0	0.2133
91	202000	594000	0	0.1655
92	206000	594000	0	0.1194
93	210000	594000	0	0.041
94	214000	594000	0	0.1151
95	218000	594000	0	0.2078
96	222000	594000	0	0.1753
97	226000	594000	0	0.1662
98	230000	594000	0	0.2082
99	234000	594000	0	0.1673
100	238000	594000	-1	0.1702
101	242000	594000	0	0.1744
102	246000	594000	0	0.1835
103	250000	594000	0	0.1707
104	254000	594000	0	0.2723
105	258000	594000	0	0.3869
106	262000	594000	0	0.1427
107	130000	590000	0	0
108	134000	590000	0	0.0277
109	138000	590000	0	0
110	170000	590000	0	0.131
111	174000	590000	0	0.1689
112	178000	590000	0	0.1655
113	182000	590000	0	0.1822
114	186000	590000	0	0.1728
115	190000	590000	0	0.163
116	194000	590000	0	0.1921
117	198000	590000	0	0.1842
118	202000	590000	0	0.172
119	206000	590000	0	0.192
120	210000	590000	0	0.1655
121	214000	590000	0	0.1749
122	218000	590000	0	0.1849
123	222000	590000	0	0.1706
124	226000	590000	0	0.1699
125	230000	590000	0	0.1708
126	234000	590000	0	0.1935
127	238000	590000	-1	0.1845
128	242000	590000	-1	0.1879
129	246000	590000	-1	0.1769
130	250000	590000	-1	0.1476
131	254000	590000	-2	0.1615
132	258000	590000	-2	0.1673
133	262000	590000	-2	0.1949
134	266000	590000	-1	0.1664
135	270000	590000	0	0.0062
136	126000	586000	0	0
137	166000	586000	0	0.1312
138	170000	586000	0	0.1867
139	174000	586000	0	0.2076
140	178000	586000	0	0.1829
141	182000	586000	0	0.1966
142	186000	586000	0	0.1655
143	190000	586000	0	0.1869
144	194000	586000	-1	0.1518
145	198000	586000	0	0.1976
146	202000	586000	1	0.1789
147	206000	586000	0	0.2192
148	210000	586000	0	0.167
149	214000	586000	0	0.1714
150	218000	586000	0	0.1959
151	222000	586000	0	0.2382
152	226000	586000	0	0.1765
153	230000	586000	0	0.1977
154	234000	586000	0	0.2236
155	238000	586000	-1	0.1799
156	242000	586000	-1	0.1851
157	246000	586000	-1	0.1657
158	250000	586000	-2	0.1566
159	254000	586000	-2	0.186
160	258000	586000	-3	0.1655
161	262000	586000	-2	0.1713
162	266000	586000	-1	0.1604
163	270000	586000	0	0.0682
164	274000	586000	0	0.0181
165	122000	582000	0	0
166	126000	582000	0	0
167	158000	582000	0	0.0266
168	162000	582000	0	0.1597
169	166000	582000	0	0.1785
170	170000	582000	0	0.1661
171	174000	582000	0	0.1941
172	178000	582000	0	0.2813
173	182000	582000	0	0.2713
174	186000	582000	-1	0.187
175	190000	582000	-1	0.1652
176	194000	582000	0	0.1963
177	198000	582000	0	0.1988
178	202000	582000	0	0.2026
179	206000	582000	0	0.172
180	210000	582000	0	0.1745
181	214000	582000	0	0.1976
182	218000	582000	0	0.181
183	222000	582000	0	0.1632
184	226000	582000	0	0.1626
185	230000	582000	0	0.3353
186	234000	582000	1	0.4599
187	238000	582000	0	0.3465
188	242000	582000	-1	0.1395
189	246000	582000	-1	0.1219
190	250000	582000	-1	0.183
191	254000	582000	-2	0.1672
192	258000	582000	-2	0.162
193	262000	582000	-1	0.1659
194	266000	582000	0	0.1832
195	270000	582000	0	0.1702
196	274000	582000	-1	0.1658
197	278000	582000	0	0.1792
198	118000	578000	0	0.0034
199	122000	578000	0	0.0019
200	158000	578000	0	0.2314
201	162000	578000	0	0.1903
202	166000	578000	0	0.2838
203	170000	578000	0	0.1726
204	174000	578000	0	0.1823
205	178000	578000	0	0.2127
206	182000	578000	0	0.3846
207	186000	578000	-1	0.3087
208	190000	578000	-1	0.1646
209	194000	578000	0	0.23
210	198000	578000	0	0.1537
211	202000	578000	1	0.1904
212	206000	578000	0	0.2491
213	210000	578000	0	0.1952
214	214000	578000	0	0.1762
215	218000	578000	0	0.1697
216	222000	578000	0	0.2337
217	226000	578000	0	0.1048
218	230000	578000	0	0.1578
219	234000	578000	0	0.2716
220	238000	578000	0	0.2491
221	242000	578000	0	0.1899
222	246000	578000	0	0.245
223	250000	578000	0	0.1779
224	254000	578000	0	0.2146
225	258000	578000	-1	0.178
226	262000	578000	0	0.2185
227	266000	578000	-2	0.097
228	270000	578000	-1	0.1625
229	274000	578000	-1	0.1518
230	278000	578000	-1	0.1878
231	118000	574000	0	0.0619
232	122000	574000	0	0.0591
233	158000	574000	0	0.1949
234	162000	574000	0	0.1655
235	166000	574000	0	0.1701
236	170000	574000	0	0.1761
237	174000	574000	0	0.1655
238	178000	574000	0	0.1655
239	182000	574000	0	0.1784
240	186000	574000	-1	0.1899
241	190000	574000	-1	0.146
242	194000	574000	0	0.1584
243	198000	574000	0	0.1558
244	202000	574000	0	0.1497
245	206000	574000	2	0.1655
246	210000	574000	2	0.1553
247	214000	574000	1	0.2234
248	218000	574000	1	0.1683
249	222000	574000	2	0.2775
250	226000	574000	0	0.2541
251	230000	574000	0	0.1921
252	234000	574000	1	0.2081
253	238000	574000	2	0.2056
254	242000	574000	0	0.1225
255	246000	574000	0	0.2472
256	250000	574000	0	0.2194
257	254000	574000	0	0.2139
258	258000	574000	-1	0.1842
259	262000	574000	-1	0.1921
260	266000	574000	0	0.3221
261	270000	574000	-1	0.1551
262	274000	574000	-2	0.1564
263	114000	570000	0	0.0454
264	118000	570000	0	0.1988
265	122000	570000	0	0.1213
266	154000	570000	0	0.0344
267	158000	570000	0	0.161
268	162000	570000	0	0.1792
269	166000	570000	0	0.1664
270	170000	570000	0	0.1834
271	174000	570000	0	0.1655
272	178000	570000	0	0.1735
273	182000	570000	0	0.1708
274	186000	570000	-1	0.1828
275	190000	570000	0	0.0765
276	194000	570000	0	0.1307
277	198000	570000	0	0.1943
278	202000	570000	1	0.4136
279	206000	570000	2	0.256
280	210000	570000	2	0.1657
281	214000	570000	3	0.1749
282	218000	570000	3	0.1692
283	222000	570000	4	0.1762
284	226000	570000	3	0.1532
285	230000	570000	2	0.1618
286	234000	570000	3	0.2496
287	238000	570000	3	0.1728
288	242000	570000	0	0.1704
289	246000	570000	0	0.1689
290	250000	570000	0	0.1614
291	254000	570000	0	0.3629
292	258000	570000	0	0.1958
293	262000	570000	0	0.2025
294	266000	570000	-1	0.1949
295	270000	570000	-1	0.1688
296	274000	570000	0	0.1804
297	278000	570000	0	0.1628
298	110000	566000	0	0
299	114000	566000	0	0.1598
300	118000	566000	0	0.1571
301	122000	566000	0	0.0802
302	150000	566000	0	0
303	154000	566000	0	0.0763
304	158000	566000	0	0.1673
305	162000	566000	0	0.195
306	166000	566000	0	0.1914
307	170000	566000	0	0.1707
308	174000	566000	0	0.1685
309	178000	566000	0	0.1655
310	182000	566000	0	0.1778
311	186000	566000	0	0.1949
312	190000	566000	0	0.153
313	194000	566000	-1	0.1592
314	198000	566000	-1	0.1784
315	202000	566000	1	0.1972
316	206000	566000	1	0.1811
317	210000	566000	3	0.134
318	214000	566000	5	0.1413
319	218000	566000	5	0.1873
320	222000	566000	5	0.1757
321	226000	566000	8	0.1933
322	230000	566000	7	0.1595
323	234000	566000	6	0.2326
324	238000	566000	6	0.2234
325	242000	566000	8	0.1838
326	246000	566000	0	0.2019
327	250000	566000	0	0.1644
328	254000	566000	0	0.222
329	258000	566000	0	0.1729
330	262000	566000	0	0.2077
331	266000	566000	0	0.1736
332	270000	566000	0	0.1863
333	274000	566000	0	0.163
334	278000	566000	0	0.178
335	110000	562000	0	0.018
336	114000	562000	0	0.1951
337	118000	562000	0	0.1855
338	146000	562000	0	0
339	154000	562000	0	0.034
340	158000	562000	0	0.1746
341	162000	562000	0	0.1867
342	166000	562000	0	0.1853
343	170000	562000	0	0.2238
344	174000	562000	0	0.2946
345	178000	562000	-1	0.1318
346	182000	562000	0	0.1458
347	186000	562000	0	0.2061
348	190000	562000	0	0.1654
349	194000	562000	-1	0.1751
350	198000	562000	-1	0.1673
351	202000	562000	2	0.123
352	206000	562000	3	0.1657
353	210000	562000	4	0.1632
354	214000	562000	5	0.1481
355	218000	562000	5	0.1479
356	222000	562000	7	0.1769
357	226000	562000	9	0.1994
358	230000	562000	10	0.1914
359	234000	562000	10	0.248
360	238000	562000	7	0.1786
361	242000	562000	10	0.1716
362	246000	562000	9	0.1616
363	250000	562000	1	0.168
364	254000	562000	2	0.1737
365	258000	562000	1	0.1744
366	262000	562000	1	0.1806
367	266000	562000	2	0.2212
368	270000	562000	0	0.1974
369	274000	562000	1	0.1735
370	278000	562000	1	0.1689
371	110000	558000	0	0.0104
372	114000	558000	0	0.0854
373	142000	558000	0	0.032
374	154000	558000	0	0.0006
375	158000	558000	0	0.1551
376	162000	558000	0	0.1588
377	166000	558000	0	0.1479
378	170000	558000	0	0.1859
379	174000	558000	0	0.2704
380	178000	558000	0	0.1283
381	182000	558000	0	0.1394
382	186000	558000	0	0.1647
383	190000	558000	0	0.1204
384	194000	558000	-1	0.1609
385	198000	558000	-1	0.1974
386	202000	558000	0	0.2167
387	206000	558000	3	0.1818
388	210000	558000	3	0.1678
389	214000	558000	4	0.1934
390	218000	558000	6	0.1643
391	222000	558000	9	0.0212
392	226000	558000	10	0.0824
393	230000	558000	10	0.2048
394	234000	558000	11	0.4203
395	238000	558000	10	0.1725
396	242000	558000	11	0.1489
397	246000	558000	17	0.2026
398	250000	558000	2	0.1816
399	254000	558000	2	0.1719
400	258000	558000	3	0.1838
401	262000	558000	3	0.1899
402	266000	558000	2	0.1767
403	270000	558000	1	0.1525
404	274000	558000	2	0.1707
405	278000	558000	3	0.1177
406	110000	554000	0	0.0473
407	114000	554000	0	0.1456
408	138000	554000	0	0
409	158000	554000	0	0.1925
410	162000	554000	0	0.136
411	166000	554000	0	0.1327
412	170000	554000	0	0.1956
413	174000	554000	0	0.1459
414	178000	554000	0	0.1449
415	182000	554000	0	0.2625
416	186000	554000	0	0.2063
417	190000	554000	0	0.3856
418	194000	554000	0	0.2022
419	198000	554000	0	0.1737
420	202000	554000	1	0.1965
421	206000	554000	2	0.1433
422	210000	554000	4	0.162
423	214000	554000	5	0.172
424	218000	554000	6	0.2126
425	222000	554000	9	0.1135
426	226000	554000	10	0.1717
427	230000	554000	12	0.1541
428	234000	554000	10	0.2365
429	238000	554000	12	0.1848
430	242000	554000	14	0.1754
431	246000	554000	24	0.0476
432	250000	554000	16	0.1477
433	254000	554000	4	0.1614
434	258000	554000	4	0.1943
435	262000	554000	5	0.2811
436	266000	554000	4	0.1622
437	270000	554000	5	0.1333
438	274000	554000	4	0.153
439	110000	550000	0	0.1102
440	114000	550000	0	0.3996
441	126000	550000	0	0.0252
442	130000	550000	0	0.0993
443	134000	550000	0	0.0017
444	154000	550000	0	0.0058
445	158000	550000	0	0.1608
446	162000	550000	0	0.1201
447	166000	550000	0	0.0763
448	170000	550000	0	0.1407
449	174000	550000	0	0.1329
450	178000	550000	0	0.1722
451	182000	550000	0	0.1736
452	186000	550000	0	0.1451
453	190000	550000	0	0.2152
454	194000	550000	1	0.2251
455	198000	550000	0	0.1708
456	202000	550000	0	0.1562
457	206000	550000	2	0.158
458	210000	550000	3	0.1626
459	214000	550000	7	0.1166
460	218000	550000	15	0.02
461	222000	550000	10	0.1512
462	226000	550000	12	0.1675
463	230000	550000	13	0.1224
464	234000	550000	14	0.124
465	238000	550000	14	0.1475
466	242000	550000	17	0.1629
467	246000	550000	17	0.1141
468	250000	550000	16	0.1945
469	254000	550000	5	0.2076
470	258000	550000	6	0.1989
471	262000	550000	6	0.1715
472	266000	550000	7	0.2503
473	270000	550000	6	0.1574
474	274000	550000	7	0.1626
475	110000	546000	0	0.1252
476	114000	546000	0	0.2471
477	118000	546000	0	0.0965
478	122000	546000	0	0.0233
479	126000	546000	0	0.1627
480	130000	546000	0	0.1331
481	134000	546000	0	0.0251
482	154000	546000	0	0.0662
483	158000	546000	0	0.154
484	162000	546000	0	0.1253
485	166000	546000	0	0.1637
486	170000	546000	0	0.1213
487	174000	546000	0	0.1518
488	178000	546000	0	0.1615
489	182000	546000	0	0.0405
490	186000	546000	0	0.107
491	190000	546000	0	0.1493
492	194000	546000	0	0.1881
493	198000	546000	0	0.1853
494	202000	546000	0	0.1832
495	206000	546000	2	0.2003
496	210000	546000	4	0.1269
497	214000	546000	8	0.055
498	218000	546000	17	0.0107
499	222000	546000	11	0.1101
500	226000	546000	12	0.1271
501	230000	546000	13	0.1874
502	234000	546000	14	0.1538
503	238000	546000	16	0.1185
504	242000	546000	22	0.0746
505	246000	546000	15	0.1335
506	250000	546000	17	0.1539
507	254000	546000	19	0.1385
508	258000	546000	7	0.1715
509	262000	546000	7	0.1883
510	266000	546000	8	0.24
511	270000	546000	8	0.1466
512	110000	542000	0	0.1332
513	114000	542000	0	0.2036
514	118000	542000	0	0.1846
515	122000	542000	0	0.1246
516	126000	542000	-1	0.1569
517	130000	542000	-3	0.1896
518	134000	542000	-3	0.1423
519	154000	542000	0	0.0699
520	158000	542000	0	0.1525
521	162000	542000	0	0.1416
522	166000	542000	3	0.1088
523	170000	542000	0	0.1419
524	174000	542000	0	0.1543
525	178000	542000	0	0.181
526	182000	542000	-1	0.1403
527	186000	542000	0	0.149
528	190000	542000	-1	0.1338
529	194000	542000	0	0.213
530	198000	542000	0	0.1739
531	202000	542000	0	0.1617
532	206000	542000	3	0.1383
533	210000	542000	5	0.1426
534	214000	542000	6	0.1681
535	218000	542000	11	0.1424
536	222000	542000	9	0.1484
537	226000	542000	9	0.162
538	230000	542000	12	0.2582
539	234000	542000	13	0.1846
540	238000	542000	15	0.2104
541	242000	542000	16	0.1517
542	246000	542000	18	0.1407
543	250000	542000	16	0.0966
544	254000	542000	22	0.1415
545	258000	542000	8	0.1845
546	262000	542000	9	0.1939
547	266000	542000	10	0.1694
548	270000	542000	10	0.1984
549	110000	538000	0	0.1596
550	114000	538000	0	0.2131
551	118000	538000	0	0.1836
552	122000	538000	-1	0.1696
553	126000	538000	-2	0.1752
554	130000	538000	-3	0.2387
555	134000	538000	-4	0.1655
556	138000	538000	0	0.0195
557	166000	538000	0	0.063
558	170000	538000	0	0.0007
559	174000	538000	0	0.0973
560	178000	538000	-1	0.2535
561	182000	538000	0	0.1763
562	186000	538000	0	0.1655
563	190000	538000	0	0.075
564	194000	538000	0	0.1959
565	198000	538000	3	0.1934
566	202000	538000	8	0.1459
567	206000	538000	1	0.1515
568	210000	538000	1	0.1638
569	214000	538000	5	0.1361
570	218000	538000	6	0.1824
571	222000	538000	10	0.1272
572	226000	538000	16	0.0487
573	230000	538000	13	0.1727
574	234000	538000	14	0.1813
575	238000	538000	14	0.2081
576	242000	538000	16	0.1713
577	246000	538000	17	0.1533
578	250000	538000	17	0.1207
579	254000	538000	18	0.1493
580	258000	538000	20	0.1539
581	262000	538000	11	0.1759
582	266000	538000	12	0.2201
583	270000	538000	12	0.1788
584	106000	534000	0	0.059
585	110000	534000	0	0.1768
586	114000	534000	0	0.2744
587	118000	534000	0	0.1819
588	122000	534000	0	0.1701
589	126000	534000	-2	0.1655
590	130000	534000	-3	0.1796
591	134000	534000	-4	0.1647
592	170000	534000	0	0.044
593	174000	534000	-3	0.1758
594	178000	534000	-3	0.1739
595	182000	534000	0	0.092
596	186000	534000	0	0.1575
597	190000	534000	0	0.0891
598	194000	534000	0	0.0568
599	198000	534000	0	0.1635
600	202000	534000	0	0.2655
601	206000	534000	1	0.2292
602	210000	534000	6	0.1306
603	214000	534000	7	0.1388
604	218000	534000	4	0.1763
605	222000	534000	9	0.0674
606	226000	534000	11	0.1024
607	230000	534000	12	0.1425
608	234000	534000	13	0.1652
609	238000	534000	15	0.1406
610	242000	534000	15	0.1555
611	246000	534000	15	0.2178
612	250000	534000	16	0.2166
613	254000	534000	16	0.1813
614	258000	534000	23	0.3509
615	262000	534000	14	0.1699
616	266000	534000	13	0.175
617	270000	534000	14	0.1733
618	106000	530000	0	0.1353
619	110000	530000	0	0.1745
620	114000	530000	0	0.1839
621	118000	530000	0	0.1729
622	122000	530000	0	0.2258
623	126000	530000	-1	0.1662
624	130000	530000	-2	0.1804
625	134000	530000	-1	0.2148
626	138000	530000	0	0.0913
627	142000	530000	0	0.0712
628	146000	530000	0	0.0758
629	170000	530000	-3	0.1222
630	174000	530000	-3	0.173
631	178000	530000	-3	0.1764
632	182000	530000	-2	0.1596
633	186000	530000	-2	0.1728
634	190000	530000	0	0.1751
635	194000	530000	0	0.0734
636	198000	530000	-1	0.1552
637	202000	530000	-1	0.1112
638	206000	530000	0	0.17
639	210000	530000	0	0.1663
640	214000	530000	0	0.173
641	218000	530000	1	0.1895
642	222000	530000	7	0.1629
643	226000	530000	11	0.1373
644	230000	530000	12	0.1974
645	234000	530000	13	0.155
646	238000	530000	14	0.1269
647	242000	530000	14	0.1203
648	246000	530000	13	0.1936
649	250000	530000	13	0.1929
650	254000	530000	14	0.2076
651	258000	530000	18	0.3435
652	262000	530000	20	0.2405
653	266000	530000	15	0.1645
654	270000	530000	16	0.1542
655	106000	526000	3	0.0812
656	110000	526000	0	0.2214
657	114000	526000	0	0.2404
658	118000	526000	0	0.1898
659	122000	526000	0	0.184
660	126000	526000	0	0.2284
661	130000	526000	0	0.1872
662	134000	526000	-1	0.1807
663	138000	526000	-1	0.228
664	142000	526000	-2	0.1661
665	146000	526000	-1	0.2081
666	150000	526000	0	0.0242
667	170000	526000	-3	0.1293
668	174000	526000	-3	0.1734
669	178000	526000	-3	0.2521
670	182000	526000	-2	0.2208
671	186000	526000	-2	0.201
672	190000	526000	-2	0.1781
673	194000	526000	0	0.1818
674	198000	526000	0	0.0553
675	202000	526000	-1	0.1156
676	206000	526000	0	0.1751
677	210000	526000	0	0.2478
678	214000	526000	1	0.1859
679	218000	526000	1	0.1668
680	222000	526000	8	0.0908
681	226000	526000	8	0.242
682	230000	526000	11	0.3929
683	234000	526000	12	0.209
684	238000	526000	13	0.2101
685	242000	526000	12	0.1678
686	246000	526000	12	0.2211
687	250000	526000	11	0.1772
688	254000	526000	13	0.2087
689	258000	526000	14	0.1997
690	262000	526000	18	0.2136
691	266000	526000	16	0.1692
692	106000	522000	11	0.0026
693	110000	522000	0	0.1754
694	114000	522000	0	0.2324
695	118000	522000	0	0.3315
696	122000	522000	-1	0.2171
697	126000	522000	-1	0.1829
698	130000	522000	0	0.2341
699	134000	522000	-1	0.2591
700	138000	522000	0	0.2238
701	142000	522000	0	0.2622
702	146000	522000	0	0.2472
703	170000	522000	-1	0.1139
704	174000	522000	-4	0.1708
705	178000	522000	-3	0.2391
706	182000	522000	-3	0.1942
707	186000	522000	-2	0.1655
708	190000	522000	-1	0.1013
709	194000	522000	0	0.1878
710	198000	522000	0	0.0447
711	202000	522000	0	0.0413
712	206000	522000	0	0.176
713	210000	522000	0	0.2914
714	214000	522000	1	0.189
715	218000	522000	2	0.1789
716	222000	522000	3	0.1571
717	226000	522000	10	0.174
718	230000	522000	10	0.1649
719	234000	522000	11	0.1707
720	238000	522000	9	0.1777
721	242000	522000	9	0.1512
722	246000	522000	10	0.2547
723	250000	522000	9	0.1972
724	254000	522000	11	0.2236
725	258000	522000	13	0.196
726	262000	522000	15	0.1685
727	266000	522000	17	0.0337
728	102000	518000	0	0
729	106000	518000	4	0.0879
730	110000	518000	0	0.2902
731	114000	518000	0	0.3338
732	118000	518000	-1	0.2622
733	122000	518000	-1	0.1993
734	126000	518000	-1	0.1942
735	130000	518000	-2	0.2282
736	134000	518000	0	0.3525
737	138000	518000	0	0.205
738	142000	518000	0	0.1866
739	170000	518000	0	0.1896
740	174000	518000	-3	0.1784
741	178000	518000	-3	0.1851
742	182000	518000	-2	0.1593
743	186000	518000	-2	0.1995
744	190000	518000	-1	0.1702
745	194000	518000	-1	0.0918
746	198000	518000	0	0.1263
747	202000	518000	0	0.1837
748	206000	518000	0	0.163
749	210000	518000	0	0.2541
750	214000	518000	1	0.1471
751	218000	518000	2	0.1554
752	222000	518000	3	0.1562
753	226000	518000	7	0.1677
754	230000	518000	8	0.1655
755	234000	518000	9	0.1807
756	238000	518000	8	0.2039
757	242000	518000	8	0.1853
758	246000	518000	8	0.332
759	250000	518000	10	0.1756
760	254000	518000	11	0.1901
761	258000	518000	12	0.1889
762	262000	518000	14	0.1839
763	266000	518000	15	0.2079
764	102000	514000	0	0.0279
765	106000	514000	1	0.1738
766	110000	514000	2	0.2694
767	114000	514000	-2	0.2762
768	118000	514000	-3	0.1747
769	122000	514000	-2	0.2009
770	126000	514000	-2	0.2314
771	130000	514000	0	0.1056
772	138000	514000	0	0.0351
773	170000	514000	0	0.0254
774	174000	514000	-1	0.0814
775	178000	514000	-1	0.0895
776	182000	514000	-1	0.0955
777	186000	514000	0	0.1446
778	190000	514000	0	0.1097
779	194000	514000	0	0.1281
780	198000	514000	0	0.2121
781	202000	514000	0	0.2516
782	206000	514000	0	0.1655
783	210000	514000	0	0.2038
784	214000	514000	1	0.1333
785	218000	514000	3	0.1365
786	222000	514000	4	0.1764
787	226000	514000	4	0.1972
788	230000	514000	5	0.2255
789	234000	514000	6	0.1859
790	238000	514000	7	0.2056
791	242000	514000	8	0.2156
792	246000	514000	9	0.1843
793	102000	510000	0	0.0072
794	106000	510000	2	0.1395
795	110000	510000	0	0.2023
796	114000	510000	-2	0.1637
797	118000	510000	-1	0.1755
798	122000	510000	-3	0.2161
799	126000	510000	-2	0.2095
800	130000	510000	0	0.1344
801	166000	510000	-3	0.1085
802	170000	510000	-3	0.1595
803	174000	510000	-3	0.2034
804	178000	510000	-3	0.1236
805	182000	510000	-1	0.0538
806	186000	510000	0	0.203
807	190000	510000	0	0.3497
808	194000	510000	0	0.1982
809	198000	510000	0	0.1655
810	202000	510000	0	0.2509
811	206000	510000	0	0.1664
812	210000	510000	0	0.1701
813	214000	510000	1	0.2125
814	218000	510000	2	0.1784
815	222000	510000	4	0.1561
816	226000	510000	5	0.1656
817	230000	510000	5	0.1677
818	234000	510000	7	0.1597
819	238000	510000	8	0.3409
820	242000	510000	9	0.2396
821	246000	510000	10	0.2012
822	102000	506000	4	0.0332
823	106000	506000	2	0.1895
824	110000	506000	0	0.1748
825	114000	506000	0	0.1466
826	118000	506000	-2	0.2033
827	122000	506000	-3	0.2352
828	126000	506000	-2	0.2066
829	130000	506000	-1	0.163
830	158000	506000	0	0.0757
831	162000	506000	0	0.1442
832	166000	506000	-3	0.2533
833	170000	506000	-4	0.1716
834	174000	506000	-4	0.1824
835	178000	506000	-3	0.2903
836	182000	506000	-3	0.156
837	186000	506000	0	0.0967
838	190000	506000	0	0.3126
839	194000	506000	0	0.2189
840	198000	506000	0	0.1976
841	202000	506000	0	0.2949
842	206000	506000	0	0.2258
843	210000	506000	0	0.2127
844	214000	506000	1	0.1612
845	218000	506000	3	0.1644
846	222000	506000	5	0.1388
847	226000	506000	6	0.2326
848	230000	506000	7	0.1399
849	234000	506000	9	0.1247
850	238000	506000	7	0.216
851	242000	506000	11	0.2165
852	246000	506000	26	0.0872
853	102000	502000	9	0.1739
854	106000	502000	3	0.3293
855	110000	502000	0	0.2391
856	114000	502000	0	0.3422
857	118000	502000	0	0.1695
858	122000	502000	-2	0.1818
859	126000	502000	0	0.3679
860	130000	502000	-2	0.2303
861	134000	502000	0	0.1817
862	158000	502000	-1	0.2947
863	162000	502000	-1	0.3573
864	166000	502000	-3	0.1316
865	170000	502000	-4	0.1602
866	174000	502000	-3	0.1608
867	178000	502000	-3	0.221
868	182000	502000	-3	0.1655
869	186000	502000	0	0.099
870	190000	502000	0	0.1681
871	194000	502000	0	0.1706
872	198000	502000	0	0.2091
873	202000	502000	2	0.4094
874	206000	502000	1	0.3515
875	210000	502000	1	0.1587
876	214000	502000	4	0.2293
877	218000	502000	6	0.1328
878	222000	502000	7	0.1245
879	226000	502000	11	0.1303
880	230000	502000	13	0.0566
881	234000	502000	6	0.1499
882	238000	502000	7	0.1747
883	242000	502000	14	0.1475
884	246000	502000	23	0.1448
885	98000	498000	0	0.107
886	102000	498000	8	0.558
887	106000	498000	1	0.43
888	110000	498000	-1	0.1939
889	114000	498000	0	0.2504
890	118000	498000	0	0.2005
891	122000	498000	0	0.1606
892	126000	498000	-1	0.1619
893	130000	498000	0	0.1824
894	134000	498000	0	0.0394
895	138000	498000	0	0.016
896	150000	498000	0	0
897	154000	498000	-3	0
898	158000	498000	-1	0.0388
899	162000	498000	-4	0.2091
900	166000	498000	-4	0.1573
901	170000	498000	-4	0.1651
902	174000	498000	-3	0.1781
903	178000	498000	-3	0.2099
904	182000	498000	-2	0.16
905	186000	498000	0	0.1575
906	190000	498000	0	0.1709
907	194000	498000	1	0.1711
908	198000	498000	7	0.2041
909	202000	498000	3	0.2816
910	206000	498000	0	0.2025
911	210000	498000	1	0.1572
912	214000	498000	2	0.1327
913	218000	498000	4	0.133
914	222000	498000	5	0.124
915	226000	498000	8	0.1383
916	230000	498000	6	0.1945
917	234000	498000	7	0.222
918	238000	498000	8	0.1952
919	242000	498000	12	0.1082
920	246000	498000	17	0.2018
921	250000	498000	24	0.1835
922	254000	498000	48	0.1155
923	262000	498000	20	0.184
924	98000	494000	0	0.0011
925	102000	494000	11	0.0823
926	106000	494000	1	0.2612
927	110000	494000	0	0.1649
928	114000	494000	0	0.4271
929	118000	494000	1	0.4326
930	122000	494000	0	0.2623
931	126000	494000	-1	0.1654
932	130000	494000	0	0.2058
933	134000	494000	0	0.0487
934	138000	494000	0	0.0001
935	142000	494000	0	0
936	146000	494000	0	0.0409
937	150000	494000	-3	0
938	154000	494000	-3	0.0131
939	158000	494000	-3	0.1042
940	162000	494000	-3	0.1764
941	166000	494000	-4	0.1377
942	170000	494000	-3	0.1599
943	174000	494000	-3	0.1636
944	178000	494000	-2	0.1134
945	182000	494000	0	0.077
946	186000	494000	1	0.224
947	190000	494000	6	0.1582
948	194000	494000	17	0.0449
949	198000	494000	37	0.0515
950	202000	494000	5	0.1743
951	206000	494000	1	0.1773
952	210000	494000	1	0.18
953	214000	494000	4	0.1998
954	218000	494000	5	0.1779
955	222000	494000	6	0.172
956	226000	494000	6	0.1752
957	230000	494000	6	0.1655
958	234000	494000	8	0.1933
959	238000	494000	8	0.2141
960	242000	494000	10	0.198
961	246000	494000	14	0.2266
962	250000	494000	22	0.2297
963	254000	494000	45	0.1956
964	258000	494000	39	0.1861
965	262000	494000	20	0.1899
966	266000	494000	22	0.2312
967	98000	490000	5	0.0444
968	102000	490000	9	0.1971
969	106000	490000	0	0.3429
970	110000	490000	0	0.2708
971	114000	490000	0	0.5186
972	118000	490000	2	0.5944
973	122000	490000	2	0.5009
974	126000	490000	0	0.2787
975	130000	490000	0	0.1001
976	134000	490000	0	0.0022
977	138000	490000	0	0.0207
978	142000	490000	-2	0.1283
979	146000	490000	-2	0.3417
980	150000	490000	-3	0.2526
981	154000	490000	-4	0.1481
982	158000	490000	-3	0.1658
983	162000	490000	-3	0.1655
984	166000	490000	-3	0.1722
985	170000	490000	-2	0.1266
986	174000	490000	-1	0.0633
987	178000	490000	-1	0.059
988	182000	490000	2	0.1929
989	186000	490000	12	0.0916
990	190000	490000	25	0.0824
991	194000	490000	35	0
992	198000	490000	19	0.1612
993	202000	490000	2	0.1785
994	206000	490000	2	0.2163
995	210000	490000	2	0.1711
996	214000	490000	4	0.2411
997	218000	490000	5	0.2254
998	222000	490000	7	0.1652
999	226000	490000	17	0.1084
1000	230000	490000	8	0.1748
1001	234000	490000	9	0.1677
1002	238000	490000	9	0.3112
1003	242000	490000	9	0.2358
1004	246000	490000	13	0.1905
1005	250000	490000	18	0.2238
1006	254000	490000	24	0.2018
1007	258000	490000	24	0.2043
1008	262000	490000	22	0.1658
1009	266000	490000	24	0.2179
1010	270000	490000	27	0.1791
1011	94000	486000	0	0.0016
1012	98000	486000	9	0.081
1013	102000	486000	4	0.2912
1014	106000	486000	0	0.2954
1015	110000	486000	-4	0.271
1016	114000	486000	0	0.325
1017	118000	486000	3	0.3899
1018	122000	486000	5	0.4608
1019	126000	486000	0	0.3733
1020	130000	486000	0	0.0581
1021	134000	486000	0	0
1022	138000	486000	0	0.0885
1023	142000	486000	-1	0.3691
1024	146000	486000	-2	0.2842
1025	150000	486000	-4	0.1591
1026	154000	486000	-4	0.1655
1027	158000	486000	-4	0.1871
1028	162000	486000	-3	0.2711
1029	166000	486000	-2	0.1381
1030	170000	486000	-1	0.1456
1031	174000	486000	1	0.2176
1032	178000	486000	6	0.1363
1033	182000	486000	18	0.1306
1034	186000	486000	26	0.0065
1035	190000	486000	36	0.0168
1036	194000	486000	25	0.1479
1037	198000	486000	8	0.19
1038	202000	486000	2	0.1833
1039	206000	486000	2	0.1773
1040	210000	486000	3	0.1592
1041	214000	486000	4	0.1975
1042	218000	486000	8	0.1593
1043	222000	486000	9	0.1456
1044	226000	486000	29	0.0579
1045	230000	486000	10	0.2725
1046	234000	486000	10	0.1619
1047	238000	486000	11	0.3677
1048	242000	486000	12	0.4088
1049	246000	486000	12	0.1791
1050	250000	486000	13	0.1976
1051	254000	486000	16	0.2204
1052	258000	486000	22	0.1925
1053	262000	486000	30	0.1604
1054	266000	486000	29	0.1463
1055	270000	486000	29	0.1387
1056	94000	482000	6	0
1057	98000	482000	7	0.0589
1058	102000	482000	0	0.2305
1059	106000	482000	-2	0.2866
1060	110000	482000	-3	0.3816
1061	114000	482000	-1	0.4895
1062	118000	482000	1	0.293
1063	122000	482000	0	0.3701
1064	126000	482000	1	0.3949
1065	130000	482000	0	0.271
1066	134000	482000	0	0.1666
1067	138000	482000	0	0.162
1068	142000	482000	-1	0.1171
1069	146000	482000	-1	0.1129
1070	150000	482000	-2	0.0931
1071	154000	482000	-3	0.161
1072	158000	482000	-3	0.1146
1073	162000	482000	0	0.048
1074	166000	482000	-1	0.1758
1075	170000	482000	4	0.3148
1076	174000	482000	16	0.0873
1077	178000	482000	24	0.0003
1078	182000	482000	31	0.0278
1079	186000	482000	42	0.0277
1080	190000	482000	33	0.0392
1081	194000	482000	15	0.194
1082	198000	482000	5	0.1812
1083	202000	482000	2	0.1938
1084	206000	482000	4	0.1861
1085	210000	482000	5	0.1766
1086	214000	482000	6	0.1807
1087	218000	482000	8	0.1754
1088	222000	482000	13	0.1182
1089	226000	482000	41	0.0023
1090	230000	482000	10	0.2599
1091	234000	482000	10	0.2161
1092	238000	482000	9	0.1741
1093	242000	482000	11	0.2454
1094	246000	482000	13	0.2349
1095	250000	482000	14	0.2124
1096	254000	482000	19	0.2119
1097	258000	482000	31	0.2665
1098	262000	482000	56	0.2437
1099	266000	482000	33	0.2019
1100	94000	478000	3	0.1271
1101	98000	478000	0	0.1893
1102	102000	478000	-4	0.2549
1103	106000	478000	-3	0.3047
1104	110000	478000	-3	0.4141
1105	114000	478000	-2	0.4414
1106	118000	478000	-1	0.3432
1107	122000	478000	-1	0.2165
1108	126000	478000	0	0.3645
1109	130000	478000	0	0.2375
1110	134000	478000	0	0.1081
1111	138000	478000	1	0.2202
1112	142000	478000	9	0.1501
1113	146000	478000	3	0.3238
1114	150000	478000	-1	0.0595
1115	154000	478000	-3	0.1461
1116	158000	478000	-3	0.1437
1117	162000	478000	-1	0.0423
1118	166000	478000	1	0.0931
1119	170000	478000	14	0.2062
1120	174000	478000	32	0.0322
1121	178000	478000	25	0.0799
1122	182000	478000	33	0.0814
1123	186000	478000	65	0
1124	190000	478000	40	0.0254
1125	194000	478000	15	0.2125
1126	198000	478000	3	0.1859
1127	202000	478000	3	0.2077
1128	206000	478000	6	0.2469
1129	210000	478000	6	0.1783
1130	214000	478000	7	0.1793
1131	218000	478000	9	0.1616
1132	222000	478000	10	0.1664
1133	226000	478000	21	0.1502
1134	230000	478000	16	0.1369
1135	234000	478000	14	0.1786
1136	238000	478000	10	0.2153
1137	242000	478000	13	0.1666
1138	246000	478000	19	0.1708
1139	250000	478000	16	0.3809
1140	254000	478000	23	0.2504
1141	258000	478000	35	0.3457
1142	262000	478000	51	0.1777
1143	266000	478000	36	0.1987
1144	90000	474000	0	0.1297
1145	94000	474000	0	0.2235
1146	98000	474000	0	0.2463
1147	102000	474000	-3	0.2404
1148	106000	474000	-3	0.2036
1149	110000	474000	-1	0.1223
1150	114000	474000	-2	0.3029
1151	118000	474000	-3	0.2369
1152	122000	474000	-2	0.145
1153	126000	474000	-1	0.1439
1154	130000	474000	0	0.1958
1155	134000	474000	0	0.093
1156	138000	474000	4	0.218
1157	142000	474000	13	0.2077
1158	146000	474000	2	0.2656
1159	150000	474000	0	0.1638
1160	154000	474000	0	0.1837
1161	158000	474000	0	0.0724
1162	162000	474000	0	0.1593
1163	166000	474000	3	0.1698
1164	170000	474000	18	0.2092
1165	174000	474000	50	0.0036
1166	178000	474000	31	0.0515
1167	182000	474000	34	0.0976
1168	186000	474000	75	0
1169	190000	474000	52	0.0125
1170	194000	474000	15	0.2312
1171	198000	474000	4	0.2203
1172	202000	474000	4	0.2215
1173	206000	474000	5	0.2891
1174	210000	474000	7	0.4705
1175	214000	474000	8	0.232
1176	218000	474000	10	0.1721
1177	222000	474000	10	0.1901
1178	226000	474000	11	0.1511
1179	230000	474000	17	0.1634
1180	234000	474000	14	0.1511
1181	238000	474000	11	0.2743
1182	242000	474000	13	0.1814
1183	246000	474000	18	0.2151
1184	250000	474000	19	0.4376
1185	254000	474000	28	0.2958
1186	258000	474000	42	0.2662
1187	262000	474000	45	0.1735
1188	266000	474000	37	0.2255
1189	270000	474000	39	0.1205
1190	90000	470000	1	0.2901
1191	94000	470000	0	0.2759
1192	98000	470000	0	0.1493
1193	102000	470000	-3	0.2151
1194	106000	470000	-3	0.1714
1195	110000	470000	-3	0.1729
1196	114000	470000	-2	0.174
1197	118000	470000	-3	0.2539
1198	122000	470000	-4	0.245
1199	126000	470000	-1	0.1169
1200	130000	470000	0	0.1797
1201	134000	470000	0	0.0509
1202	138000	470000	4	0.2703
1203	142000	470000	9	0.2418
1204	146000	470000	7	0.1922
1205	150000	470000	0	0.2277
1206	154000	470000	0	0.2393
1207	158000	470000	0	0.1971
1208	162000	470000	2	0.3161
1209	166000	470000	9	0.1555
1210	170000	470000	15	0.134
1211	174000	470000	30	0.0341
1212	178000	470000	36	0.1356
1213	182000	470000	37	0.0608
1214	186000	470000	67	0.0131
1215	190000	470000	68	0.0286
1216	194000	470000	19	0.4011
1217	198000	470000	8	0.3037
1218	202000	470000	5	0.2027
1219	206000	470000	6	0.202
1220	210000	470000	6	0.2026
1221	214000	470000	8	0.1706
1222	218000	470000	10	0.1956
1223	222000	470000	11	0.1863
1224	226000	470000	12	0.1639
1225	230000	470000	13	0.1598
1226	234000	470000	13	0.1605
1227	238000	470000	14	0.1812
1228	242000	470000	16	0.2173
1229	246000	470000	21	0.1515
1230	250000	470000	25	0.187
1231	254000	470000	30	0.3841
1232	258000	470000	42	0.4038
1233	262000	470000	42	0.281
1234	86000	466000	8	0.0381
1235	90000	466000	0	0.3893
1236	94000	466000	1	0.3817
1237	98000	466000	-1	0.2077
1238	102000	466000	-1	0.1914
1239	106000	466000	-3	0.148
1240	110000	466000	-2	0.1797
1241	114000	466000	-4	0.1844
1242	118000	466000	-2	0.1588
1243	122000	466000	-1	0.1848
1244	126000	466000	0	0.2029
1245	130000	466000	0	0.1646
1246	134000	466000	-1	0.0243
1247	138000	466000	0	0.1561
1248	142000	466000	11	0.0472
1249	146000	466000	11	0.1496
1250	150000	466000	1	0.2305
1251	154000	466000	2	0.3649
1252	158000	466000	3	0.3691
1253	162000	466000	4	0.2003
1254	166000	466000	9	0.1769
1255	170000	466000	14	0.2442
1256	174000	466000	17	0.1812
1257	178000	466000	26	0.0532
1258	182000	466000	35	0.0204
1259	186000	466000	60	0.0048
1260	190000	466000	56	0.0506
1261	194000	466000	24	0.3617
1262	198000	466000	10	0.2782
1263	202000	466000	7	0.1564
1264	206000	466000	7	0.1755
1265	210000	466000	6	0.1856
1266	214000	466000	10	0.1892
1267	218000	466000	10	0.1947
1268	222000	466000	11	0.2353
1269	226000	466000	13	0.2042
1270	230000	466000	12	0.1626
1271	234000	466000	14	0.1782
1272	238000	466000	16	0.1803
1273	242000	466000	17	0.178
1274	246000	466000	22	0.2393
1275	250000	466000	28	0.1982
1276	254000	466000	33	0.1493
1277	258000	466000	43	0.2183
1278	262000	466000	44	0.1109
1279	82000	462000	0	0
1280	86000	462000	8	0.16
1281	90000	462000	0	0.28
1282	94000	462000	0	0.3824
1283	98000	462000	0	0.2852
1284	102000	462000	0	0.2936
1285	106000	462000	0	0.3182
1286	110000	462000	-3	0.1775
1287	114000	462000	-1	0.1386
1288	118000	462000	-1	0.1222
1289	122000	462000	0	0.1656
1290	126000	462000	0	0.1803
1291	130000	462000	0	0.2788
1292	134000	462000	0	0.1452
1293	138000	462000	0	0.1642
1294	142000	462000	9	0.1913
1295	146000	462000	13	0.1832
1296	150000	462000	15	0.0837
1297	154000	462000	11	0.3118
1298	158000	462000	3	0.3003
1299	162000	462000	4	0.1801
1300	166000	462000	8	0.1948
1301	170000	462000	12	0.2869
1302	174000	462000	14	0.2191
1303	178000	462000	21	0.1618
1304	182000	462000	34	0.0216
1305	186000	462000	47	0
1306	190000	462000	86	0.0067
1307	194000	462000	53	0.0615
1308	198000	462000	20	0.1292
1309	202000	462000	9	0.1692
1310	206000	462000	7	0.1798
1311	210000	462000	7	0.3581
1312	214000	462000	9	0.2592
1313	218000	462000	14	0.1232
1314	222000	462000	14	0.1477
1315	226000	462000	15	0.188
1316	230000	462000	13	0.1757
1317	234000	462000	15	0.2163
1318	238000	462000	19	0.2478
1319	242000	462000	20	0.2148
1320	246000	462000	27	0.1985
1321	250000	462000	32	0.1207
1322	254000	462000	35	0.1477
1323	258000	462000	43	0.1825
1324	78000	458000	0	0.1744
1325	82000	458000	7	0.1986
1326	86000	458000	1	0.2559
1327	90000	458000	0	0.1797
1328	94000	458000	-1	0.1887
1329	98000	458000	-1	0.1718
1330	102000	458000	-1	0.2033
1331	106000	458000	-1	0.2397
1332	110000	458000	-1	0.1888
1333	114000	458000	-1	0.1532
1334	118000	458000	-1	0.1749
1335	122000	458000	0	0.1894
1336	126000	458000	0	0.1879
1337	130000	458000	0	0.3596
1338	134000	458000	2	0.4842
1339	138000	458000	3	0.3122
1340	142000	458000	6	0.2392
1341	146000	458000	14	0.1636
1342	150000	458000	27	0.1938
1343	154000	458000	15	0.0289
1344	158000	458000	3	0.2313
1345	162000	458000	5	0.1893
1346	166000	458000	8	0.1845
1347	170000	458000	11	0.215
1348	174000	458000	17	0.1389
1349	178000	458000	21	0.1948
1350	182000	458000	31	0.0957
1351	186000	458000	47	0
1352	190000	458000	70	0.0486
1353	194000	458000	77	0.0343
1354	198000	458000	40	0.1005
1355	202000	458000	15	0.2415
1356	206000	458000	9	0.2032
1357	210000	458000	7	0.2523
1358	214000	458000	8	0.2205
1359	218000	458000	13	0.2339
1360	222000	458000	15	0.1628
1361	226000	458000	15	0.1901
1362	230000	458000	16	0.2152
1363	234000	458000	16	0.231
1364	238000	458000	18	0.2006
1365	242000	458000	24	0.2978
1366	246000	458000	26	0.1912
1367	250000	458000	32	0.1598
1368	74000	454000	0	0.0625
1369	78000	454000	4	0.3611
1370	82000	454000	3	0.436
1371	86000	454000	0	0.4232
1372	90000	454000	-4	0.2009
1373	94000	454000	-1	0.3296
1374	98000	454000	-4	0.2199
1375	102000	454000	-4	0.2072
1376	106000	454000	-1	0.1841
1377	110000	454000	-1	0.2401
1378	114000	454000	0	0.2029
1379	118000	454000	0	0.2633
1380	122000	454000	0	0.2952
1381	126000	454000	0	0.2125
1382	130000	454000	0	0.2812
1383	134000	454000	2	0.4692
1384	138000	454000	4	0.3684
1385	142000	454000	3	0.3061
1386	146000	454000	9	0.2281
1387	150000	454000	21	0.0363
1388	154000	454000	14	0.1292
1389	158000	454000	4	0.2369
1390	162000	454000	6	0.2147
1391	166000	454000	8	0.2317
1392	170000	454000	10	0.2439
1393	174000	454000	33	0.085
1394	178000	454000	34	0.0363
1395	182000	454000	33	0.0054
1396	186000	454000	42	0.0076
1397	190000	454000	72	0.1201
1398	194000	454000	84	0.0076
1399	198000	454000	61	0.0062
1400	202000	454000	30	0.1173
1401	206000	454000	10	0.2209
1402	210000	454000	7	0.2146
1403	214000	454000	8	0.2168
1404	218000	454000	12	0.2213
1405	222000	454000	15	0.2017
1406	226000	454000	18	0.1776
1407	230000	454000	17	0.2295
1408	234000	454000	17	0.1716
1409	238000	454000	19	0.1928
1410	242000	454000	29	0.173
1411	246000	454000	29	0.1756
1412	70000	450000	0	0.0662
1413	74000	450000	0	0.1984
1414	78000	450000	0	0.3518
1415	82000	450000	1	0.3744
1416	86000	450000	-1	0.3279
1417	90000	450000	-2	0.2067
1418	94000	450000	-3	0.3164
1419	98000	450000	-3	0.2105
1420	102000	450000	-4	0.1997
1421	106000	450000	-1	0.3159
1422	110000	450000	0	0.1614
1423	114000	450000	-1	0.1577
1424	118000	450000	0	0.2059
1425	122000	450000	0	0.1882
1426	126000	450000	0	0.2116
1427	130000	450000	0	0.2121
1428	134000	450000	2	0.3973
1429	138000	450000	2	0.3704
1430	142000	450000	2	0.2309
1431	146000	450000	2	0.2435
1432	150000	450000	10	0.1702
1433	154000	450000	23	0.0582
1434	158000	450000	14	0.0766
1435	162000	450000	8	0.1389
1436	166000	450000	7	0.3468
1437	170000	450000	8	0.3628
1438	174000	450000	21	0.3528
1439	178000	450000	30	0.0253
1440	182000	450000	36	0.0114
1441	186000	450000	43	0.0722
1442	190000	450000	49	0.154
1443	194000	450000	72	0.0054
1444	198000	450000	83	0.0015
1445	202000	450000	42	0.1024
1446	206000	450000	8	0.2586
1447	210000	450000	8	0.2107
1448	214000	450000	9	0.2231
1449	218000	450000	13	0.251
1450	222000	450000	17	0.1633
1451	226000	450000	16	0.2028
1452	230000	450000	16	0.2055
1453	234000	450000	18	0.1655
1454	238000	450000	22	0.2265
1455	242000	450000	29	0.1648
1456	246000	450000	34	0.1478
1457	250000	450000	36	0.2063
1458	62000	446000	0	0.05
1459	66000	446000	0	0.0702
1460	70000	446000	1	0.2025
1461	74000	446000	0	0.2665
1462	78000	446000	0	0.204
1463	82000	446000	0	0.3386
1464	86000	446000	0	0.3965
1465	90000	446000	-2	0.2471
1466	94000	446000	-4	0.2364
1467	98000	446000	-4	0.18
1468	102000	446000	-5	0.2234
1469	106000	446000	-2	0.2958
1470	110000	446000	0	0.2487
1471	114000	446000	-1	0.1924
1472	118000	446000	-1	0.1901
1473	122000	446000	0	0.1802
1474	126000	446000	0	0.211
1475	130000	446000	0	0.2382
1476	134000	446000	2	0.3555
1477	138000	446000	0	0.2735
1478	142000	446000	1	0.2562
1479	146000	446000	2	0.202
1480	150000	446000	3	0.1971
1481	154000	446000	4	0.1708
1482	158000	446000	7	0.1738
1483	162000	446000	25	0.0928
1484	166000	446000	10	0.2368
1485	170000	446000	6	0.1917
1486	174000	446000	14	0.2766
1487	178000	446000	34	0.0555
1488	182000	446000	31	0.1462
1489	186000	446000	45	0.1269
1490	190000	446000	56	0.2637
1491	194000	446000	40	0.2636
1492	198000	446000	13	0.2102
1493	202000	446000	8	0.2118
1494	206000	446000	9	0.2635
1495	210000	446000	10	0.1966
1496	214000	446000	11	0.1879
1497	218000	446000	12	0.2213
1498	222000	446000	16	0.2646
1499	226000	446000	17	0.2142
1500	230000	446000	17	0.1846
1501	234000	446000	18	0.2021
1502	238000	446000	23	0.242
1503	242000	446000	30	0.1422
1504	246000	446000	32	0.2131
1505	250000	446000	38	0.1897
1506	254000	446000	47	0.1557
1507	62000	442000	2	0.5479
1508	66000	442000	1	0.5969
1509	70000	442000	0	0.4791
1510	74000	442000	0	0.2416
1511	78000	442000	0	0.1862
1512	82000	442000	-2	0.178
1513	86000	442000	-1	0.1738
1514	90000	442000	-3	0.3219
1515	94000	442000	-2	0.2834
1516	98000	442000	-3	0.3705
1517	102000	442000	-3	0.2902
1518	106000	442000	-1	0.1865
1519	110000	442000	-1	0.1838
1520	114000	442000	-1	0.1865
1521	118000	442000	0	0.1984
1522	122000	442000	0	0.2022
1523	126000	442000	0	0.2713
1524	130000	442000	0	0.2642
1525	134000	442000	0	0.265
1526	138000	442000	0	0.1983
1527	142000	442000	1	0.2258
1528	146000	442000	3	0.2528
1529	150000	442000	4	0.3015
1530	154000	442000	4	0.2669
1531	158000	442000	5	0.223
1532	162000	442000	5	0.2345
1533	166000	442000	10	0.2186
1534	170000	442000	7	0.1887
1535	174000	442000	8	0.309
1536	178000	442000	9	0.2473
1537	182000	442000	10	0.2419
1538	186000	442000	8	0.2611
1539	190000	442000	11	0.3494
1540	194000	442000	11	0.4112
1541	198000	442000	9	0.3288
1542	202000	442000	8	0.1654
1543	206000	442000	9	0.207
1544	210000	442000	12	0.2376
1545	214000	442000	11	0.3076
1546	218000	442000	14	0.3743
1547	222000	442000	16	0.2179
1548	226000	442000	17	0.2025
1549	230000	442000	18	0.1763
1550	234000	442000	19	0.1848
1551	238000	442000	30	0.1677
1552	242000	442000	29	0.1623
1553	246000	442000	37	0.3027
1554	250000	442000	42	0.1787
1555	254000	442000	48	0.1636
1556	58000	438000	0	0
1557	62000	438000	0	0.2013
1558	66000	438000	1	0.2821
1559	70000	438000	0	0.4382
1560	74000	438000	1	0.4884
1561	78000	438000	0	0.273
1562	82000	438000	0	0.2489
1563	86000	438000	1	0.4266
1564	90000	438000	2	0.4323
1565	94000	438000	3	0.3844
1566	98000	438000	0	0.3796
1567	102000	438000	0	0.3198
1568	106000	438000	-1	0.1713
1569	110000	438000	-1	0.1896
1570	114000	438000	0	0.2571
1571	118000	438000	0	0.2825
1572	122000	438000	0	0.2071
1573	126000	438000	0	0.1806
1574	130000	438000	0	0.1698
1575	134000	438000	0	0.1935
1576	138000	438000	0	0.1865
1577	142000	438000	0	0.283
1578	146000	438000	1	0.1901
1579	150000	438000	3	0.19
1580	154000	438000	3	0.1909
1581	158000	438000	4	0.251
1582	162000	438000	4	0.1908
1583	166000	438000	6	0.2272
1584	170000	438000	6	0.2529
1585	174000	438000	6	0.2152
1586	178000	438000	7	0.2094
1587	182000	438000	7	0.2013
1588	186000	438000	7	0.2647
1589	190000	438000	8	0.2302
1590	194000	438000	10	0.2572
1591	198000	438000	10	0.2242
1592	202000	438000	10	0.3058
1593	206000	438000	11	0.2725
1594	210000	438000	14	0.2062
1595	214000	438000	15	0.151
1596	218000	438000	12	0.2391
1597	222000	438000	14	0.2893
1598	226000	438000	16	0.195
1599	230000	438000	18	0.2465
1600	234000	438000	20	0.2113
1601	238000	438000	28	0.2678
1602	242000	438000	35	0.1787
1603	246000	438000	45	0.1646
1604	250000	438000	47	0.1652
1605	62000	434000	0	0.0334
1606	66000	434000	0	0.1764
1607	70000	434000	0	0.2288
1608	74000	434000	0	0.3944
1609	78000	434000	3	0.6012
1610	82000	434000	2	0.6198
1611	86000	434000	2	0.6127
1612	90000	434000	2	0.5985
1613	94000	434000	1	0.4697
1614	98000	434000	0	0.4451
1615	102000	434000	0	0.3631
1616	106000	434000	0	0.2604
1617	110000	434000	-1	0.2238
1618	114000	434000	-1	0.1666
1619	118000	434000	-1	0.1825
1620	122000	434000	0	0.1843
1621	126000	434000	0	0.1932
1622	130000	434000	0	0.1694
1623	134000	434000	0	0.2541
1624	138000	434000	0	0.1993
1625	142000	434000	1	0.2144
1626	146000	434000	2	0.2281
1627	150000	434000	3	0.2556
1628	154000	434000	4	0.2064
1629	158000	434000	5	0.4368
1630	162000	434000	6	0.265
1631	166000	434000	6	0.3089
1632	170000	434000	6	0.3312
1633	174000	434000	7	0.2512
1634	178000	434000	8	0.2643
1635	182000	434000	8	0.2263
1636	186000	434000	8	0.2745
1637	190000	434000	9	0.2594
1638	194000	434000	9	0.2385
1639	198000	434000	11	0.2456
1640	202000	434000	11	0.1743
1641	206000	434000	11	0.1969
1642	210000	434000	25	0.1072
1643	214000	434000	26	0.1806
1644	218000	434000	13	0.2298
1645	222000	434000	13	0.2911
1646	226000	434000	14	0.1936
1647	230000	434000	17	0.2091
1648	234000	434000	20	0.2007
1649	238000	434000	32	0.1703
1650	58000	430000	0	0.0048
1651	62000	430000	0	0.0432
1652	66000	430000	0	0.2082
1653	70000	430000	0	0.2733
1654	74000	430000	-1	0.1854
1655	78000	430000	0	0.3107
1656	82000	430000	0	0.4325
1657	86000	430000	0	0.3409
1658	90000	430000	0	0.3351
1659	94000	430000	0	0.3624
1660	98000	430000	0	0.3559
1661	102000	430000	0	0.3115
1662	106000	430000	0	0.3851
1663	110000	430000	-1	0.1817
1664	114000	430000	-1	0.1957
1665	118000	430000	-1	0.1751
1666	122000	430000	-1	0.1895
1667	126000	430000	0	0.2734
1668	130000	430000	0	0.1621
1669	134000	430000	0	0.1539
1670	138000	430000	0	0.1758
1671	142000	430000	1	0.1863
1672	146000	430000	2	0.2007
1673	150000	430000	3	0.245
1674	154000	430000	3	0.2269
1675	158000	430000	4	0.2411
1676	162000	430000	4	0.1673
1677	166000	430000	5	0.1859
1678	170000	430000	5	0.2006
1679	174000	430000	6	0.1957
1680	178000	430000	7	0.2327
1681	182000	430000	8	0.2984
1682	186000	430000	10	0.4098
1683	190000	430000	9	0.2402
1684	194000	430000	9	0.2407
1685	198000	430000	10	0.1681
1686	202000	430000	11	0.2531
1687	206000	430000	12	0.2894
1688	210000	430000	13	0.2005
1689	214000	430000	15	0.28
1690	218000	430000	13	0.2126
1691	222000	430000	14	0.1956
1692	226000	430000	16	0.176
1693	230000	430000	17	0.2449
1694	50000	426000	0	0.037
1695	54000	426000	1	0.1595
1696	58000	426000	0	0.1427
1697	62000	426000	0	0.2651
1698	66000	426000	0	0.4901
1699	70000	426000	0	0.4612
1700	74000	426000	0	0.1824
1701	78000	426000	0	0.2095
1702	82000	426000	0	0.2684
1703	86000	426000	0	0.2588
1704	90000	426000	0	0.2969
1705	94000	426000	0	0.2499
1706	98000	426000	0	0.2808
1707	102000	426000	0	0.4238
1708	106000	426000	0	0.4329
1709	110000	426000	0	0.401
1710	114000	426000	0	0.2698
1711	118000	426000	0	0.2974
1712	122000	426000	0	0.3168
1713	126000	426000	1	0.3871
1714	130000	426000	0	0.2934
1715	134000	426000	0	0.2603
1716	138000	426000	1	0.2551
1717	142000	426000	2	0.2344
1718	146000	426000	3	0.2981
1719	150000	426000	3	0.2479
1720	154000	426000	3	0.2508
1721	158000	426000	4	0.2197
1722	162000	426000	4	0.2117
1723	166000	426000	5	0.2091
1724	170000	426000	6	0.2011
1725	174000	426000	6	0.2087
1726	178000	426000	8	0.2917
1727	182000	426000	9	0.4048
1728	186000	426000	19	0.4031
1729	190000	426000	56	0.1493
1730	194000	426000	11	0.1631
1731	50000	422000	0	0.0643
1732	54000	422000	0	0.0063
1733	58000	422000	0	0
1734	62000	422000	0	0.1093
1735	66000	422000	0	0.1851
1736	70000	422000	0	0.3787
1737	74000	422000	0	0.4996
1738	78000	422000	0	0.1794
1739	82000	422000	0	0.1676
1740	86000	422000	0	0.1655
1741	90000	422000	0	0.1831
1742	94000	422000	-1	0.179
1743	98000	422000	-1	0.1847
1744	102000	422000	0	0.4427
1745	106000	422000	0	0.3295
1746	110000	422000	0	0.2441
1747	114000	422000	0	0.1731
1748	118000	422000	0	0.2218
1749	122000	422000	0	0.2115
1750	126000	422000	0	0.1909
1751	130000	422000	0	0.259
1752	134000	422000	0	0.2248
1753	138000	422000	1	0.2029
1754	142000	422000	1	0.2044
1755	146000	422000	2	0.2573
1756	150000	422000	3	0.2182
1757	154000	422000	2	0.2116
1758	158000	422000	3	0.1756
1759	162000	422000	4	0.2503
1760	166000	422000	6	0.3419
1761	170000	422000	6	0.1866
1762	174000	422000	7	0.2717
1763	178000	422000	7	0.2754
1764	182000	422000	9	0.1642
1765	186000	422000	11	0.2471
1766	190000	422000	61	0.0704
1767	194000	422000	24	0.2526
1768	42000	418000	0	0.053
1769	46000	418000	0	0.1601
1770	50000	418000	0	0.14
1771	54000	418000	0	0.0579
1772	58000	418000	0	0.013
1773	62000	418000	0	0.0418
1774	66000	418000	0	0.1796
1775	70000	418000	0	0.2218
1776	74000	418000	0	0.2712
1777	78000	418000	0	0.3942
1778	82000	418000	0	0.2114
1779	86000	418000	0	0.212
1780	90000	418000	0	0.2195
1781	94000	418000	0	0.1655
1782	98000	418000	-1	0.2194
1783	102000	418000	-1	0.2289
1784	106000	418000	0	0.1801
1785	110000	418000	0	0.3331
1786	114000	418000	2	0.1371
1787	118000	418000	0	0.1206
1788	122000	418000	0	0.1703
1789	126000	418000	0	0.1662
1790	130000	418000	0	0.1713
1791	134000	418000	0	0.1787
1792	138000	418000	2	0.2975
1793	142000	418000	2	0.2437
1794	146000	418000	2	0.2684
1795	150000	418000	2	0.2179
1796	154000	418000	2	0.1711
1797	158000	418000	2	0.177
1798	162000	418000	6	0.2848
1799	166000	418000	11	0.3975
1800	170000	418000	14	0.1675
1801	174000	418000	9	0.2294
1802	178000	418000	9	0.2481
1803	182000	418000	9	0.2177
1804	186000	418000	9	0.2483
1805	190000	418000	16	0.1863
1806	194000	418000	28	0.1489
1807	198000	418000	40	0.0353
1808	38000	414000	6	0.0344
1809	42000	414000	0	0.1591
1810	46000	414000	0	0.1125
1811	50000	414000	0	0.156
1812	54000	414000	0	0.1675
1813	58000	414000	0	0.1239
1814	62000	414000	0	0.0179
1815	66000	414000	0	0.1033
1816	70000	414000	0	0.1568
1817	74000	414000	0	0.1975
1818	78000	414000	0	0.2389
1819	82000	414000	0	0.4346
1820	86000	414000	0	0.497
1821	90000	414000	0	0.4423
1822	94000	414000	0	0.3296
1823	98000	414000	0	0.2855
1824	102000	414000	0	0.4365
1825	106000	414000	0	0.3958
1826	110000	414000	0	0.2897
1827	114000	414000	0	0.2186
1828	118000	414000	1	0.343
1829	122000	414000	0	0.246
1830	126000	414000	0	0.2185
1831	130000	414000	0	0.2834
1832	134000	414000	0	0.2262
1833	138000	414000	1	0.1933
1834	142000	414000	1	0.2221
1835	146000	414000	2	0.3149
1836	150000	414000	4	0.4246
1837	154000	414000	5	0.3048
1838	158000	414000	5	0.2178
1839	162000	414000	6	0.2349
1840	166000	414000	10	0.2547
1841	170000	414000	20	0.1113
1842	174000	414000	18	0.1869
1843	178000	414000	16	0.1754
1844	182000	414000	10	0.2091
1845	186000	414000	10	0.2345
1846	190000	414000	11	0.2986
1847	194000	414000	12	0.2556
1848	198000	414000	12	0.2059
1849	38000	410000	0	0.0369
1850	42000	410000	0	0.0453
1851	46000	410000	0	0
1852	50000	410000	0	0.0585
1853	54000	410000	0	0.1693
1854	58000	410000	0	0.1682
1855	62000	410000	0	0.1333
1856	66000	410000	0	0.114
1857	70000	410000	0	0.2134
1858	74000	410000	0	0.1027
1859	78000	410000	0	0.1557
1860	82000	410000	0	0.1402
1861	86000	410000	0	0.1559
1862	90000	410000	-1	0.2196
1863	94000	410000	0	0.3168
1864	98000	410000	2	0.4627
1865	102000	410000	0	0.3368
1866	106000	410000	0	0.23
1867	110000	410000	0	0.1988
1868	114000	410000	0	0.2594
1869	118000	410000	0	0.3594
1870	122000	410000	0	0.1963
1871	126000	410000	0	0.2058
1872	130000	410000	1	0.3285
1873	134000	410000	4	0.2814
1874	138000	410000	4	0.2496
1875	142000	410000	3	0.2359
1876	146000	410000	3	0.2323
1877	150000	410000	5	0.3234
1878	154000	410000	4	0.2927
1879	158000	410000	6	0.208
1880	162000	410000	7	0.2094
1881	166000	410000	9	0.2089
1882	170000	410000	17	0.2241
1883	174000	410000	21	0.2258
1884	178000	410000	18	0.2382
1885	182000	410000	17	0.207
1886	186000	410000	10	0.215
1887	190000	410000	11	0.2362
1888	194000	410000	12	0.2921
1889	198000	410000	15	0.1631
1890	202000	410000	14	0.1763
1891	50000	406000	0	0.005
1892	54000	406000	0	0.1859
1893	58000	406000	0	0.1697
1894	62000	406000	0	0.1282
1895	66000	406000	0	0.0927
1896	70000	406000	0	0.1733
1897	74000	406000	0	0.048
1898	78000	406000	0	0.042
1899	82000	406000	0	0.1108
1900	86000	406000	0	0.2274
1901	90000	406000	0	0.1978
1902	94000	406000	0	0.1745
1903	98000	406000	0	0.2231
1904	102000	406000	0	0.2625
1905	106000	406000	0	0.196
1906	110000	406000	0	0.2157
1907	114000	406000	1	0.188
1908	118000	406000	5	0.3826
1909	122000	406000	2	0.2571
1910	126000	406000	2	0.2322
1911	130000	406000	6	0.2175
1912	134000	406000	13	0.0809
1913	138000	406000	11	0.1052
1914	142000	406000	7	0.149
1915	146000	406000	7	0.2269
1916	150000	406000	6	0.2526
1917	154000	406000	6	0.2619
1918	158000	406000	7	0.2197
1919	162000	406000	8	0.2256
1920	166000	406000	8	0.2441
1921	170000	406000	10	0.2778
1922	174000	406000	19	0.3671
1923	178000	406000	20	0.2978
1924	182000	406000	19	0.2036
1925	186000	406000	15	0.1803
1926	190000	406000	14	0.2206
1927	194000	406000	14	0.3003
1928	198000	406000	15	0.1845
1929	202000	406000	16	0.1554
1930	206000	406000	16	0.1745
1931	30000	402000	0	0.0343
1932	34000	402000	0	0.0451
1933	38000	402000	0	0.1029
1934	42000	402000	0	0.0896
1935	46000	402000	0	0.1075
1936	50000	402000	0	0.0675
1937	54000	402000	0	0
1938	58000	402000	0	0.0403
1939	62000	402000	0	0.11
1940	66000	402000	0	0.1327
1941	70000	402000	0	0.1073
1942	74000	402000	0	0.2068
1943	78000	402000	-1	0.1756
1944	82000	402000	0	0.2113
1945	86000	402000	0	0.1615
1946	90000	402000	0	0.2156
1947	94000	402000	0	0.2242
1948	98000	402000	0	0.2269
1949	102000	402000	0	0.2063
1950	106000	402000	1	0.2427
1951	110000	402000	2	0.4734
1952	114000	402000	3	0.3996
1953	118000	402000	8	0.2101
1954	122000	402000	8	0.2463
1955	126000	402000	5	0.2182
1956	130000	402000	9	0.2655
1957	134000	402000	12	0.1892
1958	138000	402000	10	0.2642
1959	142000	402000	8	0.2377
1960	146000	402000	6	0.2113
1961	150000	402000	7	0.221
1962	154000	402000	7	0.1985
1963	158000	402000	9	0.2699
1964	162000	402000	10	0.3395
1965	166000	402000	10	0.3769
1966	170000	402000	10	0.2435
1967	174000	402000	14	0.253
1968	178000	402000	20	0.2096
1969	182000	402000	22	0.2044
1970	186000	402000	22	0.1465
1971	190000	402000	19	0.2383
1972	194000	402000	16	0.2041
1973	198000	402000	14	0.2356
1974	202000	402000	17	0.1424
1975	206000	402000	21	0.266
1976	22000	398000	0	0.0783
1977	26000	398000	0	0.1772
1978	30000	398000	0	0.1936
1979	34000	398000	0	0.147
1980	38000	398000	0	0.1433
1981	42000	398000	0	0.1278
1982	46000	398000	0	0.1489
1983	50000	398000	0	0.1202
1984	54000	398000	0	0.0003
1985	58000	398000	0	0.019
1986	62000	398000	0	0.1389
1987	66000	398000	-1	0.1846
1988	70000	398000	-2	0.1677
1989	74000	398000	0	0.2242
1990	78000	398000	0	0.1688
1991	82000	398000	0	0.2046
1992	86000	398000	0	0.1853
1993	90000	398000	0	0.325
1994	94000	398000	3	0.2612
1995	98000	398000	5	0.2437
1996	102000	398000	6	0.4144
1997	106000	398000	5	0.2413
1998	110000	398000	4	0.3358
1999	114000	398000	5	0.334
2000	118000	398000	6	0.2582
2001	122000	398000	12	0.3455
2002	126000	398000	9	0.3213
2003	130000	398000	15	0.3116
2004	134000	398000	14	0.4573
2005	138000	398000	12	0.2937
2006	142000	398000	11	0.225
2007	146000	398000	10	0.0624
2008	150000	398000	8	0.2778
2009	154000	398000	9	0.2394
2010	158000	398000	9	0.2411
2011	162000	398000	11	0.2375
2012	166000	398000	11	0.22
2013	170000	398000	12	0.202
2014	174000	398000	13	0.2228
2015	178000	398000	21	0.2629
2016	182000	398000	24	0.1833
2017	186000	398000	25	0.1784
2018	190000	398000	24	0.1726
2019	194000	398000	23	0.1695
2020	198000	398000	17	0.1752
2021	202000	398000	14	0.1821
2022	206000	398000	20	0.0921
2023	22000	394000	0	0.1461
2024	26000	394000	0	0.1882
2025	30000	394000	0	0.198
2026	34000	394000	0	0.2463
2027	38000	394000	0	0.0894
2028	42000	394000	0	0.1491
2029	46000	394000	0	0.1674
2030	50000	394000	0	0.2129
2031	54000	394000	0	0.1348
2032	58000	394000	0	0.1192
2033	62000	394000	0	0.021
2034	66000	394000	0	0.0925
2035	70000	394000	0	0.1503
2036	74000	394000	0	0.2952
2037	78000	394000	4	0.2774
2038	82000	394000	2	0.2153
2039	86000	394000	3	0.2391
2040	90000	394000	5	0.4342
2041	94000	394000	7	0.3177
2042	98000	394000	11	0.2543
2043	102000	394000	9	0.2173
2044	106000	394000	7	0.2195
2045	110000	394000	6	0.1797
2046	114000	394000	6	0.1969
2047	118000	394000	11	0.1449
2048	122000	394000	16	0.1538
2049	126000	394000	14	0.2427
2050	130000	394000	15	0.2772
2051	134000	394000	15	0.3091
2052	138000	394000	14	0.1494
2053	142000	394000	10	0.2278
2054	146000	394000	10	0.1856
2055	150000	394000	12	0.1905
2056	154000	394000	13	0.1633
2057	158000	394000	13	0.2153
2058	162000	394000	13	0.2137
2059	166000	394000	13	0.1917
2060	170000	394000	14	0.2695
2061	174000	394000	14	0.2452
2062	178000	394000	20	0.1917
2063	182000	394000	30	0.0382
2064	186000	394000	28	0.1655
2065	190000	394000	30	0.1687
2066	194000	394000	24	0.2199
2067	198000	394000	24	0.34
2068	202000	394000	18	0.2338
2069	206000	394000	17	0.172
2070	210000	394000	23	0.1005
2071	26000	390000	0	0.1595
2072	30000	390000	0	0.287
2073	34000	390000	0	0.3715
2074	38000	390000	0	0.2319
2075	42000	390000	0	0.1769
2076	46000	390000	0	0.2157
2077	50000	390000	0	0.3049
2078	54000	390000	0	0.2317
2079	58000	390000	-1	0.2471
2080	62000	390000	0	0.1673
2081	74000	390000	0	0.0522
2082	78000	390000	3	0.4257
2083	82000	390000	10	0.1696
2084	86000	390000	8	0.22
2085	90000	390000	7	0.2435
2086	94000	390000	11	0.1406
2087	98000	390000	12	0.1578
2088	102000	390000	10	0.1635
2089	106000	390000	8	0.228
2090	110000	390000	6	0.2607
2091	114000	390000	9	0.1676
2092	118000	390000	12	0.2294
2093	122000	390000	23	0.1109
2094	126000	390000	22	0.1797
2095	130000	390000	19	0.1423
2096	134000	390000	17	0.1359
2097	138000	390000	14	0.2425
2098	142000	390000	12	0.1784
2099	146000	390000	14	0.1838
2100	150000	390000	16	0.2528
2101	154000	390000	17	0.2971
2102	158000	390000	18	0.2852
2103	162000	390000	16	0.334
2104	166000	390000	15	0.2125
2105	170000	390000	18	0.1997
2106	174000	390000	17	0.2852
2107	178000	390000	20	0.189
2108	182000	390000	24	0.1946
2109	186000	390000	27	0.2543
2110	190000	390000	30	0.2104
2111	194000	390000	28	0.2279
2112	198000	390000	25	0.209
2113	202000	390000	22	0.2221
2114	206000	390000	18	0.1839
2115	210000	390000	19	0.1647
2116	214000	390000	32	0.1496
2117	26000	386000	0	0.0618
2118	30000	386000	0	0.3173
2119	34000	386000	0	0.1436
2120	38000	386000	2	0.3875
2121	42000	386000	0	0.193
2122	46000	386000	0	0.1959
2123	50000	386000	0	0.197
2124	54000	386000	0	0.1319
2125	58000	386000	0	0.1884
2126	62000	386000	0	0.2023
2127	74000	386000	0	0.1191
2128	78000	386000	0	0.071
2129	82000	386000	18	0.1569
2130	86000	386000	13	0.1557
2131	90000	386000	12	0.2701
2132	94000	386000	13	0.234
2133	98000	386000	12	0.1869
2134	102000	386000	10	0.2285
2135	106000	386000	10	0.2099
2136	110000	386000	9	0.2449
2137	114000	386000	13	0.1895
2138	118000	386000	16	0.2191
2139	122000	386000	22	0.2034
2140	126000	386000	23	0.2103
2141	130000	386000	23	0.176
2142	134000	386000	26	0.0665
2143	138000	386000	18	0.2167
2144	142000	386000	17	0.1922
2145	146000	386000	19	0.186
2146	150000	386000	21	0.0921
2147	154000	386000	19	0.4331
2148	158000	386000	19	0.3292
2149	162000	386000	18	0.3848
2150	166000	386000	17	0.3032
2151	170000	386000	18	0.2522
2152	174000	386000	18	0.408
2153	178000	386000	22	0.2958
2154	182000	386000	25	0.2998
2155	186000	386000	28	0.257
2156	190000	386000	31	0.1989
2157	194000	386000	30	0.2009
2158	198000	386000	27	0.1636
2159	202000	386000	24	0.2639
2160	206000	386000	23	0.148
2161	210000	386000	20	0.1782
2162	214000	386000	31	0.1662
2163	26000	382000	0	0.0572
2164	30000	382000	0	0.0155
2165	38000	382000	0	0.0479
2166	42000	382000	0	0.1254
2167	46000	382000	0	0.1906
2168	50000	382000	0	0.1715
2169	54000	382000	0	0.0255
2170	58000	382000	0	0.0068
2171	62000	382000	0	0.0685
2172	66000	382000	0	0.168
2173	70000	382000	0	0.1571
2174	74000	382000	0	0.1889
2175	78000	382000	0	0.1658
2176	82000	382000	19	0.2358
2177	86000	382000	18	0.1362
2178	98000	382000	13	0.1634
2179	102000	382000	12	0.2071
2180	106000	382000	12	0.1839
2181	110000	382000	13	0.2272
2182	114000	382000	15	0.1916
2183	118000	382000	18	0.179
2184	122000	382000	25	0.2016
2185	126000	382000	26	0.1936
2186	130000	382000	27	0.1968
2187	134000	382000	28	0.1193
2188	138000	382000	27	0.0821
2189	142000	382000	24	0.1221
2190	146000	382000	23	0.1697
2191	150000	382000	25	0.1314
2192	154000	382000	22	0.3258
2193	158000	382000	19	0.4658
2194	162000	382000	19	0.3982
2195	166000	382000	20	0.3549
2196	170000	382000	24	0.1179
2197	174000	382000	23	0.1654
2198	178000	382000	22	0.2247
2199	182000	382000	25	0.2072
2200	186000	382000	29	0.2069
2201	190000	382000	32	0.0444
2202	194000	382000	31	0.1954
2203	198000	382000	28	0.228
2204	202000	382000	25	0.2509
2205	206000	382000	24	0.2225
2206	210000	382000	20	0.1911
2207	214000	382000	23	0.1926
2208	14000	378000	0	0.0337
2209	18000	378000	1	0.1268
2210	22000	378000	0	0.1661
2211	26000	378000	0	0.1817
2212	30000	378000	0	0.1397
2213	34000	378000	0	0.0619
2214	38000	378000	0	0.0084
2215	42000	378000	0	0
2216	46000	378000	0	0.0405
2217	50000	378000	0	0.0239
2218	54000	378000	0	0.0055
2219	58000	378000	0	0.1916
2220	62000	378000	0	0.0463
2221	66000	378000	0	0.0051
2222	70000	378000	0	0.0195
2223	74000	378000	0	0.0877
2224	78000	378000	0	0.2416
2225	82000	378000	12	0.1325
2226	86000	378000	23	0.0232
2227	122000	378000	24	0.1936
2228	134000	378000	33	0.0899
2229	138000	378000	27	0.2189
2230	142000	378000	28	0.242
2231	146000	378000	26	0.2294
2232	150000	378000	26	0.1997
2233	154000	378000	25	0.1918
2234	158000	378000	20	0.2787
2235	162000	378000	24	0.137
2236	166000	378000	24	0.1616
2237	170000	378000	23	0.098
2238	174000	378000	25	0.0866
2239	178000	378000	25	0.3017
2240	182000	378000	25	0.2288
2241	186000	378000	28	0.184
2242	190000	378000	32	0.1476
2243	194000	378000	33	0.1698
2244	198000	378000	31	0.2096
2245	202000	378000	27	0.266
2246	206000	378000	24	0.3672
2247	210000	378000	22	0.3472
2248	214000	378000	36	0.2295
2249	14000	374000	1	0.1643
2250	18000	374000	0	0.1636
2251	22000	374000	0	0.1867
2252	26000	374000	0	0.1726
2253	30000	374000	0	0.1679
2254	34000	374000	0	0.1665
2255	38000	374000	0	0.1358
2256	42000	374000	0	0.316
2257	46000	374000	0	0.2229
2258	50000	374000	0	0.0861
2259	54000	374000	0	0.1569
2260	58000	374000	0	0.1566
2261	62000	374000	0	0.1619
2262	66000	374000	0	0.0926
2263	70000	374000	2	0.0027
2264	74000	374000	1	0.041
2265	82000	374000	4	0.2401
2266	86000	374000	13	0.2137
2267	138000	374000	30	0.2278
2268	142000	374000	31	0.2677
2269	146000	374000	30	0.2148
2270	150000	374000	29	0.2826
2271	154000	374000	28	0.17
2272	158000	374000	24	0.2549
2273	162000	374000	26	0.2058
2274	166000	374000	26	0.1529
2275	170000	374000	25	0.2055
2276	174000	374000	26	0.1616
2277	178000	374000	26	0.2384
2278	182000	374000	26	0.1857
2279	186000	374000	28	0.1016
2280	190000	374000	33	0.232
2281	194000	374000	34	0.2231
2282	198000	374000	30	0.22
2283	202000	374000	28	0.1848
2284	206000	374000	22	0.2735
2285	210000	374000	34	0.3599
2286	214000	374000	44	0.1081
2287	14000	370000	0	0.2016
2288	18000	370000	0	0.1618
2289	22000	370000	0	0.1444
2290	26000	370000	0	0.165
2291	30000	370000	0	0.1713
2292	34000	370000	0	0.1665
2293	38000	370000	0	0.1481
2294	42000	370000	0	0.1672
2295	46000	370000	0	0.3541
2296	50000	370000	0	0.1944
2297	54000	370000	0	0.1733
2298	58000	370000	0	0.1672
2299	62000	370000	0	0.1632
2300	66000	370000	0	0.162
2301	70000	370000	1	0.1581
2302	138000	370000	28	0.1901
2303	142000	370000	39	0.0725
2304	146000	370000	40	0.0297
2305	150000	370000	32	0.2021
2306	154000	370000	29	0.23
2307	158000	370000	29	0.1205
2308	162000	370000	28	0.0938
2309	166000	370000	26	0.1534
2310	170000	370000	28	0.2061
2311	174000	370000	32	0.0967
2312	178000	370000	27	0.1923
2313	182000	370000	28	0.1876
2314	186000	370000	29	0.1914
2315	190000	370000	31	0.1863
2316	194000	370000	32	0.2285
2317	198000	370000	34	0.2151
2318	202000	370000	28	0.1474
2319	206000	370000	24	0.3243
2320	210000	370000	50	0.2
2321	18000	366000	0	0.1955
2322	22000	366000	0	0.1677
2323	26000	366000	0	0.1726
2324	38000	366000	0	0.1824
2325	42000	366000	0	0.1824
2326	46000	366000	0	0.3318
2327	50000	366000	0	0.207
2328	54000	366000	0	0.1777
2329	58000	366000	1	0.1534
2330	62000	366000	1	0.2784
2331	66000	366000	1	0.1925
2332	142000	366000	41	0.0999
2333	146000	366000	41	0.0828
2334	150000	366000	36	0.1919
2335	154000	366000	34	0.1657
2336	158000	366000	31	0.147
2337	162000	366000	31	0.1526
2338	166000	366000	30	0.1809
2339	170000	366000	30	0.2101
2340	174000	366000	34	0.1365
2341	178000	366000	31	0.2577
2342	182000	366000	32	0.2177
2343	186000	366000	30	0.1795
2344	190000	366000	30	0.1367
2345	194000	366000	29	0.1576
2346	198000	366000	28	0.19
2347	202000	366000	25	0.2533
2348	206000	366000	26	0.1349
2349	22000	362000	1	0.2195
2350	42000	362000	0	0.2214
2351	46000	362000	0	0.2357
2352	50000	362000	1	0.1598
2353	54000	362000	1	0.1789
2354	58000	362000	2	0.1999
2355	62000	362000	5	0.2187
2356	146000	362000	45	0.123
2357	150000	362000	45	0.2322
2358	166000	362000	34	0.309
2359	170000	362000	33	0.1669
2360	174000	362000	35	0.2274
2361	178000	362000	33	0.3384
2362	182000	362000	30	0.144
2363	186000	362000	29	0.2122
2364	190000	362000	29	0.2238
2365	194000	362000	28	0.1594
2366	198000	362000	20	0.2052
2367	202000	362000	26	0.1615
2368	46000	358000	3	0.296
2369	50000	358000	2	0.2052
2370	54000	358000	2	0.1783
2371	170000	358000	35	0.1157
2372	174000	358000	33	0.1708
2373	178000	358000	31	0.2269
2374	182000	358000	29	0.2073
2375	186000	358000	28	0.226
2376	190000	358000	28	0.1591
2377	194000	358000	23	0.2121
2378	198000	358000	22	0.3667
2379	202000	358000	29	0.1212
2380	174000	354000	34	0.1603
2381	178000	354000	31	0.2319
2382	182000	354000	30	0.2116
2383	186000	354000	28	0.2776
2384	190000	354000	23	0.2542
2385	194000	354000	20	0.2795
2386	198000	354000	24	0.299
2387	202000	354000	30	0.2142
2388	206000	354000	66	0.0741
2389	210000	354000	83	0.1009
2390	186000	350000	23	0.1908
2391	190000	350000	26	0.2778
2392	194000	350000	28	0.18
2393	198000	350000	29	0.1459
2394	202000	350000	29	0.2076
2395	206000	350000	43	0.0916
2396	186000	346000	26	0.2291
2397	190000	346000	29	0.289
2398	194000	346000	29	0.1969
2399	198000	346000	37	0.1542
2400	202000	346000	33	0.2251
2401	182000	342000	30	0.2223
2402	186000	342000	28	0.3179
2403	190000	342000	32	0.2213
2404	194000	342000	50	0.1464
2405	182000	338000	32	0.2304
2406	186000	338000	35	0.3028
2407	190000	338000	39	0.2717
2408	194000	338000	55	0.1868
2409	182000	334000	47	0.3139
2410	186000	334000	56	0.3449
2411	190000	334000	53	0.3126
2412	194000	334000	61	0.1644
2413	198000	334000	71	0.2043
2414	178000	330000	39	0.3215
2415	182000	330000	63	0.4535
2416	186000	330000	67	0.3666
2417	190000	330000	93	0.2064
2418	194000	330000	88	0.2203
2419	198000	330000	78	0.2412
2420	178000	326000	41	0.265
2421	182000	326000	104	0.3157
2422	186000	326000	115	0.2448
2423	190000	326000	90	0.2415
2424	194000	326000	92	0.3801
2425	198000	326000	106	0.1346
2426	202000	326000	122	0.2435
2427	174000	322000	59	0.3427
2428	178000	322000	45	0.3427
2429	182000	322000	98	0.2356
2430	186000	322000	128	0.2381
2431	190000	322000	109	0.1948
2432	194000	322000	93	0.3027
2433	198000	322000	134	0.3597
2434	202000	322000	132	0.3285
2435	174000	318000	71	0.3524
2436	178000	318000	50	0.4337
2437	182000	318000	112	0.1908
2438	186000	318000	136	0.202
2439	190000	318000	121	0.2174
2440	194000	318000	168	0.2282
2441	198000	318000	168	0.3822
2442	202000	318000	158	0.2972
2443	174000	314000	92	0.2146
2444	178000	314000	51	0.323
2445	182000	314000	128	0.2067
2446	186000	314000	164	0.2481
2447	190000	314000	135	0.2095
2448	194000	314000	134	0.2033
2449	198000	314000	177	0.2145
2450	178000	310000	57	0.2923
2451	182000	310000	130	0.2004
2452	186000	310000	178	0.2114
2453	190000	310000	183	0.1508
2454	194000	310000	162	0.1356
2455	198000	310000	196	0.1804
2456	178000	306000	77	0.2991
2457	186000	306000	200	0.1858
2458	190000	306000	209	0.1775
2459	194000	306000	178	0.2395
2460	198000	306000	226	0.1873
