ID	XLAMB	YLAMB	ALT	BETA
1	226000	618000	0	0.0540559
2	230000	618000	0	0.0590973
3	234000	618000	0	0.0639347
4	206000	614000	0	0.0567237
5	210000	614000	0	0.0464874
6	214000	614000	0	0.0467416
7	218000	614000	0	0.0448635
8	174000	610000	0	0.0622158
9	178000	610000	0	0.0668273
10	182000	610000	0	0.0618467
11	186000	610000	0	0.0597906
12	190000	610000	0	0.0528569
13	206000	610000	0	0.0260661
14	210000	610000	0	0.0391189
15	242000	610000	0	0.0758847
16	246000	610000	0	0.0479154
17	250000	610000	0	0.103148
18	158000	606000	0	0.0558679
19	162000	606000	0	0.047715
20	166000	606000	0	0.0637581
21	170000	606000	0	0.0544913
22	174000	606000	0	0.00744178
23	178000	606000	0	0.0333038
24	182000	606000	0	0.0445335
25	186000	606000	0	0.0563113
26	190000	606000	0	0.0665265
27	194000	606000	0	0.0687795
28	206000	606000	0	0.0650168
29	210000	606000	0	0.0687795
30	226000	606000	0	0.0639602
31	230000	606000	0	0.0564667
32	234000	606000	0	0.0423161
33	238000	606000	0	0.0104069
34	242000	606000	0	0.0010855
35	246000	606000	0	0.0152748
36	250000	606000	0	0.103638
37	254000	606000	0	0.175073
38	142000	602000	0	0.0598298
39	146000	602000	0	0.0382451
40	150000	602000	2	0.0201028
41	154000	602000	1	0.0208067
42	158000	602000	0	0.0389456
43	186000	602000	0	0.0687795
44	190000	602000	0	0.0675487
45	194000	602000	0	0.0506144
46	198000	602000	0	0.0343219
47	202000	602000	0	0.0322856
48	206000	602000	0	0.0507506
49	210000	602000	0	0.0751371
50	214000	602000	0	0.0576051
51	218000	602000	0	0.0391059
52	222000	602000	0	0.0157535
53	226000	602000	0	0.000881866
54	230000	602000	0	0.00654957
55	234000	602000	0	0.0190166
56	238000	602000	0	0.0194295
57	242000	602000	0	0.0356547
58	246000	602000	0	0.0055822
59	250000	602000	0	0.0143344
60	254000	602000	0	0.0321983
61	142000	598000	2	0.0289944
62	146000	598000	0	0.0565801
63	150000	598000	0	0.0551395
64	182000	598000	0	0.0654147
65	186000	598000	0	0.0342602
66	190000	598000	0	0.0132794
67	194000	598000	0	0.00751705
68	198000	598000	0	0.00860025
69	202000	598000	0	0.00638324
70	206000	598000	0	0.0450679
71	210000	598000	0	0.0430742
72	214000	598000	0	0.0219549
73	218000	598000	0	0.01389
74	222000	598000	0	0.017065
75	226000	598000	0	0.0139403
76	230000	598000	0	0.0133045
77	234000	598000	0	0
78	238000	598000	0	0.0168256
79	242000	598000	0	0
80	246000	598000	0	0.00511565
81	250000	598000	0	0
82	254000	598000	0	0.0179615
83	138000	594000	0	0.0687795
84	174000	594000	0	0.0610518
85	178000	594000	0	0.0381017
86	182000	594000	0	0.0165504
87	186000	594000	0	0.00861477
88	190000	594000	0	0
89	194000	594000	0	0.0936532
90	198000	594000	0	0.0547762
91	202000	594000	0	0
92	206000	594000	0	0.0201025
93	210000	594000	0	0.052326
94	214000	594000	0	0.0268997
95	218000	594000	0	0.0136649
96	222000	594000	0	0.00133503
97	226000	594000	0	0.000712063
98	230000	594000	0	0.0434025
99	234000	594000	0	0.00179138
100	238000	594000	-1	0.00472469
101	242000	594000	0	0.00900371
102	246000	594000	0	0.0182704
103	250000	594000	0	0.00529829
104	254000	594000	0	0.100519
105	258000	594000	0	0.305443
106	262000	594000	0	0.19013
107	130000	590000	0	0.044576
108	134000	590000	0	0.0560877
109	138000	590000	0	0.0590441
110	170000	590000	0	0.0157249
111	174000	590000	0	0.00526883
112	178000	590000	0	0
113	182000	590000	0	0.0169533
114	186000	590000	0	0.00738826
115	190000	590000	0	0.0012245
116	194000	590000	0	0.03239
117	198000	590000	0	0.0190122
118	202000	590000	0	0.00659835
119	206000	590000	0	0.029886
120	210000	590000	0	0
121	214000	590000	0	4.49E-05
122	218000	590000	0	0.0357151
123	222000	590000	0	0.00518098
124	226000	590000	0	0.00447991
125	230000	590000	0	0.00534894
126	234000	590000	0	0.0298497
127	238000	590000	-1	0.0210986
128	242000	590000	-1	0.0229156
129	246000	590000	-1	0.00977728
130	250000	590000	-1	0.0173123
131	254000	590000	-2	0.00298361
132	258000	590000	-2	0.00255354
133	262000	590000	-2	0.0623953
134	266000	590000	-1	0.027133
135	270000	590000	0	0.0664922
136	126000	586000	0	0.0452001
137	166000	586000	0	0.0156392
138	170000	586000	0	0.0215552
139	174000	586000	0	0.049329
140	178000	586000	0	0.0176668
141	182000	586000	0	0.0316166
142	186000	586000	0	0
143	190000	586000	0	0.0187792
144	194000	586000	-1	0.0209077
145	198000	586000	0	0.0403331
146	202000	586000	1	0.018347
147	206000	586000	0	0.0606534
148	210000	586000	0	0.00154591
149	214000	586000	0	0.00230704
150	218000	586000	0	0.0396818
151	222000	586000	0	0.0894505
152	226000	586000	0	0.0137336
153	230000	586000	0	0.0408278
154	234000	586000	0	0.0596879
155	238000	586000	-1	0.0207404
156	242000	586000	-1	0.00513655
157	246000	586000	-1	0.00081452
158	250000	586000	-2	0.0127458
159	254000	586000	-2	0.0229334
160	258000	586000	-3	0.0295882
161	262000	586000	-2	0.00608451
162	266000	586000	-1	0.00247059
163	270000	586000	0	0.0423883
164	274000	586000	0	0.0620061
165	122000	582000	0	0.0321875
166	126000	582000	0	0.0577264
167	158000	582000	0	0.0587701
168	162000	582000	0	0.0163179
169	166000	582000	0	0.0132522
170	170000	582000	0	0.000628147
171	174000	582000	0	0.0291377
172	178000	582000	0	0.158456
173	182000	582000	0	0.136703
174	186000	582000	-1	0.0581177
175	190000	582000	-1	0.0403427
176	194000	582000	0	0.0564798
177	198000	582000	0	0.0485609
178	202000	582000	0	0.0543355
179	206000	582000	0	0.00853785
180	210000	582000	0	0.00915699
181	214000	582000	0	0.0326461
182	218000	582000	0	0.0157826
183	222000	582000	0	0.00202933
184	226000	582000	0	0.00887358
185	230000	582000	0	0.229975
186	234000	582000	1	0.330921
187	238000	582000	0	0.23418
188	242000	582000	-1	0.0191267
189	246000	582000	-1	0.000906304
190	250000	582000	-1	0.0230915
191	254000	582000	-2	0.0016873
192	258000	582000	-2	0.000128531
193	262000	582000	-1	0.000361615
194	266000	582000	0	0.0178638
195	270000	582000	0	0.00591447
196	274000	582000	-1	0.00030948
197	278000	582000	0	0.00187001
198	118000	578000	0	0.0581759
199	122000	578000	0	0.0672663
200	158000	578000	0	0.191939
201	162000	578000	0	0.0354084
202	166000	578000	0	0.142665
203	170000	578000	0	0.00717213
204	174000	578000	0	0.0170995
205	178000	578000	0	0.0705649
206	182000	578000	0	0.255979
207	186000	578000	-1	0.203452
208	190000	578000	-1	0.000434515
209	194000	578000	0	0.0899226
210	198000	578000	0	0.053556
211	202000	578000	1	0.0415186
212	206000	578000	0	0.0987613
213	210000	578000	0	0.0388552
214	214000	578000	0	0.0108358
215	218000	578000	0	0.00425374
216	222000	578000	0	0.0931618
217	226000	578000	0	0.0271512
218	230000	578000	0	0.0674218
219	234000	578000	0	0.149044
220	238000	578000	0	0.118735
221	242000	578000	0	0.100484
222	246000	578000	0	0.133151
223	250000	578000	0	0.0214221
224	254000	578000	0	0.0732531
225	258000	578000	-1	0.0158487
226	262000	578000	0	0.0738583
227	266000	578000	-2	0.0653317
228	270000	578000	-1	0.039127
229	274000	578000	-1	0.0157672
230	278000	578000	-1	0.029297
231	118000	574000	0	0.0173392
232	122000	574000	0	0.0413642
233	158000	574000	0	0.0683854
234	162000	574000	0	0
235	166000	574000	0	0.00470151
236	170000	574000	0	0.0108133
237	174000	574000	0	0
238	178000	574000	0	0
239	182000	574000	0	0.0254067
240	186000	574000	-1	0.0304114
241	190000	574000	-1	0.0208175
242	194000	574000	0	0.01834
243	198000	574000	0	0.00958329
244	202000	574000	0	0.0169868
245	206000	574000	2	0
246	210000	574000	2	0.00290599
247	214000	574000	1	0.0681248
248	218000	574000	1	0.00284585
249	222000	574000	2	0.106859
250	226000	574000	0	0.114879
251	230000	574000	0	0.0271038
252	234000	574000	1	0.0658901
253	238000	574000	2	0.0439288
254	242000	574000	0	0.0419941
255	246000	574000	0	0.0957722
256	250000	574000	0	0.0826805
257	254000	574000	0	0.0596273
258	258000	574000	-1	0.0219247
259	262000	574000	-1	0.0250717
260	266000	574000	0	0.20493
261	270000	574000	-1	0.00264737
262	274000	574000	-2	0.00752449
263	114000	570000	0	0.0356175
264	118000	570000	0	0.0425705
265	122000	570000	0	0.0317014
266	154000	570000	0	0.0740138
267	158000	570000	0	0.00338734
268	162000	570000	0	0.0139727
269	166000	570000	0	0.000914956
270	170000	570000	0	0.0181856
271	174000	570000	0	0
272	178000	570000	0	0.00809652
273	182000	570000	0	0.00535734
274	186000	570000	-1	0.0236164
275	190000	570000	0	0.0337948
276	194000	570000	0	0.0212941
277	198000	570000	0	0.0576489
278	202000	570000	1	0.299622
279	206000	570000	2	0.14025
280	210000	570000	2	0.000161409
281	214000	570000	3	0.00952971
282	218000	570000	3	0.00815821
283	222000	570000	4	0.0156743
284	226000	570000	3	0.00116744
285	230000	570000	2	0
286	234000	570000	3	0.08902
287	238000	570000	3	0.0257088
288	242000	570000	0	0.0387375
289	246000	570000	0	0.000367361
290	250000	570000	0	1.54E-05
291	254000	570000	0	0.246545
292	258000	570000	0	0.0376999
293	262000	570000	0	0.0444114
294	266000	570000	-1	0.0382243
295	270000	570000	-1	0.00736658
296	274000	570000	0	0.0221369
297	278000	570000	0	0.000211514
298	110000	566000	0	0.0557781
299	114000	566000	0	0.00959788
300	118000	566000	0	1.27E-05
301	122000	566000	0	0.0374853
302	150000	566000	0	0.0687795
303	154000	566000	0	0.0801391
304	158000	566000	0	0.00183766
305	162000	566000	0	0.0389386
306	166000	566000	0	0.0263286
307	170000	566000	0	0.00529986
308	174000	566000	0	0.00302641
309	178000	566000	0	0
310	182000	566000	0	0.0125696
311	186000	566000	0	0.0713486
312	190000	566000	0	0.00580468
313	194000	566000	-1	0.003747
314	198000	566000	-1	0.0293931
315	202000	566000	1	0.0651459
316	206000	566000	1	0.0284114
317	210000	566000	3	0.00125043
318	214000	566000	5	0.00875154
319	218000	566000	5	0.0365264
320	222000	566000	5	0.00164165
321	226000	566000	8	0.0421941
322	230000	566000	7	5.43E-06
323	234000	566000	6	0.038386
324	238000	566000	6	0.0348993
325	242000	566000	8	0.0466717
326	246000	566000	0	0.00853565
327	250000	566000	0	0
328	254000	566000	0	0.0742646
329	258000	566000	0	0.0140978
330	262000	566000	0	0.0590147
331	266000	566000	0	0.00077952
332	270000	566000	0	0.0232991
333	274000	566000	0	0.000239748
334	278000	566000	0	0.0176242
335	110000	562000	0	0.0315879
336	114000	562000	0	0.0341258
337	118000	562000	0	0.0491489
338	146000	562000	0	0.0687795
339	154000	562000	0	0.0641232
340	158000	562000	0	0.0187097
341	162000	562000	0	0.0279952
342	166000	562000	0	0.0200916
343	170000	562000	0	0.0815503
344	174000	562000	0	0.135326
345	178000	562000	-1	0.0153708
346	182000	562000	0	0.0363441
347	186000	562000	0	0.0474235
348	190000	562000	0	0.00918899
349	194000	562000	-1	0.00777666
350	198000	562000	-1	6.69E-06
351	202000	562000	2	0.0144205
352	206000	562000	3	0
353	210000	562000	4	0.0125035
354	214000	562000	5	0
355	218000	562000	5	0
356	222000	562000	7	0.0403729
357	226000	562000	9	0.0354425
358	230000	562000	10	9.85E-06
359	234000	562000	10	0.0571413
360	238000	562000	7	0.0096795
361	242000	562000	10	0.0127171
362	246000	562000	9	0.0125294
363	250000	562000	1	0.000241962
364	254000	562000	2	0.00832426
365	258000	562000	1	0.00906139
366	262000	562000	1	0.0107771
367	266000	562000	2	0.0137007
368	270000	562000	0	0.00969549
369	274000	562000	1	0.00527285
370	278000	562000	1	0.00478499
371	110000	558000	0	0.0314155
372	114000	558000	0	0.0274842
373	142000	558000	0	0.0965694
374	154000	558000	0	0.0685467
375	158000	558000	0	0.00483656
376	162000	558000	0	0.00310851
377	166000	558000	0	0.00811211
378	170000	558000	0	0.02452
379	174000	558000	0	0.152452
380	178000	558000	0	0.0349513
381	182000	558000	0	0.0119764
382	186000	558000	0	2.34E-05
383	190000	558000	0	0.0191686
384	194000	558000	-1	0.00385283
385	198000	558000	-1	0.041502
386	202000	558000	0	0.0526094
387	206000	558000	3	0.0113411
388	210000	558000	3	0.00422957
389	214000	558000	4	0.0303076
390	218000	558000	6	0.012703
391	222000	558000	9	0.0481761
392	226000	558000	10	0.0221368
393	230000	558000	10	0.064226
394	234000	558000	11	0.289719
395	238000	558000	10	0.0280342
396	242000	558000	11	0.00143115
397	246000	558000	17	0.0722188
398	250000	558000	2	0.00169709
399	254000	558000	2	0.0240121
400	258000	558000	3	0.0450787
401	262000	558000	3	0.0743787
402	266000	558000	2	0
403	270000	558000	1	0.00258329
404	274000	558000	2	0.00796704
405	278000	558000	3	0.00347927
406	110000	554000	0	0.0955625
407	114000	554000	0	0.174965
408	138000	554000	0	0.0687795
409	158000	554000	0	0.0686166
410	162000	554000	0	0.0161486
411	166000	554000	0	0.0149398
412	170000	554000	0	0.0845291
413	174000	554000	0	0.00900536
414	178000	554000	0	0.0238157
415	182000	554000	0	0.115222
416	186000	554000	0	0.067513
417	190000	554000	0	0.304212
418	194000	554000	0	0.0558419
419	198000	554000	0	0
420	202000	554000	1	0.00144468
421	206000	554000	2	0
422	210000	554000	4	0
423	214000	554000	5	0.0186148
424	218000	554000	6	0.0618751
425	222000	554000	9	0.0209023
426	226000	554000	10	0.0189975
427	230000	554000	12	0.0209156
428	234000	554000	10	0.0584115
429	238000	554000	12	0.0112389
430	242000	554000	14	0.0082363
431	246000	554000	24	0.00530766
432	250000	554000	16	0.0153938
433	254000	554000	4	0.00612719
434	258000	554000	4	0.0374406
435	262000	554000	5	0.143892
436	266000	554000	4	0
437	270000	554000	5	0.00725393
438	274000	554000	4	0.00584063
439	110000	550000	0	0.0744801
440	114000	550000	0	0.353228
441	126000	550000	0	0.0593244
442	130000	550000	0	0.074842
443	134000	550000	0	0.0689104
444	154000	550000	0	0.0710878
445	158000	550000	0	0.013091
446	162000	550000	0	0.0205024
447	166000	550000	0	0.0390669
448	170000	550000	0	0.0479558
449	174000	550000	0	0.0345939
450	178000	550000	0	0.0173311
451	182000	550000	0	0.010029
452	186000	550000	0	0.0130781
453	190000	550000	0	0.0700782
454	194000	550000	1	0.114013
455	198000	550000	0	0.0089532
456	202000	550000	0	0.00589215
457	206000	550000	2	0.0106871
458	210000	550000	3	0
459	214000	550000	7	0
460	218000	550000	15	0.000530116
461	222000	550000	10	0.00178153
462	226000	550000	12	0.0309553
463	230000	550000	13	0.00235091
464	234000	550000	14	0.00830777
465	238000	550000	14	0.0207081
466	242000	550000	17	0.00805883
467	246000	550000	17	2.05E-06
468	250000	550000	16	0.034066
469	254000	550000	5	0.0483589
470	258000	550000	6	0.0486372
471	262000	550000	6	0.00637483
472	266000	550000	7	0.108892
473	270000	550000	6	0.00248366
474	274000	550000	7	0.000316165
475	110000	546000	0	0.0608308
476	114000	546000	0	0.11877
477	118000	546000	0	0.041504
478	122000	546000	0	0.0600179
479	126000	546000	0	0.0338637
480	130000	546000	0	0
481	134000	546000	0	0.0448671
482	154000	546000	0	0.0503543
483	158000	546000	0	0.0320917
484	162000	546000	0	0.0182414
485	166000	546000	0	0.0193652
486	170000	546000	0	0.0375396
487	174000	546000	0	0.0169186
488	178000	546000	0	0.0119641
489	182000	546000	0	0.0534042
490	186000	546000	0	0.0261714
491	190000	546000	0	0.00748535
492	194000	546000	0	0.0323075
493	198000	546000	0	0.0358004
494	202000	546000	0	0.000162562
495	206000	546000	2	0.0231754
496	210000	546000	4	0
497	214000	546000	8	0
498	218000	546000	17	0
499	222000	546000	11	0.0131439
500	226000	546000	12	0.000796449
501	230000	546000	13	0
502	234000	546000	14	0
503	238000	546000	16	0.000720405
504	242000	546000	22	4.20E-08
505	246000	546000	15	0.006073
506	250000	546000	17	1.42E-05
507	254000	546000	19	0.0158979
508	258000	546000	7	0.0170953
509	262000	546000	7	0.0269959
510	266000	546000	8	0.0910412
511	270000	546000	8	0.00358231
512	110000	542000	0	0.0177162
513	114000	542000	0	0.0482229
514	118000	542000	0	0.0391829
515	122000	542000	0	0.0185261
516	126000	542000	-1	0.00444648
517	130000	542000	-3	0.0244883
518	134000	542000	-3	0.0122579
519	154000	542000	0	0.0574226
520	158000	542000	0	0.0205913
521	162000	542000	0	0.00331425
522	166000	542000	3	0.00634832
523	170000	542000	0	0.0103996
524	174000	542000	0	0.0551086
525	178000	542000	0	0.0327071
526	182000	542000	-1	0.015556
527	186000	542000	0	0.0134446
528	190000	542000	-1	0.0144721
529	194000	542000	0	0.0582639
530	198000	542000	0	0.069661
531	202000	542000	0	0.00842319
532	206000	542000	3	0
533	210000	542000	5	0.0175255
534	214000	542000	6	0
535	218000	542000	11	0.0244363
536	222000	542000	9	0
537	226000	542000	9	0
538	230000	542000	12	0.0983164
539	234000	542000	13	0
540	238000	542000	15	0.0346274
541	242000	542000	16	0
542	246000	542000	18	0.014135
543	250000	542000	16	0
544	254000	542000	22	0.0184946
545	258000	542000	8	0.0255729
546	262000	542000	9	0.0329484
547	266000	542000	10	0.0039569
548	270000	542000	10	0.0510926
549	110000	538000	0	0.0145162
550	114000	538000	0	0.0151104
551	118000	538000	0	0.00995938
552	122000	538000	-1	0.00602575
553	126000	538000	-2	0.00980808
554	130000	538000	-3	0.0992076
555	134000	538000	-4	0
556	138000	538000	0	0.0614677
557	166000	538000	0	0.0448861
558	170000	538000	0	0.0685357
559	174000	538000	0	0.0424888
560	178000	538000	-1	0.058887
561	182000	538000	0	0
562	186000	538000	0	0
563	190000	538000	0	0.0395834
564	194000	538000	0	0.0396532
565	198000	538000	3	0.00514207
566	202000	538000	8	0
567	206000	538000	1	0.00566964
568	210000	538000	1	0.0166141
569	214000	538000	5	0.00452263
570	218000	538000	6	0.000114548
571	222000	538000	10	0.0194414
572	226000	538000	16	0
573	230000	538000	13	1.02E-05
574	234000	538000	14	0
575	238000	538000	14	0.000371648
576	242000	538000	16	9.97E-06
577	246000	538000	17	0.00137138
578	250000	538000	17	1.19E-05
579	254000	538000	18	0.00983168
580	258000	538000	20	0.00660794
581	262000	538000	11	0.0106367
582	266000	538000	12	0.063529
583	270000	538000	12	0.0152053
584	106000	534000	0	0.0858489
585	110000	534000	0	0.000615809
586	114000	534000	0	0.118984
587	118000	534000	0	0.0136324
588	122000	534000	0	0.00471113
589	126000	534000	-2	0
590	130000	534000	-3	0.0143498
591	134000	534000	-4	0.000456584
592	170000	534000	0	0.052013
593	174000	534000	-3	0.010955
594	178000	534000	-3	0.00342043
595	182000	534000	0	0.00321265
596	186000	534000	0	0.00799776
597	190000	534000	0	0.0374232
598	194000	534000	0	0.0280798
599	198000	534000	0	0.00874936
600	202000	534000	0	0.111768
601	206000	534000	1	0.0918898
602	210000	534000	6	0.0327235
603	214000	534000	7	0.0192657
604	218000	534000	4	0
605	222000	534000	9	9.94E-06
606	226000	534000	11	0.00372363
607	230000	534000	12	0.0180402
608	234000	534000	13	0.000423287
609	238000	534000	15	2.28E-08
610	242000	534000	15	0.00750248
611	246000	534000	15	0.016005
612	250000	534000	16	0.00861707
613	254000	534000	16	0.0138015
614	258000	534000	23	0.246006
615	262000	534000	14	0.0344918
616	266000	534000	13	0.0162398
617	270000	534000	14	0.00895537
618	106000	530000	0	0.0395725
619	110000	530000	0	0.00913952
620	114000	530000	0	0.0186943
621	118000	530000	0	0.0075166
622	122000	530000	0	0.0693204
623	126000	530000	-1	0
624	130000	530000	-2	0.0215296
625	134000	530000	-1	0.0823658
626	138000	530000	0	0.0810608
627	142000	530000	0	0.0738228
628	146000	530000	0	0.0973053
629	170000	530000	-3	0.019581
630	174000	530000	-3	0.00765016
631	178000	530000	-3	0.0110826
632	182000	530000	-2	0.00266155
633	186000	530000	-2	0.00557441
634	190000	530000	0	0.00688673
635	194000	530000	0	0.0389154
636	198000	530000	-1	0.000311601
637	202000	530000	-1	0.0299968
638	206000	530000	0	0.00198798
639	210000	530000	0	0.00343365
640	214000	530000	0	0.00786514
641	218000	530000	1	0.0202737
642	222000	530000	7	0.0146844
643	226000	530000	11	0.0043196
644	230000	530000	12	0.0733222
645	234000	530000	13	2.02E-05
646	238000	530000	14	1.62E-05
647	242000	530000	14	0.00736331
648	246000	530000	13	0.0157456
649	250000	530000	13	0.00696889
650	254000	530000	14	0.0509292
651	258000	530000	18	0.243572
652	262000	530000	20	0.145856
653	266000	530000	15	0.0186278
654	270000	530000	16	0.017336
655	106000	526000	3	0.0126613
656	110000	526000	0	0.0664992
657	114000	526000	0	0.100276
658	118000	526000	0	0.0242188
659	122000	526000	0	0.00184044
660	126000	526000	0	0.0744986
661	130000	526000	0	0.0220298
662	134000	526000	-1	0.0136405
663	138000	526000	-1	0.0828261
664	142000	526000	-2	0.0134286
665	146000	526000	-1	0.0424529
666	150000	526000	0	0.0696269
667	170000	526000	-3	0.0180418
668	174000	526000	-3	0.00805573
669	178000	526000	-3	0.0931109
670	182000	526000	-2	0.0863939
671	186000	526000	-2	0.0436751
672	190000	526000	-2	0.00394178
673	194000	526000	0	0.0189412
674	198000	526000	0	0.0456289
675	202000	526000	-1	0.0537696
676	206000	526000	0	0.0386234
677	210000	526000	0	0.107223
678	214000	526000	1	0.0207481
679	218000	526000	1	0.00131274
680	222000	526000	8	0.00492845
681	226000	526000	8	0.102907
682	230000	526000	11	0.282469
683	234000	526000	12	0.0387376
684	238000	526000	13	0.0368082
685	242000	526000	12	0.00934493
686	246000	526000	12	0.0215687
687	250000	526000	11	0.0001535
688	254000	526000	13	0.0469634
689	258000	526000	14	0.0367145
690	262000	526000	18	0.0489184
691	266000	526000	16	0.0512849
692	106000	522000	11	0.00206375
693	110000	522000	0	0.0470476
694	114000	522000	0	0.117961
695	118000	522000	0	0.212163
696	122000	522000	-1	0.0493309
697	126000	522000	-1	0.015196
698	130000	522000	0	0.0575355
699	134000	522000	-1	0.088496
700	138000	522000	0	0.0557904
701	142000	522000	0	0.093912
702	146000	522000	0	0.177784
703	170000	522000	-1	0.0217262
704	174000	522000	-4	0.0100218
705	178000	522000	-3	0.101742
706	182000	522000	-3	0.0378412
707	186000	522000	-2	1.40E-06
708	190000	522000	-1	0.0097674
709	194000	522000	0	0.0559898
710	198000	522000	0	0.0606819
711	202000	522000	0	0.0705997
712	206000	522000	0	0.083236
713	210000	522000	0	0.1419
714	214000	522000	1	0.0120534
715	218000	522000	2	0.0139566
716	222000	522000	3	0.00439914
717	226000	522000	10	0.0349853
718	230000	522000	10	0
719	234000	522000	11	0.00636754
720	238000	522000	9	0.0111888
721	242000	522000	9	0.0064835
722	246000	522000	10	0.104079
723	250000	522000	9	0.00323169
724	254000	522000	11	0.0447917
725	258000	522000	13	0.0174003
726	262000	522000	15	0.016617
727	266000	522000	17	0.0609608
728	102000	518000	0	0.0584547
729	106000	518000	4	9.45E-06
730	110000	518000	0	0.140116
731	114000	518000	0	0.193295
732	118000	518000	-1	0.117664
733	122000	518000	-1	0.00345063
734	126000	518000	-1	0.00521803
735	130000	518000	-2	0.0701437
736	134000	518000	0	0.239497
737	138000	518000	0	0.0203755
738	142000	518000	0	0.0410931
739	170000	518000	0	0.172984
740	174000	518000	-3	0.0185296
741	178000	518000	-3	0.0198913
742	182000	518000	-2	0.0133856
743	186000	518000	-2	0.034832
744	190000	518000	-1	0.0133626
745	194000	518000	-1	0.02519
746	198000	518000	0	0.0188405
747	202000	518000	0	0.0690492
748	206000	518000	0	0.00153102
749	210000	518000	0	0.10543
750	214000	518000	1	0.0083096
751	218000	518000	2	0.00345836
752	222000	518000	3	0
753	226000	518000	7	0.00142936
754	230000	518000	8	0
755	234000	518000	9	0.0182622
756	238000	518000	8	0.0419664
757	242000	518000	8	0.0173123
758	246000	518000	8	0.244115
759	250000	518000	10	0.00109901
760	254000	518000	11	0.0147422
761	258000	518000	12	0.00476762
762	262000	518000	14	0
763	266000	518000	15	0.0125895
764	102000	514000	0	0.0647217
765	106000	514000	1	0.0341604
766	110000	514000	2	0.14183
767	114000	514000	-2	0.161131
768	118000	514000	-3	0.00937841
769	122000	514000	-2	0.0164622
770	126000	514000	-2	0.0554594
771	130000	514000	0	0.0491107
772	138000	514000	0	0.0588153
773	170000	514000	0	0.0592453
774	174000	514000	-1	0.0353795
775	178000	514000	-1	0.0350902
776	182000	514000	-1	0.0325602
777	186000	514000	0	0.0232254
778	190000	514000	0	0.0254393
779	194000	514000	0	0.0225732
780	198000	514000	0	0.0492081
781	202000	514000	0	0.0868342
782	206000	514000	0	0
783	210000	514000	0	0.0456185
784	214000	514000	1	0.00174529
785	218000	514000	3	0
786	222000	514000	4	0.0194358
787	226000	514000	4	0.0361053
788	230000	514000	5	0.0843119
789	234000	514000	6	0.017677
790	238000	514000	7	0.00180851
791	242000	514000	8	0.0227662
792	246000	514000	9	0.00821699
793	102000	510000	0	0.0402647
794	106000	510000	2	0.0222017
795	110000	510000	0	0.0495637
796	114000	510000	-2	0.000837065
797	118000	510000	-1	0.00638077
798	122000	510000	-3	0
799	126000	510000	-2	1.83E-05
800	130000	510000	0	0.0358882
801	166000	510000	-3	0.0250309
802	170000	510000	-3	0.00546871
803	174000	510000	-3	0.0589711
804	178000	510000	-3	0.0202411
805	182000	510000	-1	0.0330681
806	186000	510000	0	0.0940901
807	190000	510000	0	0.187714
808	194000	510000	0	0.0272986
809	198000	510000	0	0
810	202000	510000	0	0.0853485
811	206000	510000	0	0.000897419
812	210000	510000	0	0.00463543
813	214000	510000	1	0.058352
814	218000	510000	2	0.0131551
815	222000	510000	4	0
816	226000	510000	5	0.000452936
817	230000	510000	5	0.000195808
818	234000	510000	7	0.00073944
819	238000	510000	8	0.198609
820	242000	510000	9	0.0270371
821	246000	510000	10	0
822	102000	506000	4	0.0601092
823	106000	506000	2	0.0697058
824	110000	506000	0	0.0549971
825	114000	506000	0	0.00873134
826	118000	506000	-2	0.0192561
827	122000	506000	-3	0.0189238
828	126000	506000	-2	0.00398989
829	130000	506000	-1	0.00127694
830	158000	506000	0	0.107249
831	162000	506000	0	0.0907144
832	166000	506000	-3	0.146119
833	170000	506000	-4	0.0121669
834	174000	506000	-4	0.0346381
835	178000	506000	-3	0.164075
836	182000	506000	-3	0
837	186000	506000	0	0.00658204
838	190000	506000	0	0.157736
839	194000	506000	0	0.0388624
840	198000	506000	0	0.0298143
841	202000	506000	0	0.123389
842	206000	506000	0	0.0838234
843	210000	506000	0	0.0671737
844	214000	506000	1	0
845	218000	506000	3	0.00468678
846	222000	506000	5	0.00112303
847	226000	506000	6	0.0788401
848	230000	506000	7	2.35E-05
849	234000	506000	9	0.00122488
850	238000	506000	7	0.0131328
851	242000	506000	11	0.0161987
852	246000	506000	26	0.00151591
853	102000	502000	9	0.166701
854	106000	502000	3	0.180643
855	110000	502000	0	0.0864869
856	114000	502000	0	0.22395
857	118000	502000	0	0.0211948
858	122000	502000	-2	0.0138736
859	126000	502000	0	0.213772
860	130000	502000	-2	0.110176
861	134000	502000	0	0.138113
862	158000	502000	-1	0.247853
863	162000	502000	-1	0.205263
864	166000	502000	-3	0.0253133
865	170000	502000	-4	0
866	174000	502000	-3	0.00849901
867	178000	502000	-3	0.0566161
868	182000	502000	-3	0
869	186000	502000	0	0.00881786
870	190000	502000	0	0.00367358
871	194000	502000	0	0.00566528
872	198000	502000	0	0.0335721
873	202000	502000	2	0.273888
874	206000	502000	1	0.233028
875	210000	502000	1	0
876	214000	502000	4	0.0649963
877	218000	502000	6	1.54E-05
878	222000	502000	7	0.0218764
879	226000	502000	11	0.0208971
880	230000	502000	13	1.36E-05
881	234000	502000	6	0.0060026
882	238000	502000	7	0.00230705
883	242000	502000	14	0.0221003
884	246000	502000	23	0.0067355
885	98000	498000	0	0.113979
886	102000	498000	8	0.421796
887	106000	498000	1	0.314094
888	110000	498000	-1	0.0290386
889	114000	498000	0	0.100765
890	118000	498000	0	0.048013
891	122000	498000	0	0.00504998
892	126000	498000	-1	0.0177813
893	130000	498000	0	0.036401
894	134000	498000	0	0.060716
895	138000	498000	0	0.0629627
896	150000	498000	0	0.0687795
897	154000	498000	-3	0.066072
898	158000	498000	-1	0.0227409
899	162000	498000	-4	0.119716
900	166000	498000	-4	0.037175
901	170000	498000	-4	0
902	174000	498000	-3	0.0145667
903	178000	498000	-3	0.060482
904	182000	498000	-2	0.000571868
905	186000	498000	0	0.0579174
906	190000	498000	0	0.00551992
907	194000	498000	1	0.0129325
908	198000	498000	7	0.100238
909	202000	498000	3	0.101587
910	206000	498000	0	0.0520775
911	210000	498000	1	0
912	214000	498000	2	0
913	218000	498000	4	0.00166679
914	222000	498000	5	0.000676717
915	226000	498000	8	0.0128912
916	230000	498000	6	0.027433
917	234000	498000	7	0.076439
918	238000	498000	8	0.0334872
919	242000	498000	12	0.0364767
920	246000	498000	17	0
921	250000	498000	24	0
922	254000	498000	48	0
923	262000	498000	20	0.00947609
924	98000	494000	0	0.0435917
925	102000	494000	11	0.0362198
926	106000	494000	1	0.0950791
927	110000	494000	0	0.0290407
928	114000	494000	0	0.286363
929	118000	494000	1	0.288801
930	122000	494000	0	0.119174
931	126000	494000	-1	0.000569112
932	130000	494000	0	0.066262
933	134000	494000	0	0.050183
934	138000	494000	0	0.0687476
935	142000	494000	0	0.0687795
936	146000	494000	0	0.0617493
937	150000	494000	-3	0.0441817
938	154000	494000	-3	0.0211149
939	158000	494000	-3	0.00722889
940	162000	494000	-3	0.0144137
941	166000	494000	-4	0.00262887
942	170000	494000	-3	0
943	174000	494000	-3	0.00428899
944	178000	494000	-2	0.00389622
945	182000	494000	0	0.0216027
946	186000	494000	1	0.0670207
947	190000	494000	6	0.0254825
948	194000	494000	17	0.0184788
949	198000	494000	37	0.051395
950	202000	494000	5	0.049384
951	206000	494000	1	0.00533034
952	210000	494000	1	0.014777
953	214000	494000	4	0.0484907
954	218000	494000	5	0.0331541
955	222000	494000	6	0.00655965
956	226000	494000	6	4.02E-05
957	230000	494000	6	0
958	234000	494000	8	0.00648626
959	238000	494000	8	0.0408701
960	242000	494000	10	0.0128042
961	246000	494000	14	0.0187438
962	250000	494000	22	0.0110263
963	254000	494000	45	0
964	258000	494000	39	0.0357374
965	262000	494000	20	0
966	266000	494000	22	0.102896
967	98000	490000	5	0.0349938
968	102000	490000	9	0.10579
969	106000	490000	0	0.241837
970	110000	490000	0	0.163147
971	114000	490000	0	0.467665
972	118000	490000	2	0.474615
973	122000	490000	2	0.326783
974	126000	490000	0	0.113959
975	130000	490000	0	0.03616
976	134000	490000	0	0.0679816
977	138000	490000	0	0.0567501
978	142000	490000	-2	0.111683
979	146000	490000	-2	0.263881
980	150000	490000	-3	0.138043
981	154000	490000	-4	0.0128315
982	158000	490000	-3	0
983	162000	490000	-3	0
984	166000	490000	-3	0
985	170000	490000	-2	0.00114032
986	174000	490000	-1	0.0357434
987	178000	490000	-1	0.0425527
988	182000	490000	2	0.0404119
989	186000	490000	12	0.00435961
990	190000	490000	25	0.0662373
991	194000	490000	35	0
992	198000	490000	19	0.0670877
993	202000	490000	2	0.00689478
994	206000	490000	2	0.0514416
995	210000	490000	2	0
996	214000	490000	4	0.0695297
997	218000	490000	5	0.071031
998	222000	490000	7	0.0057894
999	226000	490000	17	0.028593
1000	230000	490000	8	0.0131915
1001	234000	490000	9	0
1002	238000	490000	9	0.14581
1003	242000	490000	9	0.0630514
1004	246000	490000	13	0.00718953
1005	250000	490000	18	0.0392815
1006	254000	490000	24	0
1007	258000	490000	24	0.0149806
1008	262000	490000	22	0
1009	266000	490000	24	0.0624121
1010	270000	490000	27	0.0483797
1011	94000	486000	0	0.0603551
1012	98000	486000	9	0.0387857
1013	102000	486000	4	0.154601
1014	106000	486000	0	0.139996
1015	110000	486000	-4	0.142754
1016	114000	486000	0	0.184431
1017	118000	486000	3	0.237698
1018	122000	486000	5	0.324107
1019	126000	486000	0	0.270717
1020	130000	486000	0	0.0835464
1021	134000	486000	0	0.0687795
1022	138000	486000	0	0.0620742
1023	142000	486000	-1	0.271016
1024	146000	486000	-2	0.205169
1025	150000	486000	-4	0.0327845
1026	154000	486000	-4	0
1027	158000	486000	-4	0.0309136
1028	162000	486000	-3	0.1553
1029	166000	486000	-2	0.0282522
1030	170000	486000	-1	0.142713
1031	174000	486000	1	0.128851
1032	178000	486000	6	0.00931997
1033	182000	486000	18	0.0883719
1034	186000	486000	26	2.17E-05
1035	190000	486000	36	0
1036	194000	486000	25	0.0554286
1037	198000	486000	8	0.034256
1038	202000	486000	2	0.0136859
1039	206000	486000	2	0.00735916
1040	210000	486000	3	0
1041	214000	486000	4	0.0249915
1042	218000	486000	8	0.0194094
1043	222000	486000	9	0.00731619
1044	226000	486000	29	0.0263933
1045	230000	486000	10	0.150742
1046	234000	486000	10	0.0016854
1047	238000	486000	11	0.25183
1048	242000	486000	12	0.276773
1049	246000	486000	12	0.00810918
1050	250000	486000	13	0.0125612
1051	254000	486000	16	0.0135951
1052	258000	486000	22	0.00742991
1053	262000	486000	30	9.32E-06
1054	266000	486000	29	2.65E-06
1055	270000	486000	29	0
1056	94000	482000	6	0.0305311
1057	98000	482000	7	0.00576476
1058	102000	482000	0	0.107524
1059	106000	482000	-2	0.131092
1060	110000	482000	-3	0.297266
1061	114000	482000	-1	0.425224
1062	118000	482000	1	0.153096
1063	122000	482000	0	0.227479
1064	126000	482000	1	0.259359
1065	130000	482000	0	0.168286
1066	134000	482000	0	0.06667
1067	138000	482000	0	0.153091
1068	142000	482000	-1	0.131918
1069	146000	482000	-1	0.082657
1070	150000	482000	-2	0.0367892
1071	154000	482000	-3	0
1072	158000	482000	-3	0
1073	162000	482000	0	0.0173086
1074	166000	482000	-1	0.138768
1075	170000	482000	4	0.204381
1076	174000	482000	16	0.0653069
1077	178000	482000	24	0
1078	182000	482000	31	0.0278309
1079	186000	482000	42	2.89E-06
1080	190000	482000	33	0.000391611
1081	194000	482000	15	0.0242668
1082	198000	482000	5	0.00720705
1083	202000	482000	2	0.0120925
1084	206000	482000	4	0.0177544
1085	210000	482000	5	0
1086	214000	482000	6	0.00957385
1087	218000	482000	8	0.00495815
1088	222000	482000	13	0.00732848
1089	226000	482000	41	0
1090	230000	482000	10	0.140481
1091	234000	482000	10	0.0628025
1092	238000	482000	9	0.0147314
1093	242000	482000	11	0.120778
1094	246000	482000	13	0.0718803
1095	250000	482000	14	0.0244224
1096	254000	482000	19	0.0105645
1097	258000	482000	31	0.117659
1098	262000	482000	56	0.0683574
1099	266000	482000	33	0.0201204
1100	94000	478000	3	0.0609464
1101	98000	478000	0	0.0484259
1102	102000	478000	-4	0.127318
1103	106000	478000	-3	0.175377
1104	110000	478000	-3	0.346371
1105	114000	478000	-2	0.375969
1106	118000	478000	-1	0.19981
1107	122000	478000	-1	0.0722904
1108	126000	478000	0	0.256183
1109	130000	478000	0	0.0661918
1110	134000	478000	0	0.0159656
1111	138000	478000	1	0.138581
1112	142000	478000	9	0.0697583
1113	146000	478000	3	0.198047
1114	150000	478000	-1	0.0445052
1115	154000	478000	-3	0.00866344
1116	158000	478000	-3	1.19E-05
1117	162000	478000	-1	0
1118	166000	478000	1	0.013563
1119	170000	478000	14	0.0958306
1120	174000	478000	32	0.0183165
1121	178000	478000	25	0
1122	182000	478000	33	0.0117133
1123	186000	478000	65	0
1124	190000	478000	40	0
1125	194000	478000	15	0.0566601
1126	198000	478000	3	0.0291957
1127	202000	478000	3	0.0313149
1128	206000	478000	6	0.0620416
1129	210000	478000	6	0.0123023
1130	214000	478000	7	1.40E-05
1131	218000	478000	9	0
1132	222000	478000	10	0.014359
1133	226000	478000	21	0.0496626
1134	230000	478000	16	0.0205441
1135	234000	478000	14	0.0631593
1136	238000	478000	10	0.0237509
1137	242000	478000	13	0.00118733
1138	246000	478000	19	0.0382112
1139	250000	478000	16	0.252526
1140	254000	478000	23	0.102473
1141	258000	478000	35	0.279171
1142	262000	478000	51	0.0302978
1143	266000	478000	36	0.0310417
1144	90000	474000	0	0.087149
1145	94000	474000	0	0.0742194
1146	98000	474000	0	0.0902529
1147	102000	474000	-3	0.0907752
1148	106000	474000	-3	0.075318
1149	110000	474000	-1	0.0889823
1150	114000	474000	-2	0.169123
1151	118000	474000	-3	0.0915723
1152	122000	474000	-2	0.00944632
1153	126000	474000	-1	0.0335034
1154	130000	474000	0	0.0219122
1155	134000	474000	0	0.0441117
1156	138000	474000	4	0.101316
1157	142000	474000	13	0.121858
1158	146000	474000	2	0.114262
1159	150000	474000	0	0.00078638
1160	154000	474000	0	0.0681821
1161	158000	474000	0	0.0124366
1162	162000	474000	0	0.0607749
1163	166000	474000	3	0.0112739
1164	170000	474000	18	0.101689
1165	174000	474000	50	9.80E-06
1166	178000	474000	31	0.00282808
1167	182000	474000	34	0.00788926
1168	186000	474000	75	0
1169	190000	474000	52	0
1170	194000	474000	15	0.0955864
1171	198000	474000	4	0.0621126
1172	202000	474000	4	0.0524844
1173	206000	474000	5	0.0970006
1174	210000	474000	7	0.367019
1175	214000	474000	8	0.060825
1176	218000	474000	10	0.0160299
1177	222000	474000	10	0
1178	226000	474000	11	0.00151562
1179	230000	474000	17	0.0261853
1180	234000	474000	14	0.0160406
1181	238000	474000	11	0.127881
1182	242000	474000	13	0.00204483
1183	246000	474000	18	0.0495168
1184	250000	474000	19	0.343001
1185	254000	474000	28	0.196894
1186	258000	474000	42	0.102214
1187	262000	474000	45	0.00926619
1188	266000	474000	37	0.0724502
1189	270000	474000	39	0.0140542
1190	90000	470000	1	0.173814
1191	94000	470000	0	0.125699
1192	98000	470000	0	0.033956
1193	102000	470000	-3	0.061601
1194	106000	470000	-3	0.0521343
1195	110000	470000	-3	0.0220651
1196	114000	470000	-2	0.00867218
1197	118000	470000	-3	0.102029
1198	122000	470000	-4	0.120425
1199	126000	470000	-1	0.038472
1200	130000	470000	0	0.0377239
1201	134000	470000	0	0.0829964
1202	138000	470000	4	0.143303
1203	142000	470000	9	0.159595
1204	146000	470000	7	0.100985
1205	150000	470000	0	0.0693095
1206	154000	470000	0	0.101593
1207	158000	470000	0	0.033887
1208	162000	470000	2	0.167336
1209	166000	470000	9	0
1210	170000	470000	15	2.87E-06
1211	174000	470000	30	1.29E-05
1212	178000	470000	36	0.0640961
1213	182000	470000	37	0.0078064
1214	186000	470000	67	9.41E-06
1215	190000	470000	68	0.00972957
1216	194000	470000	19	0.255953
1217	198000	470000	8	0.143417
1218	202000	470000	5	0.0491965
1219	206000	470000	6	0.0256443
1220	210000	470000	6	0.0246038
1221	214000	470000	8	0
1222	218000	470000	10	0.00575654
1223	222000	470000	11	7.17E-06
1224	226000	470000	12	0
1225	230000	470000	13	0.00178088
1226	234000	470000	13	0.0119309
1227	238000	470000	14	0.0275749
1228	242000	470000	16	0.0224632
1229	246000	470000	21	0
1230	250000	470000	25	0.0115272
1231	254000	470000	30	0.26646
1232	258000	470000	42	0.248142
1233	262000	470000	42	0.121554
1234	86000	466000	8	0.0271106
1235	90000	466000	0	0.288988
1236	94000	466000	1	0.259451
1237	98000	466000	-1	0.0572702
1238	102000	466000	-1	0.0613301
1239	106000	466000	-3	0.0165898
1240	110000	466000	-2	0.0368311
1241	114000	466000	-4	0.0240199
1242	118000	466000	-2	0.0184622
1243	122000	466000	-1	0.0196877
1244	126000	466000	0	0.0503016
1245	130000	466000	0	0.057822
1246	134000	466000	-1	0.0596899
1247	138000	466000	0	0.0583522
1248	142000	466000	11	0.0107038
1249	146000	466000	11	0.0914814
1250	150000	466000	1	0.0694533
1251	154000	466000	2	0.233733
1252	158000	466000	3	0.251339
1253	162000	466000	4	0.0429055
1254	166000	466000	9	0.0246243
1255	170000	466000	14	0.115179
1256	174000	466000	17	0.00680453
1257	178000	466000	26	0.0206853
1258	182000	466000	35	0
1259	186000	466000	60	0
1260	190000	466000	56	0.0208417
1261	194000	466000	24	0.264632
1262	198000	466000	10	0.131251
1263	202000	466000	7	0.0121222
1264	206000	466000	7	0.0105754
1265	210000	466000	6	0.0157862
1266	214000	466000	10	0.0178647
1267	218000	466000	10	0
1268	222000	466000	11	0.0378802
1269	226000	466000	13	0.0840256
1270	230000	466000	12	2.28E-05
1271	234000	466000	14	0
1272	238000	466000	16	0
1273	242000	466000	17	0
1274	246000	466000	22	0.0798603
1275	250000	466000	28	0.0293945
1276	254000	466000	33	0.00851659
1277	258000	466000	43	0.0324805
1278	262000	466000	44	0.0162431
1279	82000	462000	0	0.0355491
1280	86000	462000	8	0.0733659
1281	90000	462000	0	0.132885
1282	94000	462000	0	0.258387
1283	98000	462000	0	0.16228
1284	102000	462000	0	0.169096
1285	106000	462000	0	0.182105
1286	110000	462000	-3	0.012708
1287	114000	462000	-1	0.0809645
1288	118000	462000	-1	0.0208772
1289	122000	462000	0	0.000103808
1290	126000	462000	0	0.0163477
1291	130000	462000	0	0.112332
1292	134000	462000	0	0.0325985
1293	138000	462000	0	0.0170282
1294	142000	462000	9	0.0835618
1295	146000	462000	13	0.145943
1296	150000	462000	15	0.0466826
1297	154000	462000	11	0.214201
1298	158000	462000	3	0.16883
1299	162000	462000	4	0.0120545
1300	166000	462000	8	0.0311802
1301	170000	462000	12	0.143342
1302	174000	462000	14	0.010529
1303	178000	462000	21	0.00563618
1304	182000	462000	34	0.00613794
1305	186000	462000	47	0
1306	190000	462000	86	2.02E-05
1307	194000	462000	53	0.0116181
1308	198000	462000	20	0.00667392
1309	202000	462000	9	8.71E-06
1310	206000	462000	7	0.000921228
1311	210000	462000	7	0.203185
1312	214000	462000	9	0.0761852
1313	218000	462000	14	0
1314	222000	462000	14	0.00743182
1315	226000	462000	15	0.0402466
1316	230000	462000	13	0
1317	234000	462000	15	0.0150314
1318	238000	462000	19	0.0576095
1319	242000	462000	20	0.0133163
1320	246000	462000	27	0.0694405
1321	250000	462000	32	0.0192295
1322	254000	462000	35	0
1323	258000	462000	43	0.0463631
1324	78000	458000	0	0.150029
1325	82000	458000	7	0.0881683
1326	86000	458000	1	0.108775
1327	90000	458000	0	0.060812
1328	94000	458000	-1	0.0236739
1329	98000	458000	-1	0.00636898
1330	102000	458000	-1	0.0538267
1331	106000	458000	-1	0.0878601
1332	110000	458000	-1	0.0315674
1333	114000	458000	-1	0.00567804
1334	118000	458000	-1	0.00954653
1335	122000	458000	0	0.0249928
1336	126000	458000	0	0.0242053
1337	130000	458000	0	0.260441
1338	134000	458000	2	0.387913
1339	138000	458000	3	0.158853
1340	142000	458000	6	0.141759
1341	146000	458000	14	0.115851
1342	150000	458000	27	0.183019
1343	154000	458000	15	0.000246579
1344	158000	458000	3	0.0634648
1345	162000	458000	5	0
1346	166000	458000	8	0.0126793
1347	170000	458000	11	0.00476464
1348	174000	458000	17	0
1349	178000	458000	21	0.00221231
1350	182000	458000	31	0.0268862
1351	186000	458000	47	0
1352	190000	458000	70	0.00684409
1353	194000	458000	77	0.0282641
1354	198000	458000	40	0.0152555
1355	202000	458000	15	0.0801368
1356	206000	458000	9	0.0195479
1357	210000	458000	7	0.0495461
1358	214000	458000	8	0.0366462
1359	218000	458000	13	0.0483311
1360	222000	458000	15	0
1361	226000	458000	15	0.00947596
1362	230000	458000	16	0.00905743
1363	234000	458000	16	0.065444
1364	238000	458000	18	0
1365	242000	458000	24	0.172516
1366	246000	458000	26	0
1367	250000	458000	32	0.00354873
1368	74000	454000	0	0.066746
1369	78000	454000	4	0.213618
1370	82000	454000	3	0.304303
1371	86000	454000	0	0.305393
1372	90000	454000	-4	0.0380599
1373	94000	454000	-1	0.191533
1374	98000	454000	-4	0.0781884
1375	102000	454000	-4	0.0635318
1376	106000	454000	-1	0.0189124
1377	110000	454000	-1	0.0927759
1378	114000	454000	0	0.0407351
1379	118000	454000	0	0.116209
1380	122000	454000	0	0.16261
1381	126000	454000	0	0.0589356
1382	130000	454000	0	0.141791
1383	134000	454000	2	0.360372
1384	138000	454000	4	0.231929
1385	142000	454000	3	0.168435
1386	146000	454000	9	0.10191
1387	150000	454000	21	0.0189593
1388	154000	454000	14	0.0325879
1389	158000	454000	4	0.0782314
1390	162000	454000	6	0.0569473
1391	166000	454000	8	0.044143
1392	170000	454000	10	0.0383866
1393	174000	454000	33	0.00130449
1394	178000	454000	34	0.00965418
1395	182000	454000	33	1.80E-05
1396	186000	454000	42	0.00669983
1397	190000	454000	72	0.100862
1398	194000	454000	84	0.000910015
1399	198000	454000	61	2.06E-05
1400	202000	454000	30	0.025632
1401	206000	454000	10	0.031908
1402	210000	454000	7	0.0151005
1403	214000	454000	8	0.00327136
1404	218000	454000	12	0.0065536
1405	222000	454000	15	2.87E-05
1406	226000	454000	18	0.00980403
1407	230000	454000	17	0.0159963
1408	234000	454000	17	0.00634067
1409	238000	454000	19	0.0424592
1410	242000	454000	29	0.0107428
1411	246000	454000	29	0
1412	70000	450000	0	0.0846402
1413	74000	450000	0	0.0543787
1414	78000	450000	0	0.202671
1415	82000	450000	1	0.247049
1416	86000	450000	-1	0.195358
1417	90000	450000	-2	0.0802952
1418	94000	450000	-3	0.184558
1419	98000	450000	-3	0.103421
1420	102000	450000	-4	0.0399385
1421	106000	450000	-1	0.186711
1422	110000	450000	0	0.117885
1423	114000	450000	-1	0.0193444
1424	118000	450000	0	0.048471
1425	122000	450000	0	0.0252272
1426	126000	450000	0	0.0517657
1427	130000	450000	0	0.0473997
1428	134000	450000	2	0.265011
1429	138000	450000	2	0.245795
1430	142000	450000	2	0.057891
1431	146000	450000	2	0.0619411
1432	150000	450000	10	0.0605121
1433	154000	450000	23	0.0156369
1434	158000	450000	14	0.00619076
1435	162000	450000	8	0.0117976
1436	166000	450000	7	0.197426
1437	170000	450000	8	0.241481
1438	174000	450000	21	0.233344
1439	178000	450000	30	0.00267616
1440	182000	450000	36	0
1441	186000	450000	43	0.0304651
1442	190000	450000	49	0.112756
1443	194000	450000	72	0.000221137
1444	198000	450000	83	0
1445	202000	450000	42	0.0343643
1446	206000	450000	8	0.0472161
1447	210000	450000	8	0.000115744
1448	214000	450000	9	0
1449	218000	450000	13	0.0415982
1450	222000	450000	17	0
1451	226000	450000	16	0
1452	230000	450000	16	0
1453	234000	450000	18	0
1454	238000	450000	22	0.068487
1455	242000	450000	29	0.00568064
1456	246000	450000	34	0.00504813
1457	250000	450000	36	0.0568447
1458	62000	446000	0	0.112145
1459	66000	446000	0	0.0646536
1460	70000	446000	1	0.074837
1461	74000	446000	0	0.128285
1462	78000	446000	0	0.0499846
1463	82000	446000	0	0.212352
1464	86000	446000	0	0.279727
1465	90000	446000	-2	0.0928831
1466	94000	446000	-4	0.100459
1467	98000	446000	-4	0.0859984
1468	102000	446000	-5	0.0777112
1469	106000	446000	-2	0.150423
1470	110000	446000	0	0.0918289
1471	114000	446000	-1	0.0273559
1472	118000	446000	-1	0.0250224
1473	122000	446000	0	0.0242938
1474	126000	446000	0	0.0562994
1475	130000	446000	0	0.071862
1476	134000	446000	2	0.193438
1477	138000	446000	0	0.0820957
1478	142000	446000	1	0.0585623
1479	146000	446000	2	0.00278381
1480	150000	446000	3	0.0176963
1481	154000	446000	4	0
1482	158000	446000	7	0.0344048
1483	162000	446000	25	0.0379224
1484	166000	446000	10	0.143706
1485	170000	446000	6	0.0146719
1486	174000	446000	14	0.120249
1487	178000	446000	34	0.013683
1488	182000	446000	31	0.0726169
1489	186000	446000	45	0.0317934
1490	190000	446000	56	0.138391
1491	194000	446000	40	0.149234
1492	198000	446000	13	0.0742498
1493	202000	446000	8	0.0739961
1494	206000	446000	9	0.0794721
1495	210000	446000	10	0.0110463
1496	214000	446000	11	0.0109071
1497	218000	446000	12	0.00480661
1498	222000	446000	16	0.0657818
1499	226000	446000	17	0.00461659
1500	230000	446000	17	0
1501	234000	446000	18	0.0372356
1502	238000	446000	23	0.107962
1503	242000	446000	30	0
1504	246000	446000	32	0.0297748
1505	250000	446000	38	9.75E-06
1506	254000	446000	47	0.018368
1507	62000	442000	2	0.464158
1508	66000	442000	1	0.341239
1509	70000	442000	0	0.224237
1510	74000	442000	0	0.0989292
1511	78000	442000	0	0.0210968
1512	82000	442000	-2	0.0202444
1513	86000	442000	-1	0.0286221
1514	90000	442000	-3	0.23248
1515	94000	442000	-2	0.164876
1516	98000	442000	-3	0.252408
1517	102000	442000	-3	0.12993
1518	106000	442000	-1	0.00730838
1519	110000	442000	-1	0.0185865
1520	114000	442000	-1	0.0213998
1521	118000	442000	0	0.037578
1522	122000	442000	0	0.0196922
1523	126000	442000	0	0.0554845
1524	130000	442000	0	0.0452266
1525	134000	442000	0	0.121837
1526	138000	442000	0	0.0209471
1527	142000	442000	1	0.0450196
1528	146000	442000	3	0.0470554
1529	150000	442000	4	0.0993035
1530	154000	442000	4	0.0424956
1531	158000	442000	5	0.0340298
1532	162000	442000	5	0.0234636
1533	166000	442000	10	0.0702746
1534	170000	442000	7	0.0214277
1535	174000	442000	8	0.158434
1536	178000	442000	9	0.106975
1537	182000	442000	10	0.0897751
1538	186000	442000	8	0.104272
1539	190000	442000	11	0.189052
1540	194000	442000	11	0.269274
1541	198000	442000	9	0.20573
1542	202000	442000	8	0.00148913
1543	206000	442000	9	0.00813958
1544	210000	442000	12	0.0218781
1545	214000	442000	11	0.128763
1546	218000	442000	14	0.234714
1547	222000	442000	16	0
1548	226000	442000	17	0.00131957
1549	230000	442000	18	0.00905264
1550	234000	442000	19	0.0113822
1551	238000	442000	30	0.00318346
1552	242000	442000	29	0.00222101
1553	246000	442000	37	0.153705
1554	250000	442000	42	0.0017685
1555	254000	442000	48	0.00372658
1556	58000	438000	0	0.0731904
1557	62000	438000	0	0.195186
1558	66000	438000	1	0.154216
1559	70000	438000	0	0.244744
1560	74000	438000	1	0.244513
1561	78000	438000	0	0.0865858
1562	82000	438000	0	0.125448
1563	86000	438000	1	0.310228
1564	90000	438000	2	0.31155
1565	94000	438000	3	0.228067
1566	98000	438000	0	0.216015
1567	102000	438000	0	0.148057
1568	106000	438000	-1	0.00169304
1569	110000	438000	-1	0.0169755
1570	114000	438000	0	0.0604545
1571	118000	438000	0	0.099912
1572	122000	438000	0	0.00687476
1573	126000	438000	0	0.0220159
1574	130000	438000	0	0.00991905
1575	134000	438000	0	0.015788
1576	138000	438000	0	0.0135393
1577	142000	438000	0	0.137687
1578	146000	438000	1	0.0178863
1579	150000	438000	3	0.00932803
1580	154000	438000	3	0.00547417
1581	158000	438000	4	0.0845096
1582	162000	438000	4	0.0197635
1583	166000	438000	6	0.0339471
1584	170000	438000	6	0.0695418
1585	174000	438000	6	0.042989
1586	178000	438000	7	0.042907
1587	182000	438000	7	0.0501662
1588	186000	438000	7	0.111182
1589	190000	438000	8	0.081818
1590	194000	438000	10	0.0906577
1591	198000	438000	10	0.0760263
1592	202000	438000	10	0.14246
1593	206000	438000	11	0.0904898
1594	210000	438000	14	0
1595	214000	438000	15	0.00700882
1596	218000	438000	12	0.0261285
1597	222000	438000	14	0.0942302
1598	226000	438000	16	0.00238227
1599	230000	438000	18	0.070096
1600	234000	438000	20	0.00834529
1601	238000	438000	28	0.115523
1602	242000	438000	35	0.00146571
1603	246000	438000	45	0
1604	250000	438000	47	0.0134582
1605	62000	434000	0	0.0416586
1606	66000	434000	0	0.0129472
1607	70000	434000	0	0.054089
1608	74000	434000	0	0.17121
1609	78000	434000	3	0.474886
1610	82000	434000	2	0.476962
1611	86000	434000	2	0.476542
1612	90000	434000	2	0.428818
1613	94000	434000	1	0.299319
1614	98000	434000	0	0.268469
1615	102000	434000	0	0.201674
1616	106000	434000	0	0.080879
1617	110000	434000	-1	0.0196302
1618	114000	434000	-1	0.00110752
1619	118000	434000	-1	0.0172664
1620	122000	434000	0	0.019146
1621	126000	434000	0	0.033001
1622	130000	434000	0	0.00392216
1623	134000	434000	0	0.0966906
1624	138000	434000	0	0.00820975
1625	142000	434000	1	0.0338783
1626	146000	434000	2	0.0556219
1627	150000	434000	3	0.0653671
1628	154000	434000	4	0.00872614
1629	158000	434000	5	0.273478
1630	162000	434000	6	0.0584054
1631	166000	434000	6	0.146324
1632	170000	434000	6	0.128846
1633	174000	434000	7	0.0362384
1634	178000	434000	8	0.0377672
1635	182000	434000	8	0.0476027
1636	186000	434000	8	0.123245
1637	190000	434000	9	0.104309
1638	194000	434000	9	0.0391862
1639	198000	434000	11	0.0251949
1640	202000	434000	11	0.0199029
1641	206000	434000	11	0.014716
1642	210000	434000	25	0.0110023
1643	214000	434000	26	0.070746
1644	218000	434000	13	0.0139564
1645	222000	434000	13	0.117052
1646	226000	434000	14	0.00558453
1647	230000	434000	17	0
1648	234000	434000	20	0
1649	238000	434000	32	0
1650	58000	430000	0	0.0541617
1651	62000	430000	0	0.0774905
1652	66000	430000	0	0.0212598
1653	70000	430000	0	0.103046
1654	74000	430000	-1	0.00463244
1655	78000	430000	0	0.160372
1656	82000	430000	0	0.266806
1657	86000	430000	0	0.173324
1658	90000	430000	0	0.213313
1659	94000	430000	0	0.249269
1660	98000	430000	0	0.255527
1661	102000	430000	0	0.147186
1662	106000	430000	0	0.263325
1663	110000	430000	-1	0.0250834
1664	114000	430000	-1	0.0307078
1665	118000	430000	-1	0.00976859
1666	122000	430000	-1	0.0301634
1667	126000	430000	0	0.130328
1668	130000	430000	0	0.0220711
1669	134000	430000	0	0.00859067
1670	138000	430000	0	0.000488184
1671	142000	430000	1	0.0217948
1672	146000	430000	2	0.0351498
1673	150000	430000	3	0.0833878
1674	154000	430000	3	0.026783
1675	158000	430000	4	0.0349904
1676	162000	430000	4	0.00371502
1677	166000	430000	5	0.00806298
1678	170000	430000	5	0.0194094
1679	174000	430000	6	0.0138209
1680	178000	430000	7	0.0823887
1681	182000	430000	8	0.140891
1682	186000	430000	10	0.235585
1683	190000	430000	9	0.0476295
1684	194000	430000	9	0.0510044
1685	198000	430000	10	0.024493
1686	202000	430000	11	0.0472076
1687	206000	430000	12	0.0831817
1688	210000	430000	13	0.041861
1689	214000	430000	15	0.155481
1690	218000	430000	13	0.0415357
1691	222000	430000	14	0.0151361
1692	226000	430000	16	0.0251301
1693	230000	430000	17	0.100072
1694	50000	426000	0	0.0404562
1695	54000	426000	1	0.0207727
1696	58000	426000	0	0.0201737
1697	62000	426000	0	0.112875
1698	66000	426000	0	0.082023
1699	70000	426000	0	0.101529
1700	74000	426000	0	0.00329258
1701	78000	426000	0	0.042722
1702	82000	426000	0	0.0811406
1703	86000	426000	0	0.0890824
1704	90000	426000	0	0.125313
1705	94000	426000	0	0.0551195
1706	98000	426000	0	0.102832
1707	102000	426000	0	0.284007
1708	106000	426000	0	0.235479
1709	110000	426000	0	0.289478
1710	114000	426000	0	0.115573
1711	118000	426000	0	0.117432
1712	122000	426000	0	0.0757924
1713	126000	426000	1	0.176255
1714	130000	426000	0	0.0977115
1715	134000	426000	0	0.0532676
1716	138000	426000	1	0.0264383
1717	142000	426000	2	0.0326612
1718	146000	426000	3	0.11006
1719	150000	426000	3	0.0171366
1720	154000	426000	3	0.0289606
1721	158000	426000	4	0.0533384
1722	162000	426000	4	0.0107513
1723	166000	426000	5	0.056656
1724	170000	426000	6	0.00519115
1725	174000	426000	6	0.00288353
1726	178000	426000	8	0.149913
1727	182000	426000	9	0.302293
1728	186000	426000	19	0.254807
1729	190000	426000	56	0.0702997
1730	194000	426000	11	0.0239214
1731	50000	422000	0	0.0936605
1732	54000	422000	0	0.0548361
1733	58000	422000	0	0.0658671
1734	62000	422000	0	0.00944464
1735	66000	422000	0	0.0100252
1736	70000	422000	0	0.0566774
1737	74000	422000	0	0.0697165
1738	78000	422000	0	0.0105586
1739	82000	422000	0	0.00809408
1740	86000	422000	0	0
1741	90000	422000	0	0.0180477
1742	94000	422000	-1	0.0299364
1743	98000	422000	-1	0.0253216
1744	102000	422000	0	0.29113
1745	106000	422000	0	0.188747
1746	110000	422000	0	0.0630635
1747	114000	422000	0	0.0357796
1748	118000	422000	0	0.0429607
1749	122000	422000	0	0.0624631
1750	126000	422000	0	0.0139367
1751	130000	422000	0	0.0690396
1752	134000	422000	0	0.0356284
1753	138000	422000	1	0.0249242
1754	142000	422000	1	0.0399517
1755	146000	422000	2	0.115286
1756	150000	422000	3	0.0409621
1757	154000	422000	2	0.0253216
1758	158000	422000	3	0.00757913
1759	162000	422000	4	0.0945622
1760	166000	422000	6	0.224179
1761	170000	422000	6	0.0165476
1762	174000	422000	7	0.0647215
1763	178000	422000	7	0.0680464
1764	182000	422000	9	0.0456944
1765	186000	422000	11	0.0755972
1766	190000	422000	61	0.0415195
1767	194000	422000	24	0.0746617
1768	42000	418000	0	0.0533194
1769	46000	418000	0	0.123025
1770	50000	418000	0	0.0788408
1771	54000	418000	0	0.0574506
1772	58000	418000	0	0.0503676
1773	62000	418000	0	0.0210982
1774	66000	418000	0	0.0203221
1775	70000	418000	0	0.0648562
1776	74000	418000	0	0.040528
1777	78000	418000	0	0.0514942
1778	82000	418000	0	0.0274615
1779	86000	418000	0	0.0148629
1780	90000	418000	0	0.0686574
1781	94000	418000	0	0
1782	98000	418000	-1	0.0696089
1783	102000	418000	-1	0.030639
1784	106000	418000	0	0.033884
1785	110000	418000	0	0.0424116
1786	114000	418000	2	0.062864
1787	118000	418000	0	0.0281401
1788	122000	418000	0	0.0148046
1789	126000	418000	0	0.00637419
1790	130000	418000	0	0.000684812
1791	134000	418000	0	0.0116543
1792	138000	418000	2	0.0907394
1793	142000	418000	2	0.0361791
1794	146000	418000	2	0.0867463
1795	150000	418000	2	0.0512834
1796	154000	418000	2	0.0240308
1797	158000	418000	2	0.00784333
1798	162000	418000	6	0.103811
1799	166000	418000	11	0.297943
1800	170000	418000	14	0.0361459
1801	174000	418000	9	0.045061
1802	178000	418000	9	0.043256
1803	182000	418000	9	0.0289871
1804	186000	418000	9	0.114164
1805	190000	418000	16	0.0651302
1806	194000	418000	28	0.0136433
1807	198000	418000	40	0.00323589
1808	38000	414000	6	0.0404358
1809	42000	414000	0	0.0322342
1810	46000	414000	0	0.0209881
1811	50000	414000	0	0.00398132
1812	54000	414000	0	0.0032731
1813	58000	414000	0	0.0201339
1814	62000	414000	0	0.0575633
1815	66000	414000	0	0.0429522
1816	70000	414000	0	0.0205652
1817	74000	414000	0	0.0401484
1818	78000	414000	0	0.0168041
1819	82000	414000	0	0.0537932
1820	86000	414000	0	0.125992
1821	90000	414000	0	0.0760171
1822	94000	414000	0	0.0238749
1823	98000	414000	0	0.0317899
1824	102000	414000	0	0.11884
1825	106000	414000	0	0.0744275
1826	110000	414000	0	0.0208496
1827	114000	414000	0	0.0677976
1828	118000	414000	1	0.187097
1829	122000	414000	0	0.0903666
1830	126000	414000	0	0.036106
1831	130000	414000	0	0.127832
1832	134000	414000	0	0.0506769
1833	138000	414000	1	0.0573257
1834	142000	414000	1	0.0430184
1835	146000	414000	2	0.225942
1836	150000	414000	4	0.321938
1837	154000	414000	5	0.15647
1838	158000	414000	5	0.0464223
1839	162000	414000	6	0.0159739
1840	166000	414000	10	0.0786977
1841	170000	414000	20	0.00354686
1842	174000	414000	18	0.023951
1843	178000	414000	16	0.00993935
1844	182000	414000	10	0.00250413
1845	186000	414000	10	0.03805
1846	190000	414000	11	0.125688
1847	194000	414000	12	0.0647113
1848	198000	414000	12	0.0510497
1849	38000	410000	0	0.0632561
1850	42000	410000	0	0.0525821
1851	46000	410000	0	0.0687666
1852	50000	410000	0	0.0444241
1853	54000	410000	0	0.0187509
1854	58000	410000	0	0.00415634
1855	62000	410000	0	0.0253554
1856	66000	410000	0	0.123201
1857	70000	410000	0	0.242351
1858	74000	410000	0	0.0498383
1859	78000	410000	0	0.00456962
1860	82000	410000	0	0.0277548
1861	86000	410000	0	0.122206
1862	90000	410000	-1	0.0303619
1863	94000	410000	0	0.0352948
1864	98000	410000	2	0.386275
1865	102000	410000	0	0.241306
1866	106000	410000	0	0.0912481
1867	110000	410000	0	0.0165797
1868	114000	410000	0	0.0559199
1869	118000	410000	0	0.239695
1870	122000	410000	0	0.0214614
1871	126000	410000	0	0.0406297
1872	130000	410000	1	0.202745
1873	134000	410000	4	0.161403
1874	138000	410000	4	0.119022
1875	142000	410000	3	0.0846091
1876	146000	410000	3	0.113974
1877	150000	410000	5	0.189478
1878	154000	410000	4	0.114758
1879	158000	410000	6	0.0203039
1880	162000	410000	7	0.00713553
1881	166000	410000	9	0.00016662
1882	170000	410000	17	0.0640785
1883	174000	410000	21	0.0637655
1884	178000	410000	18	0.0631759
1885	182000	410000	17	0.0640967
1886	186000	410000	10	0.0158727
1887	190000	410000	11	0.0307165
1888	194000	410000	12	0.102025
1889	198000	410000	15	0.0398855
1890	202000	410000	14	0.0067781
1891	50000	406000	0	0.0670747
1892	54000	406000	0	0.123562
1893	58000	406000	0	0.0203648
1894	62000	406000	0	0.0344738
1895	66000	406000	0	0.0411194
1896	70000	406000	0	0.0817308
1897	74000	406000	0	0.0600129
1898	78000	406000	0	0.052816
1899	82000	406000	0	0.0255965
1900	86000	406000	0	0.115655
1901	90000	406000	0	0.0397828
1902	94000	406000	0	0.00969457
1903	98000	406000	0	0.0771092
1904	102000	406000	0	0.129174
1905	106000	406000	0	0.0357548
1906	110000	406000	0	0.0469668
1907	114000	406000	1	0.0107338
1908	118000	406000	5	0.258192
1909	122000	406000	2	0.0750573
1910	126000	406000	2	0.0442469
1911	130000	406000	6	0.0544786
1912	134000	406000	13	0.0189209
1913	138000	406000	11	0
1914	142000	406000	7	0.00690261
1915	146000	406000	7	0.0705596
1916	150000	406000	6	0.0642705
1917	154000	406000	6	0.0606622
1918	158000	406000	7	0.0193609
1919	162000	406000	8	0.0397796
1920	166000	406000	8	0.0358048
1921	170000	406000	10	0.0773079
1922	174000	406000	19	0.236709
1923	178000	406000	20	0.157552
1924	182000	406000	19	0.00519789
1925	186000	406000	15	0.0173676
1926	190000	406000	14	0.0263676
1927	194000	406000	14	0.133086
1928	198000	406000	15	0.0240799
1929	202000	406000	16	0.000216688
1930	206000	406000	16	0.0068568
1931	30000	402000	0	0.0363306
1932	34000	402000	0	0.0730973
1933	38000	402000	0	0.0516068
1934	42000	402000	0	0.0423442
1935	46000	402000	0	0.026904
1936	50000	402000	0	0.057094
1937	54000	402000	0	0.0687795
1938	58000	402000	0	0.0622932
1939	62000	402000	0	0.0279339
1940	66000	402000	0	0.0389926
1941	70000	402000	0	0.0362567
1942	74000	402000	0	0.0141768
1943	78000	402000	-1	0.0164077
1944	82000	402000	0	0.0580827
1945	86000	402000	0	0.00240311
1946	90000	402000	0	0.053957
1947	94000	402000	0	0.0490055
1948	98000	402000	0	0.0328253
1949	102000	402000	0	0.00564181
1950	106000	402000	1	0.0309149
1951	110000	402000	2	0.372042
1952	114000	402000	3	0.273765
1953	118000	402000	8	0.121866
1954	122000	402000	8	0.140122
1955	126000	402000	5	0.082156
1956	130000	402000	9	0.229892
1957	134000	402000	12	0.0736347
1958	138000	402000	10	0.0632029
1959	142000	402000	8	0.0506273
1960	146000	402000	6	0.00543282
1961	150000	402000	7	0.0548404
1962	154000	402000	7	0.0117919
1963	158000	402000	9	0.067674
1964	162000	402000	10	0.211116
1965	166000	402000	10	0.228564
1966	170000	402000	10	0.0384485
1967	174000	402000	14	0.0486772
1968	178000	402000	20	0.00804821
1969	182000	402000	22	0.00597935
1970	186000	402000	22	0
1971	190000	402000	19	0.0218752
1972	194000	402000	16	0.0212697
1973	198000	402000	14	0.0273225
1974	202000	402000	17	0.0436397
1975	206000	402000	21	0.198655
1976	22000	398000	0	0.0446604
1977	26000	398000	0	0.0253132
1978	30000	398000	0	0.0116845
1979	34000	398000	0	0.0274121
1980	38000	398000	0	0.0259048
1981	42000	398000	0	0.0167464
1982	46000	398000	0	0.0239064
1983	50000	398000	0	0.0280809
1984	54000	398000	0	0.0686563
1985	58000	398000	0	0.0616602
1986	62000	398000	0	0.0180437
1987	66000	398000	-1	0.0237834
1988	70000	398000	-2	0.0021943
1989	74000	398000	0	0.0261193
1990	78000	398000	0	0.00297232
1991	82000	398000	0	0.0274887
1992	86000	398000	0	0.00763811
1993	90000	398000	0	0.207401
1994	94000	398000	3	0.0606804
1995	98000	398000	5	0.0570455
1996	102000	398000	6	0.286913
1997	106000	398000	5	0.062853
1998	110000	398000	4	0.191904
1999	114000	398000	5	0.198425
2000	118000	398000	6	0.0590762
2001	122000	398000	12	0.253368
2002	126000	398000	9	0.18987
2003	130000	398000	15	0.214793
2004	134000	398000	14	0.329681
2005	138000	398000	12	0.130188
2006	142000	398000	11	0.115804
2007	146000	398000	10	0
2008	150000	398000	8	0.118263
2009	154000	398000	9	0.0331273
2010	158000	398000	9	0.0276124
2011	162000	398000	11	0.0412109
2012	166000	398000	11	2.68E-07
2013	170000	398000	12	4.49E-05
2014	174000	398000	13	0.0227693
2015	178000	398000	21	0.104424
2016	182000	398000	24	0.00912377
2017	186000	398000	25	0
2018	190000	398000	24	0
2019	194000	398000	23	0.0243433
2020	198000	398000	17	0.0168123
2021	202000	398000	14	0.0192485
2022	206000	398000	20	0.0104912
2023	22000	394000	0	0.0215701
2024	26000	394000	0	0.00529367
2025	30000	394000	0	0.0284602
2026	34000	394000	0	0.0316438
2027	38000	394000	0	0.0358558
2028	42000	394000	0	0.00450376
2029	46000	394000	0	0.0116271
2030	50000	394000	0	0.074853
2031	54000	394000	0	0.0320556
2032	58000	394000	0	0.0790487
2033	62000	394000	0	0.0638201
2034	66000	394000	0	0.042532
2035	70000	394000	0	0.0389656
2036	74000	394000	0	0.129111
2037	78000	394000	4	0.107709
2038	82000	394000	2	0.00542731
2039	86000	394000	3	0.0242246
2040	90000	394000	5	0.30555
2041	94000	394000	7	0.185805
2042	98000	394000	11	0.093451
2043	102000	394000	9	0.0171741
2044	106000	394000	7	0.0115963
2045	110000	394000	6	0.0249029
2046	114000	394000	6	0.0217244
2047	118000	394000	11	0.0170947
2048	122000	394000	16	0.01181
2049	126000	394000	14	0.057522
2050	130000	394000	15	0.156196
2051	134000	394000	15	0.157183
2052	138000	394000	14	0.0197203
2053	142000	394000	10	0.0245581
2054	146000	394000	10	0.00263337
2055	150000	394000	12	0
2056	154000	394000	13	0.00745482
2057	158000	394000	13	0
2058	162000	394000	13	0.0437415
2059	166000	394000	13	0.00962846
2060	170000	394000	14	0.0801198
2061	174000	394000	14	0.0433172
2062	178000	394000	20	0.0155818
2063	182000	394000	30	0.00419975
2064	186000	394000	28	0.0608286
2065	190000	394000	30	0.0892831
2066	194000	394000	24	0.0717949
2067	198000	394000	24	0.24711
2068	202000	394000	18	0.0668634
2069	206000	394000	17	0.0169296
2070	210000	394000	23	0.00222164
2071	26000	390000	0	0.0328173
2072	30000	390000	0	0.110467
2073	34000	390000	0	0.258384
2074	38000	390000	0	0.113857
2075	42000	390000	0	0.0115876
2076	46000	390000	0	0.0316672
2077	50000	390000	0	0.162509
2078	54000	390000	0	0.0480511
2079	58000	390000	-1	0.0341178
2080	62000	390000	0	0.0887061
2081	74000	390000	0	0.0952426
2082	78000	390000	3	0.351571
2083	82000	390000	10	0.0774122
2084	86000	390000	8	0.00467223
2085	90000	390000	7	0.0291309
2086	94000	390000	11	8.20E-06
2087	98000	390000	12	0.00548323
2088	102000	390000	10	0.0012494
2089	106000	390000	8	0.00875483
2090	110000	390000	6	0.090833
2091	114000	390000	9	0.0160403
2092	118000	390000	12	0.0151021
2093	122000	390000	23	5.14E-05
2094	126000	390000	22	0.00799437
2095	130000	390000	19	0.0398165
2096	134000	390000	17	0.0158937
2097	138000	390000	14	0.0676059
2098	142000	390000	12	0.000102697
2099	146000	390000	14	1.05E-05
2100	150000	390000	16	0.0905809
2101	154000	390000	17	0.172884
2102	158000	390000	18	0.221242
2103	162000	390000	16	0.206931
2104	166000	390000	15	0.00873805
2105	170000	390000	18	0.0597124
2106	174000	390000	17	0.112173
2107	178000	390000	20	0.033322
2108	182000	390000	24	0.0121404
2109	186000	390000	27	0.0917622
2110	190000	390000	30	0.0200254
2111	194000	390000	28	0.012409
2112	198000	390000	25	0.022788
2113	202000	390000	22	0.0217225
2114	206000	390000	18	0.0225891
2115	210000	390000	19	0.0315554
2116	214000	390000	32	0.0287913
2117	26000	386000	0	0.0831997
2118	30000	386000	0	0.23341
2119	34000	386000	0	0.100136
2120	38000	386000	2	0.40986
2121	42000	386000	0	0.0423597
2122	46000	386000	0	0.00815115
2123	50000	386000	0	0.0338745
2124	54000	386000	0	0.0314078
2125	58000	386000	0	0.110314
2126	62000	386000	0	0.0639784
2127	74000	386000	0	0.172587
2128	78000	386000	0	0.0562033
2129	82000	386000	18	0.124287
2130	86000	386000	13	0.00679157
2131	90000	386000	12	0.0920919
2132	94000	386000	13	0.0684903
2133	98000	386000	12	0
2134	102000	386000	10	0.0147898
2135	106000	386000	10	0.0255637
2136	110000	386000	9	0.0693289
2137	114000	386000	13	0.0435844
2138	118000	386000	16	0.00933492
2139	122000	386000	22	0.0183824
2140	126000	386000	23	0.00950218
2141	130000	386000	23	0.029625
2142	134000	386000	26	1.40E-05
2143	138000	386000	18	0.0197071
2144	142000	386000	17	0.0138673
2145	146000	386000	19	0.0276131
2146	150000	386000	21	0.000232748
2147	154000	386000	19	0.365714
2148	158000	386000	19	0.247415
2149	162000	386000	18	0.220773
2150	166000	386000	17	0.134451
2151	170000	386000	18	0.108591
2152	174000	386000	18	0.287583
2153	178000	386000	22	0.203518
2154	182000	386000	25	0.161576
2155	186000	386000	28	0.0560382
2156	190000	386000	31	0.0131852
2157	194000	386000	30	5.85E-05
2158	198000	386000	27	0.00747508
2159	202000	386000	24	0.0928694
2160	206000	386000	23	0
2161	210000	386000	20	0.031821
2162	214000	386000	31	0.0130836
2163	26000	382000	0	0.0627111
2164	30000	382000	0	0.082102
2165	38000	382000	0	0.0912423
2166	42000	382000	0	0.0295241
2167	46000	382000	0	2.30E-05
2168	50000	382000	0	0.000345702
2169	54000	382000	0	0.05919
2170	58000	382000	0	0.0649692
2171	62000	382000	0	0.0468832
2172	66000	382000	0	0.0299717
2173	70000	382000	0	0.0181296
2174	74000	382000	0	0.0477484
2175	78000	382000	0	0.0108395
2176	82000	382000	19	0.12708
2177	86000	382000	18	0.0111886
2178	98000	382000	13	0.00131977
2179	102000	382000	12	0.0175979
2180	106000	382000	12	0
2181	110000	382000	13	0.0484031
2182	114000	382000	15	0.0190358
2183	118000	382000	18	0
2184	122000	382000	25	0.0246226
2185	126000	382000	26	0.0102705
2186	130000	382000	27	0.0323976
2187	134000	382000	28	0.0109767
2188	138000	382000	27	0.000438883
2189	142000	382000	24	0.000129247
2190	146000	382000	23	0.00474096
2191	150000	382000	25	0.0139942
2192	154000	382000	22	0.189107
2193	158000	382000	19	0.344371
2194	162000	382000	19	0.260914
2195	166000	382000	20	0.20371
2196	170000	382000	24	0.0486915
2197	174000	382000	23	0.00991557
2198	178000	382000	22	0.053878
2199	182000	382000	25	0.0428749
2200	186000	382000	29	0.02148
2201	190000	382000	32	0.0314222
2202	194000	382000	31	0.00894038
2203	198000	382000	28	0.0204348
2204	202000	382000	25	0.0717407
2205	206000	382000	24	0.0776516
2206	210000	382000	20	0.0197172
2207	214000	382000	23	0.0481068
2208	14000	378000	0	0.058961
2209	18000	378000	1	0.0166092
2210	22000	378000	0	0.0117413
2211	26000	378000	0	0.0198638
2212	30000	378000	0	0.0366666
2213	34000	378000	0	0.0423269
2214	38000	378000	0	0.064487
2215	42000	378000	0	0.0687619
2216	46000	378000	0	0.0534177
2217	50000	378000	0	0.0597994
2218	54000	378000	0	0.0667574
2219	58000	378000	0	0.0394801
2220	62000	378000	0	0.0642084
2221	66000	378000	0	0.0668826
2222	70000	378000	0	0.0614874
2223	74000	378000	0	0.0801546
2224	78000	378000	0	0.0867888
2225	82000	378000	12	0.027381
2226	86000	378000	23	0.00075312
2227	122000	378000	24	0.0258669
2228	134000	378000	33	1.53E-05
2229	138000	378000	27	0.0188372
2230	142000	378000	28	0.0256287
2231	146000	378000	26	0.028229
2232	150000	378000	26	0.0083904
2233	154000	378000	25	0.0682101
2234	158000	378000	20	0.142087
2235	162000	378000	24	0.0707101
2236	166000	378000	24	0.0335183
2237	170000	378000	23	0.0204821
2238	174000	378000	25	0.00728579
2239	178000	378000	25	0.1281
2240	182000	378000	25	0.0455107
2241	186000	378000	28	0.00121218
2242	190000	378000	32	0.00436787
2243	194000	378000	33	0.0110052
2244	198000	378000	31	0.0384148
2245	202000	378000	27	0.116186
2246	206000	378000	24	0.2993
2247	210000	378000	22	0.229702
2248	214000	378000	36	0.113981
2249	14000	374000	1	0.00198761
2250	18000	374000	0	0.00089383
2251	22000	374000	0	0.0293945
2252	26000	374000	0	0.00861458
2253	30000	374000	0	0.00240947
2254	34000	374000	0	0.000971701
2255	38000	374000	0	0.0260625
2256	42000	374000	0	0.327738
2257	46000	374000	0	0.224557
2258	50000	374000	0	0.0532742
2259	54000	374000	0	0.00400588
2260	58000	374000	0	0.008495
2261	62000	374000	0	0.0040417
2262	66000	374000	0	0.0323078
2263	70000	374000	2	0.0677743
2264	74000	374000	1	0.0604899
2265	82000	374000	4	0.101
2266	86000	374000	13	0.0788584
2267	138000	374000	30	0.0497705
2268	142000	374000	31	0.110538
2269	146000	374000	30	0.0787736
2270	150000	374000	29	0.0976404
2271	154000	374000	28	0.0151326
2272	158000	374000	24	0.0850425
2273	162000	374000	26	0.126045
2274	166000	374000	26	0.024733
2275	170000	374000	25	0.0373372
2276	174000	374000	26	0.00275055
2277	178000	374000	26	0.0219179
2278	182000	374000	26	0.00878002
2279	186000	374000	28	0.0369005
2280	190000	374000	33	0.0455085
2281	194000	374000	34	0.0216677
2282	198000	374000	30	0.0124906
2283	202000	374000	28	0.0402634
2284	206000	374000	22	0.12323
2285	210000	374000	34	0.23943
2286	214000	374000	44	0.0707797
2287	14000	370000	0	0.0364974
2288	18000	370000	0	1.19E-05
2289	22000	370000	0	0.000691763
2290	26000	370000	0	0.000255266
2291	30000	370000	0	0.0110455
2292	34000	370000	0	0.00012869
2293	38000	370000	0	0.00575521
2294	42000	370000	0	0.0169384
2295	46000	370000	0	0.220783
2296	50000	370000	0	0.0476178
2297	54000	370000	0	0.00789743
2298	58000	370000	0	0.0160432
2299	62000	370000	0	0.00134803
2300	66000	370000	0	0
2301	70000	370000	1	0.003458
2302	138000	370000	28	0.052406
2303	142000	370000	39	0
2304	146000	370000	40	0
2305	150000	370000	32	0.0319292
2306	154000	370000	29	0.0660034
2307	158000	370000	29	0.00662149
2308	162000	370000	28	0.000294974
2309	166000	370000	26	0.00673905
2310	170000	370000	28	0.0523077
2311	174000	370000	32	0.01912
2312	178000	370000	27	0
2313	182000	370000	28	0.00567286
2314	186000	370000	29	0.00751366
2315	190000	370000	31	0.0156275
2316	194000	370000	32	0.0608506
2317	198000	370000	34	0.0997009
2318	202000	370000	28	0.0108897
2319	206000	370000	24	0.14573
2320	210000	370000	50	0.117215
2321	18000	366000	0	0.0187001
2322	22000	366000	0	0.00210808
2323	26000	366000	0	0.0024536
2324	38000	366000	0	0.012131
2325	42000	366000	0	0.0135827
2326	46000	366000	0	0.192861
2327	50000	366000	0	0.0854223
2328	54000	366000	0	0.0134512
2329	58000	366000	1	0.00640727
2330	62000	366000	1	0.147203
2331	66000	366000	1	0.0161678
2332	142000	366000	41	6.49E-05
2333	146000	366000	41	3.32E-09
2334	150000	366000	36	0.0192415
2335	154000	366000	34	0.000260734
2336	158000	366000	31	0
2337	162000	366000	31	0.0214414
2338	166000	366000	30	0.0221437
2339	170000	366000	30	0.0393838
2340	174000	366000	34	0.0458952
2341	178000	366000	31	0.108613
2342	182000	366000	32	0.0562369
2343	186000	366000	30	0
2344	190000	366000	30	0.00547017
2345	194000	366000	29	0.00523807
2346	198000	366000	28	0.0190076
2347	202000	366000	25	0.0813392
2348	206000	366000	26	0.0111001
2349	22000	362000	1	0.0154876
2350	42000	362000	0	0.0530785
2351	46000	362000	0	0.101677
2352	50000	362000	1	0.00195578
2353	54000	362000	1	0.00680644
2354	58000	362000	2	0.0314058
2355	62000	362000	5	0.0617686
2356	146000	362000	45	0.0812201
2357	150000	362000	45	0.100413
2358	166000	362000	34	0.130015
2359	170000	362000	33	0.115223
2360	174000	362000	35	0.13927
2361	178000	362000	33	0.199602
2362	182000	362000	30	0.0225782
2363	186000	362000	29	0
2364	190000	362000	29	0.0399871
2365	194000	362000	28	0.0445527
2366	198000	362000	20	0.0336029
2367	202000	362000	26	0.0567635
2368	46000	358000	3	0.133711
2369	50000	358000	2	0.0143242
2370	54000	358000	2	0.0111943
2371	170000	358000	35	0.0027449
2372	174000	358000	33	2.00E-05
2373	178000	358000	31	0.0337186
2374	182000	358000	29	0.00763085
2375	186000	358000	28	0.00393802
2376	190000	358000	28	0.0164052
2377	194000	358000	23	0.0988825
2378	198000	358000	22	0.242048
2379	202000	358000	29	0.014856
2380	174000	354000	34	0.00172928
2381	178000	354000	31	0.0715339
2382	182000	354000	30	0.00521818
2383	186000	354000	28	0.105087
2384	190000	354000	23	0.104644
2385	194000	354000	20	0.118917
2386	198000	354000	24	0.160075
2387	202000	354000	30	0.132231
2388	206000	354000	66	0.0556774
2389	210000	354000	83	0.0541689
2390	186000	350000	23	0.0628768
2391	190000	350000	26	0.12182
2392	194000	350000	28	0.0392132
2393	198000	350000	29	0.0219355
2394	202000	350000	29	0.0366674
2395	206000	350000	43	0.0145143
2396	186000	346000	26	0.067897
2397	190000	346000	29	0.140307
2398	194000	346000	29	0.00268005
2399	198000	346000	37	0.0163695
2400	202000	346000	33	0.0616994
2401	182000	342000	30	0.0395772
2402	186000	342000	28	0.137919
2403	190000	342000	32	0.0492277
2404	194000	342000	50	0.0184541
2405	182000	338000	32	0.0402705
2406	186000	338000	35	0.150794
2407	190000	338000	39	0.126486
2408	194000	338000	55	0.0262854
2409	182000	334000	47	0.180667
2410	186000	334000	56	0.188623
2411	190000	334000	53	0.153538
2412	194000	334000	61	0.0339059
2413	198000	334000	71	0.051964
2414	178000	330000	39	0.170794
2415	182000	330000	63	0.322803
2416	186000	330000	67	0.238022
2417	190000	330000	93	0.0452195
2418	194000	330000	88	0.0577313
2419	198000	330000	78	0.171703
2420	178000	326000	41	0.0744188
2421	182000	326000	104	0.165003
2422	186000	326000	115	0.0323663
2423	190000	326000	90	0.0835984
2424	194000	326000	92	0.237632
2425	198000	326000	106	0.080746
2426	202000	326000	122	0.100913
2427	174000	322000	59	0.19618
2428	178000	322000	45	0.190934
2429	182000	322000	98	0.0538522
2430	186000	322000	128	0.0377174
2431	190000	322000	109	0.0206958
2432	194000	322000	93	0.154872
2433	198000	322000	134	0.20796
2434	202000	322000	132	0.224409
2435	174000	318000	71	0.184985
2436	178000	318000	50	0.278098
2437	182000	318000	112	0.0173913
2438	186000	318000	136	0.0355675
2439	190000	318000	121	0.019624
2440	194000	318000	168	0.00788768
2441	198000	318000	168	0.262812
2442	202000	318000	158	0.140444
2443	174000	314000	92	0.0397758
2444	178000	314000	51	0.201667
2445	182000	314000	128	0.0138476
2446	186000	314000	164	0.0409167
2447	190000	314000	135	0.0180241
2448	194000	314000	134	0.0154949
2449	198000	314000	177	0.0286575
2450	178000	310000	57	0.0570966
2451	182000	310000	130	0.0110406
2452	186000	310000	178	0.0126877
2453	190000	310000	183	0.000661591
2454	194000	310000	162	0.00996195
2455	198000	310000	196	0.0311208
2456	178000	306000	77	0.123044
2457	186000	306000	200	0.0371238
2458	190000	306000	209	0.0292446
2459	194000	306000	178	0.0588881
2460	198000	306000	226	0.0693924
