ID	XLAMB	YLAMB	ALT	BETA
1	226000	618000	0	0.0498343
2	230000	618000	0	0.0544927
3	234000	618000	0	0.0589641
4	206000	614000	0	0.0522992
5	210000	614000	0	0.0428444
6	214000	614000	0	0.0430791
7	218000	614000	0	0.0413451
8	174000	610000	0	0.0573751
9	178000	610000	0	0.0616388
10	182000	610000	0	0.0570339
11	186000	610000	0	0.0551335
12	190000	610000	0	0.0487267
13	206000	610000	0	0.0242322
14	210000	610000	0	0.0360595
15	242000	610000	0	0.0716134
16	246000	610000	0	0.0442223
17	250000	610000	0	0.104064
18	158000	606000	0	0.0515088
19	162000	606000	0	0.0439778
20	166000	606000	0	0.058801
21	170000	606000	0	0.0580679
22	174000	606000	0	0.0230455
23	178000	606000	0	0.0307477
24	182000	606000	0	0.0547899
25	186000	606000	0	0.051936
26	190000	606000	0	0.0613606
27	194000	606000	0	0.0634442
28	206000	606000	0	0.0599646
29	210000	606000	0	0.0634442
30	226000	606000	0	0.0590014
31	230000	606000	0	0.0520967
32	234000	606000	0	0.0390692
33	238000	606000	0	0.0097467
34	242000	606000	0	0.00214482
35	246000	606000	0	0.0148515
36	250000	606000	0	0.104773
37	254000	606000	0	0.1746
38	142000	602000	0	0.0551697
39	146000	602000	0	0.037847
40	150000	602000	2	0.0282152
41	154000	602000	1	0.0192226
42	158000	602000	0	0.0358955
43	186000	602000	0	0.0634442
44	190000	602000	0	0.0623093
45	194000	602000	0	0.0467071
46	198000	602000	0	0.0317159
47	202000	602000	0	0.0298436
48	206000	602000	0	0.0468344
49	210000	602000	0	0.084758
50	214000	602000	0	0.0559282
51	218000	602000	0	0.0361158
52	222000	602000	0	0.0148486
53	226000	602000	0	0.00100864
54	230000	602000	0	0.00766935
55	234000	602000	0	0.018442
56	238000	602000	0	0.0188382
57	242000	602000	0	0.0548098
58	246000	602000	0	0.00555333
59	250000	602000	0	0.0139492
60	254000	602000	0	0.0299998
61	142000	598000	2	0.0272247
62	146000	598000	0	0.0575863
63	150000	598000	0	0.0511013
64	182000	598000	0	0.0603421
65	186000	598000	0	0.0316592
66	190000	598000	0	0.0127355
67	194000	598000	0	0.00740915
68	198000	598000	0	0.00844816
69	202000	598000	0	0.00632163
70	206000	598000	0	0.0423238
71	210000	598000	0	0.0396966
72	214000	598000	0	0.020923
73	218000	598000	0	0.0135228
74	222000	598000	0	0.0165693
75	226000	598000	0	0.013571
76	230000	598000	0	0.0129611
77	234000	598000	0	0.00019998
78	238000	598000	0	0.0195479
79	242000	598000	0	0.00019998
80	246000	598000	0	0.00510374
81	250000	598000	0	0.000196177
82	254000	598000	0	0.0183154
83	138000	594000	0	0.0634442
84	174000	594000	0	0.056321
85	178000	594000	0	0.0351921
86	182000	594000	0	0.0157887
87	186000	594000	0	0.00846209
88	190000	594000	0	0.00019998
89	194000	594000	0	0.0934168
90	198000	594000	0	0.053643
91	202000	594000	0	0.00019998
92	206000	594000	0	0.0188302
93	210000	594000	0	0.0492037
94	214000	594000	0	0.025002
95	218000	594000	0	0.013079
96	222000	594000	0	0.00142421
97	226000	594000	0	0.000882784
98	230000	594000	0	0.041855
99	234000	594000	0	0.00191779
100	238000	594000	-1	0.00621793
101	242000	594000	0	0.00883518
102	246000	594000	0	0.0177259
103	250000	594000	0	0.0120442
104	254000	594000	0	0.10266
105	258000	594000	0	0.313035
106	262000	594000	0	0.189956
107	130000	590000	0	0.0410797
108	134000	590000	0	0.0643815
109	138000	590000	0	0.0544436
110	170000	590000	0	0.0146283
111	174000	590000	0	0.00522868
112	178000	590000	0	0.00019998
113	182000	590000	0	0.016462
114	186000	590000	0	0.00728562
115	190000	590000	0	0.0013242
116	194000	590000	0	0.0343634
117	198000	590000	0	0.0197503
118	202000	590000	0	0.00652795
119	206000	590000	0	0.0288712
120	210000	590000	0	0.00019998
121	214000	590000	0	0.000241148
122	218000	590000	0	0.0357291
123	222000	590000	0	0.00516852
124	226000	590000	0	0.00449614
125	230000	590000	0	0.00532962
126	234000	590000	0	0.0288384
127	238000	590000	-1	0.0204377
128	242000	590000	-1	0.0221837
129	246000	590000	-1	0.00941677
130	250000	590000	-1	0.0171872
131	254000	590000	-2	0.00912891
132	258000	590000	-2	0.0027525
133	262000	590000	-2	0.0631794
134	266000	590000	-1	0.0258812
135	270000	590000	0	0.0613354
136	126000	586000	0	0.0416558
137	166000	586000	0	0.0145496
138	170000	586000	0	0.0208783
139	174000	586000	0	0.0484548
140	178000	586000	0	0.0171467
141	182000	586000	0	0.0305365
142	186000	586000	0	0.00019998
143	190000	586000	0	0.0181441
144	194000	586000	-1	0.0198046
145	198000	586000	0	0.038806
146	202000	586000	1	0.0177934
147	206000	586000	0	0.0633827
148	210000	586000	0	0.00168239
149	214000	586000	0	0.00243957
150	218000	586000	0	0.0392332
151	222000	586000	0	0.0925528
152	226000	586000	0	0.0133695
153	230000	586000	0	0.0408166
154	234000	586000	0	0.0800835
155	238000	586000	-1	0.027668
156	242000	586000	-1	0.00500637
157	246000	586000	-1	0.000939222
158	250000	586000	-2	0.0197025
159	254000	586000	-2	0.0260842
160	258000	586000	-3	0.0282742
161	262000	586000	-2	0.00603199
162	266000	586000	-1	0.00246815
163	270000	586000	0	0.0391356
164	274000	586000	0	0.0572004
165	122000	582000	0	0.0296485
166	126000	582000	0	0.0532258
167	158000	582000	0	0.0542187
168	162000	582000	0	0.0155626
169	166000	582000	0	0.0129109
170	170000	582000	0	0.000802315
171	174000	582000	0	0.0284779
172	178000	582000	0	0.158177
173	182000	582000	0	0.134662
174	186000	582000	-1	0.0774787
175	190000	582000	-1	0.060799
176	194000	582000	0	0.0548359
177	198000	582000	0	0.0478664
178	202000	582000	0	0.0534574
179	206000	582000	0	0.00836336
180	210000	582000	0	0.00898221
181	214000	582000	0	0.0357762
182	218000	582000	0	0.0153387
183	222000	582000	0	0.00222362
184	226000	582000	0	0.0111701
185	230000	582000	0	0.237149
186	234000	582000	1	0.33561
187	238000	582000	0	0.24013
188	242000	582000	-1	0.0305327
189	246000	582000	-1	0.000977713
190	250000	582000	-1	0.022346
191	254000	582000	-2	0.00181798
192	258000	582000	-2	0.000313552
193	262000	582000	-1	0.000546733
194	266000	582000	0	0.0173005
195	270000	582000	0	0.00587053
196	274000	582000	-1	0.00049674
197	278000	582000	0	0.00191482
198	118000	578000	0	0.0536448
199	122000	578000	0	0.0620467
200	158000	578000	0	0.192137
201	162000	578000	0	0.0355872
202	166000	578000	0	0.140477
203	170000	578000	0	0.0070783
204	174000	578000	0	0.0234542
205	178000	578000	0	0.0715375
206	182000	578000	0	0.259319
207	186000	578000	-1	0.210695
208	190000	578000	-1	0.00064571
209	194000	578000	0	0.0878779
210	198000	578000	0	0.0557901
211	202000	578000	1	0.0431479
212	206000	578000	0	0.096997
213	210000	578000	0	0.0386797
214	214000	578000	0	0.0105926
215	218000	578000	0	0.00427922
216	222000	578000	0	0.0921919
217	226000	578000	0	0.0253757
218	230000	578000	0	0.0776738
219	234000	578000	0	0.165297
220	238000	578000	0	0.118421
221	242000	578000	0	0.0994497
222	246000	578000	0	0.132605
223	250000	578000	0	0.0208745
224	254000	578000	0	0.0755142
225	258000	578000	-1	0.0160199
226	262000	578000	0	0.0719043
227	266000	578000	-2	0.0754623
228	270000	578000	-1	0.0397042
229	274000	578000	-1	0.0168916
230	278000	578000	-1	0.0382985
231	118000	574000	0	0.0429451
232	122000	574000	0	0.0445365
233	158000	574000	0	0.0657897
234	162000	574000	0	0.00019998
235	166000	574000	0	0.00470867
236	170000	574000	0	0.0105711
237	174000	574000	0	0.00019998
238	178000	574000	0	0.00019998
239	182000	574000	0	0.027049
240	186000	574000	-1	0.0301586
241	190000	574000	-1	0.0196443
242	194000	574000	0	0.0208712
243	198000	574000	0	0.00913664
244	202000	574000	0	0.0160649
245	206000	574000	2	0.00019998
246	210000	574000	2	0.00290727
247	214000	574000	1	0.066889
248	218000	574000	1	0.00292901
249	222000	574000	2	0.10341
250	226000	574000	0	0.120581
251	230000	574000	0	0.0262041
252	234000	574000	1	0.0699551
253	238000	574000	2	0.0440511
254	242000	574000	0	0.0442491
255	246000	574000	0	0.113422
256	250000	574000	0	0.0822202
257	254000	574000	0	0.0689863
258	258000	574000	-1	0.0215538
259	262000	574000	-1	0.0300835
260	266000	574000	0	0.213633
261	270000	574000	-1	0.00263016
262	274000	574000	-2	0.00952794
263	114000	570000	0	0.0369534
264	118000	570000	0	0.042674
265	122000	570000	0	0.0308813
266	154000	570000	0	0.0694068
267	158000	570000	0	0.00334362
268	162000	570000	0	0.0136022
269	166000	570000	0	0.00107734
270	170000	570000	0	0.0176445
271	174000	570000	0	0.00019998
272	178000	570000	0	0.00796498
273	182000	570000	0	0.00533769
274	186000	570000	-1	0.0234924
275	190000	570000	0	0.0334181
276	194000	570000	0	0.0300624
277	198000	570000	0	0.0738913
278	202000	570000	1	0.295995
279	206000	570000	2	0.142118
280	210000	570000	2	0.000354755
281	214000	570000	3	0.00933972
282	218000	570000	3	0.00833361
283	222000	570000	4	0.0241301
284	226000	570000	3	0.00698152
285	230000	570000	2	0.000193828
286	234000	570000	3	0.0891859
287	238000	570000	3	0.0356142
288	242000	570000	0	0.0483502
289	246000	570000	0	0.000535609
290	250000	570000	0	0.00660142
291	254000	570000	0	0.281222
292	258000	570000	0	0.037337
293	262000	570000	0	0.0428154
294	266000	570000	-1	0.0390096
295	270000	570000	-1	0.020544
296	274000	570000	0	0.0214258
297	278000	570000	0	0.000389726
298	110000	566000	0	0.0514255
299	114000	566000	0	0.0264271
300	118000	566000	0	0.000200604
301	122000	566000	0	0.0346251
302	150000	566000	0	0.0634442
303	154000	566000	0	0.0764441
304	158000	566000	0	0.00196217
305	162000	566000	0	0.0388051
306	166000	566000	0	0.0254598
307	170000	566000	0	0.00528254
308	174000	566000	0	0.00310217
309	178000	566000	0	0.00019998
310	182000	566000	0	0.0122624
311	186000	566000	0	0.0696793
312	190000	566000	0	0.00552387
313	194000	566000	-1	0.00364906
314	198000	566000	-1	0.0304947
315	202000	566000	1	0.0668347
316	206000	566000	1	0.0280646
317	210000	566000	3	0.00135683
318	214000	566000	5	0.0126037
319	218000	566000	5	0.0362948
320	222000	566000	5	0.00275415
321	226000	566000	8	0.0493219
322	230000	566000	7	0.00241632
323	234000	566000	6	0.0460096
324	238000	566000	6	0.040599
325	242000	566000	8	0.0449264
326	246000	566000	0	0.00837378
327	250000	566000	0	0.000198578
328	254000	566000	0	0.0940875
329	258000	566000	0	0.0146562
330	262000	566000	0	0.0589581
331	266000	566000	0	0.00399893
332	270000	566000	0	0.0312322
333	274000	566000	0	0.000426257
334	278000	566000	0	0.017784
335	110000	562000	0	0.0291151
336	114000	562000	0	0.0354063
337	118000	562000	0	0.0478025
338	146000	562000	0	0.0634442
339	154000	562000	0	0.0873608
340	158000	562000	0	0.0182529
341	162000	562000	0	0.0279543
342	166000	562000	0	0.0194736
343	170000	562000	0	0.0815902
344	174000	562000	0	0.134263
345	178000	562000	-1	0.023673
346	182000	562000	0	0.0343512
347	186000	562000	0	0.0465617
348	190000	562000	0	0.00888274
349	194000	562000	-1	0.00757477
350	198000	562000	-1	0.0002099
351	202000	562000	2	0.0299846
352	206000	562000	3	0.000176972
353	210000	562000	4	0.0121736
354	214000	562000	5	0.000177392
355	218000	562000	5	0.000177031
356	222000	562000	7	0.040092
357	226000	562000	9	0.0356018
358	230000	562000	10	0.00427739
359	234000	562000	10	0.0582627
360	238000	562000	7	0.00944021
361	242000	562000	10	0.012343
362	246000	562000	9	0.017011
363	250000	562000	1	0.00040603
364	254000	562000	2	0.00818343
365	258000	562000	1	0.00889051
366	262000	562000	1	0.0105364
367	266000	562000	2	0.0133412
368	270000	562000	0	0.0286537
369	274000	562000	1	0.00536567
370	278000	562000	1	0.00478704
371	110000	558000	0	0.0350567
372	114000	558000	0	0.0262885
373	142000	558000	0	0.0915498
374	154000	558000	0	0.0632295
375	158000	558000	0	0.00463576
376	162000	558000	0	0.0030507
377	166000	558000	0	0.00764089
378	170000	558000	0	0.023709
379	174000	558000	0	0.155854
380	178000	558000	0	0.0332429
381	182000	558000	0	0.0111872
382	186000	558000	0	0.000220472
383	190000	558000	0	0.0177873
384	194000	558000	-1	0.00377602
385	198000	558000	-1	0.0415545
386	202000	558000	0	0.0511823
387	206000	558000	3	0.0110774
388	210000	558000	3	0.00425355
389	214000	558000	4	0.0292772
390	218000	558000	6	0.0122891
391	222000	558000	9	0.0444264
392	226000	558000	10	0.0204669
393	230000	558000	10	0.0879899
394	234000	558000	11	0.313025
395	238000	558000	10	0.030599
396	242000	558000	11	0.00152822
397	246000	558000	17	0.0711055
398	250000	558000	2	0.00895374
399	254000	558000	2	0.0248362
400	258000	558000	3	0.0434315
401	262000	558000	3	0.0981141
402	266000	558000	2	0.00019998
403	270000	558000	1	0.00255718
404	274000	558000	2	0.00783657
405	278000	558000	3	0.00347097
406	110000	554000	0	0.0909365
407	114000	554000	0	0.170174
408	138000	554000	0	0.0634442
409	158000	554000	0	0.0749452
410	162000	554000	0	0.0151849
411	166000	554000	0	0.0139076
412	170000	554000	0	0.0832964
413	174000	554000	0	0.00846054
414	178000	554000	0	0.0283061
415	182000	554000	0	0.121901
416	186000	554000	0	0.0695551
417	190000	554000	0	0.307137
418	194000	554000	0	0.0570402
419	198000	554000	0	0.00019998
420	202000	554000	1	0.00158192
421	206000	554000	2	0.000159097
422	210000	554000	4	0.000195383
423	214000	554000	5	0.0182221
424	218000	554000	6	0.0613247
425	222000	554000	9	0.0196326
426	226000	554000	10	0.0198255
427	230000	554000	12	0.0679497
428	234000	554000	10	0.0860903
429	238000	554000	12	0.0109506
430	242000	554000	14	0.0264612
431	246000	554000	24	0.0131974
432	250000	554000	16	0.0217037
433	254000	554000	4	0.00977116
434	258000	554000	4	0.0364597
435	262000	554000	5	0.142172
436	266000	554000	4	0.000195653
437	270000	554000	5	0.00964252
438	274000	554000	4	0.0057753
439	110000	550000	0	0.0704402
440	114000	550000	0	0.362975
441	126000	550000	0	0.0547294
442	130000	550000	0	0.0710192
443	134000	550000	0	0.0636008
444	154000	550000	0	0.0657012
445	158000	550000	0	0.0198554
446	162000	550000	0	0.0190156
447	166000	550000	0	0.0360799
448	170000	550000	0	0.0458675
449	174000	550000	0	0.0331878
450	178000	550000	0	0.0270816
451	182000	550000	0	0.0102938
452	186000	550000	0	0.0123782
453	190000	550000	0	0.0730873
454	194000	550000	1	0.114044
455	198000	550000	0	0.00875755
456	202000	550000	0	0.0068822
457	206000	550000	2	0.0104266
458	210000	550000	3	0.000196122
459	214000	550000	7	0.000137403
460	218000	550000	15	0.0185808
461	222000	550000	10	0.00197221
462	226000	550000	12	0.0297167
463	230000	550000	13	0.0192942
464	234000	550000	14	0.00808828
465	238000	550000	14	0.0208316
466	242000	550000	17	0.00789467
467	246000	550000	17	0.000953777
468	250000	550000	16	0.0402688
469	254000	550000	5	0.0481327
470	258000	550000	6	0.0483359
471	262000	550000	6	0.00631321
472	266000	550000	7	0.113616
473	270000	550000	6	0.00416917
474	274000	550000	7	0.000488589
475	110000	546000	0	0.079341
476	114000	546000	0	0.119785
477	118000	546000	0	0.0387418
478	122000	546000	0	0.0553684
479	126000	546000	0	0.0322179
480	130000	546000	0	0.000158183
481	134000	546000	0	0.0413755
482	154000	546000	0	0.0466744
483	158000	546000	0	0.0314912
484	162000	546000	0	0.021246
485	166000	546000	0	0.0186346
486	170000	546000	0	0.0392855
487	174000	546000	0	0.0160272
488	178000	546000	0	0.0114649
489	182000	546000	0	0.0492761
490	186000	546000	0	0.0242238
491	190000	546000	0	0.00706582
492	194000	546000	0	0.0324948
493	198000	546000	0	0.0359773
494	202000	546000	0	0.000460708
495	206000	546000	2	0.0224283
496	210000	546000	4	0.000148853
497	214000	546000	8	6.29E-05
498	218000	546000	17	1.20E-05
499	222000	546000	11	0.0260207
500	226000	546000	12	0.00539936
501	230000	546000	13	0.000181445
502	234000	546000	14	0.000158499
503	238000	546000	16	0.00082608
504	242000	546000	22	8.37E-05
505	246000	546000	15	0.0106739
506	250000	546000	17	0.0060567
507	254000	546000	19	0.0183867
508	258000	546000	7	0.01663
509	262000	546000	7	0.0260956
510	266000	546000	8	0.0963369
511	270000	546000	8	0.0101053
512	110000	542000	0	0.0240804
513	114000	542000	0	0.0482724
514	118000	542000	0	0.0429608
515	122000	542000	0	0.0172005
516	126000	542000	-1	0.00429109
517	130000	542000	-3	0.0236934
518	134000	542000	-3	0.0116086
519	154000	542000	0	0.0534286
520	158000	542000	0	0.019514
521	162000	542000	0	0.00323655
522	166000	542000	3	0.0135527
523	170000	542000	0	0.00973885
524	174000	542000	0	0.0583805
525	178000	542000	0	0.031343
526	182000	542000	-1	0.0145884
527	186000	542000	0	0.0127026
528	190000	542000	-1	0.0134782
529	194000	542000	0	0.0574686
530	198000	542000	0	0.0674546
531	202000	542000	0	0.00826259
532	206000	542000	3	0.000164724
533	210000	542000	5	0.0169589
534	214000	542000	6	0.00016779
535	218000	542000	11	0.0235523
536	222000	542000	9	0.000169881
537	226000	542000	9	0.000195351
538	230000	542000	12	0.0965955
539	234000	542000	13	0.000196468
540	238000	542000	15	0.0378751
541	242000	542000	16	0.00015151
542	246000	542000	18	0.0210281
543	250000	542000	16	0.000112641
544	254000	542000	22	0.0338766
545	258000	542000	8	0.0261928
546	262000	542000	9	0.0318101
547	266000	542000	10	0.00399454
548	270000	542000	10	0.0496759
549	110000	538000	0	0.0200449
550	114000	538000	0	0.0146937
551	118000	538000	0	0.00975193
552	122000	538000	-1	0.00766121
553	126000	538000	-2	0.00960678
554	130000	538000	-3	0.0989337
555	134000	538000	-4	0.00019998
556	138000	538000	0	0.0567043
557	166000	538000	0	0.0414485
558	170000	538000	0	0.0632193
559	174000	538000	0	0.0395569
560	178000	538000	-1	0.0578949
561	182000	538000	0	0.000192604
562	186000	538000	0	0.00019998
563	190000	538000	0	0.036555
564	194000	538000	0	0.0391674
565	198000	538000	3	0.0051312
566	202000	538000	8	0.000162397
567	206000	538000	1	0.00567827
568	210000	538000	1	0.0159727
569	214000	538000	5	0.00447373
570	218000	538000	6	0.000293979
571	222000	538000	10	0.0187764
572	226000	538000	16	5.53E-05
573	230000	538000	13	0.00440556
574	234000	538000	14	0.000159031
575	238000	538000	14	0.000551589
576	242000	538000	16	0.00432019
577	246000	538000	17	0.00315056
578	250000	538000	17	0.00506095
579	254000	538000	18	0.0102289
580	258000	538000	20	0.0084399
581	262000	538000	11	0.0182317
582	266000	538000	12	0.0783098
583	270000	538000	12	0.0150242
584	106000	534000	0	0.084856
585	110000	534000	0	0.0154796
586	114000	534000	0	0.115864
587	118000	534000	0	0.0132757
588	122000	534000	0	0.0047179
589	126000	534000	-2	0.00019998
590	130000	534000	-3	0.013964
591	134000	534000	-4	0.000620336
592	170000	534000	0	0.0479949
593	174000	534000	-3	0.0106998
594	178000	534000	-3	0.00347276
595	182000	534000	0	0.00927267
596	186000	534000	0	0.00784922
597	190000	534000	0	0.0348558
598	194000	534000	0	0.0259196
599	198000	534000	0	0.00824885
600	202000	534000	0	0.118329
601	206000	534000	1	0.0985909
602	210000	534000	6	0.0328061
603	214000	534000	7	0.0327742
604	218000	534000	4	0.000189499
605	222000	534000	9	0.0041926
606	226000	534000	11	0.00368025
607	230000	534000	12	0.0289863
608	234000	534000	13	0.000851695
609	238000	534000	15	0.000158893
610	242000	534000	15	0.0208817
611	246000	534000	15	0.0224462
612	250000	534000	16	0.00845239
613	254000	534000	16	0.0134157
614	258000	534000	23	0.256168
615	262000	534000	14	0.0426131
616	266000	534000	13	0.0157447
617	270000	534000	14	0.00878746
618	106000	530000	0	0.0373078
619	110000	530000	0	0.00896545
620	114000	530000	0	0.0290903
621	118000	530000	0	0.00740871
622	122000	530000	0	0.0780903
623	126000	530000	-1	0.00019998
624	130000	530000	-2	0.0217178
625	134000	530000	-1	0.0843699
626	138000	530000	0	0.0887669
627	142000	530000	0	0.0769159
628	146000	530000	0	0.0931093
629	170000	530000	-3	0.0181693
630	174000	530000	-3	0.00753683
631	178000	530000	-3	0.0108294
632	182000	530000	-2	0.00273637
633	186000	530000	-2	0.00553716
634	190000	530000	0	0.00651658
635	194000	530000	0	0.035936
636	198000	530000	-1	0.000473076
637	202000	530000	-1	0.0279407
638	206000	530000	0	0.002085
639	210000	530000	0	0.00347651
640	214000	530000	0	0.0108766
641	218000	530000	1	0.0204526
642	222000	530000	7	0.0142621
643	226000	530000	11	0.00441572
644	230000	530000	12	0.0734544
645	234000	530000	13	0.00854784
646	238000	530000	14	0.00687099
647	242000	530000	14	0.00714776
648	246000	530000	13	0.0152864
649	250000	530000	13	0.0193097
650	254000	530000	14	0.051379
651	258000	530000	18	0.254866
652	262000	530000	20	0.148726
653	266000	530000	15	0.0221478
654	270000	530000	16	0.0164829
655	106000	526000	3	0.0119313
656	110000	526000	0	0.0651472
657	114000	526000	0	0.100296
658	118000	526000	0	0.0234348
659	122000	526000	0	0.00864779
660	126000	526000	0	0.0732016
661	130000	526000	0	0.0213338
662	134000	526000	-1	0.0132834
663	138000	526000	-1	0.0817808
664	142000	526000	-2	0.0130686
665	146000	526000	-1	0.047846
666	150000	526000	0	0.0754738
667	170000	526000	-3	0.0168014
668	174000	526000	-3	0.00792585
669	178000	526000	-3	0.102956
670	182000	526000	-2	0.101633
671	186000	526000	-2	0.0431733
672	190000	526000	-2	0.00414019
673	194000	526000	0	0.0181423
674	198000	526000	0	0.0421124
675	202000	526000	-1	0.0525516
676	206000	526000	0	0.0369678
677	210000	526000	0	0.106481
678	214000	526000	1	0.0201037
679	218000	526000	1	0.00145879
680	222000	526000	8	0.0106054
681	226000	526000	8	0.102013
682	230000	526000	11	0.285909
683	234000	526000	12	0.0379374
684	238000	526000	13	0.0367297
685	242000	526000	12	0.0093247
686	246000	526000	12	0.0208912
687	250000	526000	11	0.000345472
688	254000	526000	13	0.0452646
689	258000	526000	14	0.0438885
690	262000	526000	18	0.047154
691	266000	526000	16	0.0547314
692	106000	522000	11	0.00195553
693	110000	522000	0	0.0549346
694	114000	522000	0	0.119006
695	118000	522000	0	0.241799
696	122000	522000	-1	0.0487023
697	126000	522000	-1	0.0147759
698	130000	522000	0	0.0564023
699	134000	522000	-1	0.0889136
700	138000	522000	0	0.0595024
701	142000	522000	0	0.091512
702	146000	522000	0	0.179574
703	170000	522000	-1	0.0271163
704	174000	522000	-4	0.00980582
705	178000	522000	-3	0.101976
706	182000	522000	-3	0.0377086
707	186000	522000	-2	0.000784323
708	190000	522000	-1	0.0264461
709	194000	522000	0	0.0543951
710	198000	522000	0	0.0562356
711	202000	522000	0	0.0657491
712	206000	522000	0	0.0847325
713	210000	522000	0	0.152604
714	214000	522000	1	0.019616
715	218000	522000	2	0.0135822
716	222000	522000	3	0.00932957
717	226000	522000	10	0.0337414
718	230000	522000	10	0.000199181
719	234000	522000	11	0.00628036
720	238000	522000	9	0.0123454
721	242000	522000	9	0.00614628
722	246000	522000	10	0.102298
723	250000	522000	9	0.0189198
724	254000	522000	11	0.0447182
725	258000	522000	13	0.0194569
726	262000	522000	15	0.0189073
727	266000	522000	17	0.0563291
728	102000	518000	0	0.0538988
729	106000	518000	4	0.00402526
730	110000	518000	0	0.155121
731	114000	518000	0	0.205043
732	118000	518000	-1	0.121001
733	122000	518000	-1	0.00668619
734	126000	518000	-1	0.0110428
735	130000	518000	-2	0.0861108
736	134000	518000	0	0.249752
737	138000	518000	0	0.0233779
738	142000	518000	0	0.0390336
739	170000	518000	0	0.168445
740	174000	518000	-3	0.0187222
741	178000	518000	-3	0.0192814
742	182000	518000	-2	0.0135533
743	186000	518000	-2	0.0343394
744	190000	518000	-1	0.0130001
745	194000	518000	-1	0.0233009
746	198000	518000	0	0.0174852
747	202000	518000	0	0.0666853
748	206000	518000	0	0.0026553
749	210000	518000	0	0.103631
750	214000	518000	1	0.00837905
751	218000	518000	2	0.00349882
752	222000	518000	3	0.00018239
753	226000	518000	7	0.00155751
754	230000	518000	8	0.00019998
755	234000	518000	9	0.018047
756	238000	518000	8	0.0415122
757	242000	518000	8	0.0174943
758	246000	518000	8	0.246958
759	250000	518000	10	0.00669811
760	254000	518000	11	0.0149105
761	258000	518000	12	0.00477035
762	262000	518000	14	0.000188654
763	266000	518000	15	0.0122332
764	102000	514000	0	0.0603214
765	106000	514000	1	0.0460972
766	110000	514000	2	0.160574
767	114000	514000	-2	0.166504
768	118000	514000	-3	0.00919461
769	122000	514000	-2	0.0207562
770	126000	514000	-2	0.0548795
771	130000	514000	0	0.0632036
772	138000	514000	0	0.0543319
773	170000	514000	0	0.0546565
774	174000	514000	-1	0.032684
775	178000	514000	-1	0.0369931
776	182000	514000	-1	0.0300897
777	186000	514000	0	0.0217046
778	190000	514000	0	0.0235511
779	194000	514000	0	0.0209178
780	198000	514000	0	0.0522173
781	202000	514000	0	0.0863928
782	206000	514000	0	0.00019998
783	210000	514000	0	0.0449071
784	214000	514000	1	0.00182986
785	218000	514000	3	0.000162556
786	222000	514000	4	0.0276227
787	226000	514000	4	0.0355991
788	230000	514000	5	0.0839047
789	234000	514000	6	0.0243654
790	238000	514000	7	0.00192933
791	242000	514000	8	0.0299082
792	246000	514000	9	0.00807673
793	102000	510000	0	0.0466727
794	106000	510000	2	0.0260905
795	110000	510000	0	0.0573386
796	114000	510000	-2	0.000967562
797	118000	510000	-1	0.00631926
798	122000	510000	-3	0.00019998
799	126000	510000	-2	0.000217561
800	130000	510000	0	0.0337507
801	166000	510000	-3	0.0231726
802	170000	510000	-3	0.00987171
803	174000	510000	-3	0.0580055
804	178000	510000	-3	0.0249547
805	182000	510000	-1	0.036648
806	186000	510000	0	0.0925359
807	190000	510000	0	0.186235
808	194000	510000	0	0.0263524
809	198000	510000	0	0.00019998
810	202000	510000	0	0.0844804
811	206000	510000	0	0.00106053
812	210000	510000	0	0.00464529
813	214000	510000	1	0.0571616
814	218000	510000	2	0.0128178
815	222000	510000	4	0.000187713
816	226000	510000	5	0.0076564
817	230000	510000	5	0.00387574
818	234000	510000	7	0.00909652
819	238000	510000	8	0.199115
820	242000	510000	9	0.0273283
821	246000	510000	10	0.00019998
822	102000	506000	4	0.0590397
823	106000	506000	2	0.0671665
824	110000	506000	0	0.0524066
825	114000	506000	0	0.013195
826	118000	506000	-2	0.0200178
827	122000	506000	-3	0.0183529
828	126000	506000	-2	0.00625491
829	130000	506000	-1	0.00168968
830	158000	506000	0	0.130412
831	162000	506000	0	0.101262
832	166000	506000	-3	0.151576
833	170000	506000	-4	0.0127887
834	174000	506000	-4	0.0351739
835	178000	506000	-3	0.175876
836	182000	506000	-3	0.00018278
837	186000	506000	0	0.0119487
838	190000	506000	0	0.16593
839	194000	506000	0	0.0386217
840	198000	506000	0	0.0316141
841	202000	506000	0	0.128519
842	206000	506000	0	0.0952052
843	210000	506000	0	0.0673477
844	214000	506000	1	0.000194347
845	218000	506000	3	0.00468592
846	222000	506000	5	0.00278091
847	226000	506000	6	0.0992433
848	230000	506000	7	0.00985311
849	234000	506000	9	0.00988469
850	238000	506000	7	0.0190708
851	242000	506000	11	0.01644
852	246000	506000	26	0.00219579
853	102000	502000	9	0.1655
854	106000	502000	3	0.184992
855	110000	502000	0	0.104709
856	114000	502000	0	0.228631
857	118000	502000	0	0.0206131
858	122000	502000	-2	0.0167675
859	126000	502000	0	0.225891
860	130000	502000	-2	0.136342
861	134000	502000	0	0.133961
862	158000	502000	-1	0.24809
863	162000	502000	-1	0.216753
864	166000	502000	-3	0.0441681
865	170000	502000	-4	0.000192976
866	174000	502000	-3	0.00887847
867	178000	502000	-3	0.0865236
868	182000	502000	-3	0.00019998
869	186000	502000	0	0.00822949
870	190000	502000	0	0.00387209
871	194000	502000	0	0.00539598
872	198000	502000	0	0.0330832
873	202000	502000	2	0.281195
874	206000	502000	1	0.253827
875	210000	502000	1	0.00018582
876	214000	502000	4	0.0635725
877	218000	502000	6	0.00652876
878	222000	502000	7	0.0383223
879	226000	502000	11	0.040908
880	230000	502000	13	0.005713
881	234000	502000	6	0.0120516
882	238000	502000	7	0.0024123
883	242000	502000	14	0.0238988
884	246000	502000	23	0.0122202
885	98000	498000	0	0.10973
886	102000	498000	8	0.422167
887	106000	498000	1	0.356093
888	110000	498000	-1	0.0281138
889	114000	498000	0	0.096852
890	118000	498000	0	0.0741537
891	122000	498000	0	0.0412434
892	126000	498000	-1	0.0187163
893	130000	498000	0	0.0393752
894	134000	498000	0	0.0587309
895	138000	498000	0	0.0580868
896	150000	498000	0	0.0634442
897	154000	498000	-3	0.0609403
898	158000	498000	-1	0.0223819
899	162000	498000	-4	0.137073
900	166000	498000	-4	0.0373163
901	170000	498000	-4	0.000199493
902	174000	498000	-3	0.0143378
903	178000	498000	-3	0.0603831
904	182000	498000	-2	0.00252677
905	186000	498000	0	0.0606154
906	190000	498000	0	0.0054936
907	194000	498000	1	0.0125948
908	198000	498000	7	0.105274
909	202000	498000	3	0.11309
910	206000	498000	0	0.0561723
911	210000	498000	1	0.000187823
912	214000	498000	2	0.000152705
913	218000	498000	4	0.00175425
914	222000	498000	5	0.000794799
915	226000	498000	8	0.0124984
916	230000	498000	6	0.0265124
917	234000	498000	7	0.0751742
918	238000	498000	8	0.0323283
919	242000	498000	12	0.0339248
920	246000	498000	17	0.000191931
921	250000	498000	24	0.00019904
922	254000	498000	48	0.000124307
923	262000	498000	20	0.00928035
924	98000	494000	0	0.0401722
925	102000	494000	11	0.0434544
926	106000	494000	1	0.170554
927	110000	494000	0	0.0681118
928	114000	494000	0	0.286951
929	118000	494000	1	0.306301
930	122000	494000	0	0.16727
931	126000	494000	-1	0.00075402
932	130000	494000	0	0.0671964
933	134000	494000	0	0.0503373
934	138000	494000	0	0.0634148
935	142000	494000	0	0.0634442
936	146000	494000	0	0.0581466
937	150000	494000	-3	0.0407157
938	154000	494000	-3	0.0194551
939	158000	494000	-3	0.00676437
940	162000	494000	-3	0.025008
941	166000	494000	-4	0.00278555
942	170000	494000	-3	0.000192671
943	174000	494000	-3	0.021251
944	178000	494000	-2	0.0168501
945	182000	494000	0	0.0499026
946	186000	494000	1	0.0662007
947	190000	494000	6	0.0246001
948	194000	494000	17	0.0180998
949	198000	494000	37	0.0513904
950	202000	494000	5	0.0524544
951	206000	494000	1	0.00508381
952	210000	494000	1	0.0147668
953	214000	494000	4	0.0478712
954	218000	494000	5	0.0341783
955	222000	494000	6	0.00648538
956	226000	494000	6	0.000227023
957	230000	494000	6	0.00019998
958	234000	494000	8	0.0107356
959	238000	494000	8	0.0399655
960	242000	494000	10	0.012386
961	246000	494000	14	0.0181802
962	250000	494000	22	0.0107754
963	254000	494000	45	0.000180668
964	258000	494000	39	0.035432
965	262000	494000	20	0.00019998
966	266000	494000	22	0.10791
967	98000	490000	5	0.0568016
968	102000	490000	9	0.110298
969	106000	490000	0	0.252847
970	110000	490000	0	0.214569
971	114000	490000	0	0.478915
972	118000	490000	2	0.483781
973	122000	490000	2	0.336524
974	126000	490000	0	0.151453
975	130000	490000	0	0.0342281
976	134000	490000	0	0.0627085
977	138000	490000	0	0.0526863
978	142000	490000	-2	0.12034
979	146000	490000	-2	0.277492
980	150000	490000	-3	0.138431
981	154000	490000	-4	0.0129924
982	158000	490000	-3	0.00019998
983	162000	490000	-3	0.000167401
984	166000	490000	-3	0.000194772
985	170000	490000	-2	0.0155446
986	174000	490000	-1	0.0540014
987	178000	490000	-1	0.0469719
988	182000	490000	2	0.039609
989	186000	490000	12	0.00601791
990	190000	490000	25	0.0653863
991	194000	490000	35	0
992	198000	490000	19	0.0651658
993	202000	490000	2	0.00685196
994	206000	490000	2	0.0500724
995	210000	490000	2	0.00019998
996	214000	490000	4	0.0676051
997	218000	490000	5	0.0701929
998	222000	490000	7	0.0057442
999	226000	490000	17	0.0275191
1000	230000	490000	8	0.012834
1001	234000	490000	9	0.000176661
1002	238000	490000	9	0.151026
1003	242000	490000	9	0.0615919
1004	246000	490000	13	0.00708844
1005	250000	490000	18	0.0388618
1006	254000	490000	24	0.00019246
1007	258000	490000	24	0.0145495
1008	262000	490000	22	0.00015692
1009	266000	490000	24	0.0607684
1010	270000	490000	27	0.0482973
1011	94000	486000	0	0.0556901
1012	98000	486000	9	0.0572588
1013	102000	486000	4	0.168362
1014	106000	486000	0	0.148185
1015	110000	486000	-4	0.142336
1016	114000	486000	0	0.21677
1017	118000	486000	3	0.244814
1018	122000	486000	5	0.318596
1019	126000	486000	0	0.294707
1020	130000	486000	0	0.0813761
1021	134000	486000	0	0.0634442
1022	138000	486000	0	0.0648422
1023	142000	486000	-1	0.28393
1024	146000	486000	-2	0.203979
1025	150000	486000	-4	0.0549372
1026	154000	486000	-4	0.00019998
1027	158000	486000	-4	0.0311015
1028	162000	486000	-3	0.160075
1029	166000	486000	-2	0.0262513
1030	170000	486000	-1	0.1531
1031	174000	486000	1	0.127422
1032	178000	486000	6	0.00907543
1033	182000	486000	18	0.097552
1034	186000	486000	26	0.00901752
1035	190000	486000	36	1.39E-05
1036	194000	486000	25	0.0578711
1037	198000	486000	8	0.0340246
1038	202000	486000	2	0.0130626
1039	206000	486000	2	0.0071916
1040	210000	486000	3	0.000191767
1041	214000	486000	4	0.0246305
1042	218000	486000	8	0.0195573
1043	222000	486000	9	0.00718138
1044	226000	486000	29	0.025358
1045	230000	486000	10	0.148489
1046	234000	486000	10	0.0103486
1047	238000	486000	11	0.25538
1048	242000	486000	12	0.277871
1049	246000	486000	12	0.00807661
1050	250000	486000	13	0.012248
1051	254000	486000	16	0.018938
1052	258000	486000	22	0.00732026
1053	262000	486000	30	0.000172964
1054	266000	486000	29	0.000164623
1055	270000	486000	29	0.000165241
1056	94000	482000	6	0.0281209
1057	98000	482000	7	0.00955721
1058	102000	482000	0	0.115926
1059	106000	482000	-2	0.18003
1060	110000	482000	-3	0.300999
1061	114000	482000	-1	0.441325
1062	118000	482000	1	0.231339
1063	122000	482000	0	0.267854
1064	126000	482000	1	0.283462
1065	130000	482000	0	0.17757
1066	134000	482000	0	0.0651968
1067	138000	482000	0	0.178585
1068	142000	482000	-1	0.13143
1069	146000	482000	-1	0.0991449
1070	150000	482000	-2	0.0521929
1071	154000	482000	-3	0.000194114
1072	158000	482000	-3	0.000134931
1073	162000	482000	0	0.0381874
1074	166000	482000	-1	0.150814
1075	170000	482000	4	0.1987
1076	174000	482000	16	0.0641517
1077	178000	482000	24	2.81E-07
1078	182000	482000	31	0.0278309
1079	186000	482000	42	0.00122554
1080	190000	482000	33	0.0048783
1081	194000	482000	15	0.040291
1082	198000	482000	5	0.0136158
1083	202000	482000	2	0.0116169
1084	206000	482000	4	0.0172047
1085	210000	482000	5	0.000178487
1086	214000	482000	6	0.00936848
1087	218000	482000	8	0.00495131
1088	222000	482000	13	0.00715876
1089	226000	482000	41	2.54E-06
1090	230000	482000	10	0.140433
1091	234000	482000	10	0.0623226
1092	238000	482000	9	0.0142816
1093	242000	482000	11	0.120811
1094	246000	482000	13	0.0729089
1095	250000	482000	14	0.0243071
1096	254000	482000	19	0.0103323
1097	258000	482000	31	0.128011
1098	262000	482000	56	0.0667666
1099	266000	482000	33	0.0277178
1100	94000	478000	3	0.076611
1101	98000	478000	0	0.0477286
1102	102000	478000	-4	0.131428
1103	106000	478000	-3	0.176038
1104	110000	478000	-3	0.349053
1105	114000	478000	-2	0.382468
1106	118000	478000	-1	0.229532
1107	122000	478000	-1	0.0802255
1108	126000	478000	0	0.290151
1109	130000	478000	0	0.0696735
1110	134000	478000	0	0.0149031
1111	138000	478000	1	0.138741
1112	142000	478000	9	0.0669633
1113	146000	478000	3	0.199328
1114	150000	478000	-1	0.0458178
1115	154000	478000	-3	0.00814608
1116	158000	478000	-3	0.00510934
1117	162000	478000	-1	4.80E-05
1118	166000	478000	1	0.0144429
1119	170000	478000	14	0.0921988
1120	174000	478000	32	0.017586
1121	178000	478000	25	8.31E-05
1122	182000	478000	33	0.0113149
1123	186000	478000	65	0
1124	190000	478000	40	2.13E-05
1125	194000	478000	15	0.0588889
1126	198000	478000	3	0.0349692
1127	202000	478000	3	0.0309911
1128	206000	478000	6	0.0709688
1129	210000	478000	6	0.0202204
1130	214000	478000	7	0.00601306
1131	218000	478000	9	0.000177303
1132	222000	478000	10	0.0149087
1133	226000	478000	21	0.0680961
1134	230000	478000	16	0.0216178
1135	234000	478000	14	0.0659093
1136	238000	478000	10	0.0232107
1137	242000	478000	13	0.0110368
1138	246000	478000	19	0.03747
1139	250000	478000	16	0.25018
1140	254000	478000	23	0.100618
1141	258000	478000	35	0.281014
1142	262000	478000	51	0.0495551
1143	266000	478000	36	0.0306953
1144	90000	474000	0	0.0855972
1145	94000	474000	0	0.0768764
1146	98000	474000	0	0.0874223
1147	102000	474000	-3	0.108813
1148	106000	474000	-3	0.0779905
1149	110000	474000	-1	0.0842366
1150	114000	474000	-2	0.173134
1151	118000	474000	-3	0.0959344
1152	122000	474000	-2	0.00886519
1153	126000	474000	-1	0.0422373
1154	130000	474000	0	0.0210015
1155	134000	474000	0	0.0411872
1156	138000	474000	4	0.106225
1157	142000	474000	13	0.126693
1158	146000	474000	2	0.119669
1159	150000	474000	0	0.000921076
1160	154000	474000	0	0.0721311
1161	158000	474000	0	0.0182424
1162	162000	474000	0	0.0600095
1163	166000	474000	3	0.0110222
1164	170000	474000	18	0.114063
1165	174000	474000	50	0.00407261
1166	178000	474000	31	0.00280138
1167	182000	474000	34	0.00765915
1168	186000	474000	75	0
1169	190000	474000	52	1.01E-05
1170	194000	474000	15	0.0974383
1171	198000	474000	4	0.0617003
1172	202000	474000	4	0.0518471
1173	206000	474000	5	0.105122
1174	210000	474000	7	0.367073
1175	214000	474000	8	0.0630042
1176	218000	474000	10	0.0155496
1177	222000	474000	10	0.00019998
1178	226000	474000	11	0.00355902
1179	230000	474000	17	0.02834
1180	234000	474000	14	0.0157113
1181	238000	474000	11	0.126737
1182	242000	474000	13	0.00341383
1183	246000	474000	18	0.0531657
1184	250000	474000	19	0.342334
1185	254000	474000	28	0.21045
1186	258000	474000	42	0.098304
1187	262000	474000	45	0.00927878
1188	266000	474000	37	0.0715378
1189	270000	474000	39	0.0199406
1190	90000	470000	1	0.17433
1191	94000	470000	0	0.125909
1192	98000	470000	0	0.0321324
1193	102000	470000	-3	0.0608805
1194	106000	470000	-3	0.0503221
1195	110000	470000	-3	0.0250847
1196	114000	470000	-2	0.00851717
1197	118000	470000	-3	0.0999208
1198	122000	470000	-4	0.118718
1199	126000	470000	-1	0.0360064
1200	130000	470000	0	0.0432781
1201	134000	470000	0	0.0782688
1202	138000	470000	4	0.148562
1203	142000	470000	9	0.158558
1204	146000	470000	7	0.0993108
1205	150000	470000	0	0.0732479
1206	154000	470000	0	0.102007
1207	158000	470000	0	0.033124
1208	162000	470000	2	0.164055
1209	166000	470000	9	0.000163263
1210	170000	470000	15	0.00132944
1211	174000	470000	30	0.005401
1212	178000	470000	36	0.0638425
1213	182000	470000	37	0.0128983
1214	186000	470000	67	0.00392177
1215	190000	470000	68	0.0172429
1216	194000	470000	19	0.258064
1217	198000	470000	8	0.144725
1218	202000	470000	5	0.0586945
1219	206000	470000	6	0.0319772
1220	210000	470000	6	0.0235352
1221	214000	470000	8	0.000164329
1222	218000	470000	10	0.00570378
1223	222000	470000	11	0.000190651
1224	226000	470000	12	0.000190884
1225	230000	470000	13	0.001898
1226	234000	470000	13	0.0116081
1227	238000	470000	14	0.0273961
1228	242000	470000	16	0.0223979
1229	246000	470000	21	0.000147391
1230	250000	470000	25	0.0124754
1231	254000	470000	30	0.264831
1232	258000	470000	42	0.247152
1233	262000	470000	42	0.118662
1234	86000	466000	8	0.0351387
1235	90000	466000	0	0.288062
1236	94000	466000	1	0.27147
1237	98000	466000	-1	0.0624195
1238	102000	466000	-1	0.0603452
1239	106000	466000	-3	0.0156662
1240	110000	466000	-2	0.0472815
1241	114000	466000	-4	0.0239045
1242	118000	466000	-2	0.023948
1243	122000	466000	-1	0.0295325
1244	126000	466000	0	0.0503231
1245	130000	466000	0	0.0646353
1246	134000	466000	-1	0.0638593
1247	138000	466000	0	0.0570113
1248	142000	466000	11	0.0135547
1249	146000	466000	11	0.0901566
1250	150000	466000	1	0.0668872
1251	154000	466000	2	0.241582
1252	158000	466000	3	0.250886
1253	162000	466000	4	0.0419789
1254	166000	466000	9	0.0251671
1255	170000	466000	14	0.120567
1256	174000	466000	17	0.0338181
1257	178000	466000	26	0.0206869
1258	182000	466000	35	1.65E-05
1259	186000	466000	60	5.32E-06
1260	190000	466000	56	0.0290006
1261	194000	466000	24	0.282401
1262	198000	466000	10	0.139633
1263	202000	466000	7	0.0168765
1264	206000	466000	7	0.0144901
1265	210000	466000	6	0.0154095
1266	214000	466000	10	0.0172907
1267	218000	466000	10	0.000185219
1268	222000	466000	11	0.0376029
1269	226000	466000	13	0.0845162
1270	230000	466000	12	0.000232746
1271	234000	466000	14	0.000185184
1272	238000	466000	16	0.000194683
1273	242000	466000	17	0.000197256
1274	246000	466000	22	0.0779313
1275	250000	466000	28	0.0305944
1276	254000	466000	33	0.0158608
1277	258000	466000	43	0.03136
1278	262000	466000	44	0.0150807
1279	82000	462000	0	0.0327493
1280	86000	462000	8	0.109753
1281	90000	462000	0	0.139012
1282	94000	462000	0	0.261873
1283	98000	462000	0	0.163254
1284	102000	462000	0	0.168197
1285	106000	462000	0	0.209952
1286	110000	462000	-3	0.016684
1287	114000	462000	-1	0.0834747
1288	118000	462000	-1	0.0193599
1289	122000	462000	0	0.000299521
1290	126000	462000	0	0.0160647
1291	130000	462000	0	0.119676
1292	134000	462000	0	0.0401686
1293	138000	462000	0	0.0163148
1294	142000	462000	9	0.0803892
1295	146000	462000	13	0.154127
1296	150000	462000	15	0.0457978
1297	154000	462000	11	0.218582
1298	158000	462000	3	0.166934
1299	162000	462000	4	0.011758
1300	166000	462000	8	0.0308748
1301	170000	462000	12	0.141339
1302	174000	462000	14	0.0102984
1303	178000	462000	21	0.00554796
1304	182000	462000	34	0.0059032
1305	186000	462000	47	0
1306	190000	462000	86	0.00838991
1307	194000	462000	53	0.0185395
1308	198000	462000	20	0.03646
1309	202000	462000	9	0.000204477
1310	206000	462000	7	0.00104055
1311	210000	462000	7	0.206856
1312	214000	462000	9	0.0751149
1313	218000	462000	14	0.000107796
1314	222000	462000	14	0.0184821
1315	226000	462000	15	0.0387849
1316	230000	462000	13	0.000199766
1317	234000	462000	15	0.0152254
1318	238000	462000	19	0.0562465
1319	242000	462000	20	0.0135029
1320	246000	462000	27	0.0786648
1321	250000	462000	32	0.0179535
1322	254000	462000	35	0.00017044
1323	258000	462000	43	0.0452857
1324	78000	458000	0	0.158459
1325	82000	458000	7	0.122046
1326	86000	458000	1	0.104874
1327	90000	458000	0	0.0626253
1328	94000	458000	-1	0.0349014
1329	98000	458000	-1	0.00630795
1330	102000	458000	-1	0.0545824
1331	106000	458000	-1	0.0901077
1332	110000	458000	-1	0.030662
1333	114000	458000	-1	0.00540769
1334	118000	458000	-1	0.00935589
1335	122000	458000	0	0.0296057
1336	126000	458000	0	0.042067
1337	130000	458000	0	0.279184
1338	134000	458000	2	0.40119
1339	138000	458000	3	0.167344
1340	142000	458000	6	0.153458
1341	146000	458000	14	0.116977
1342	150000	458000	27	0.18258
1343	154000	458000	15	0.00316472
1344	158000	458000	3	0.0622816
1345	162000	458000	5	0.000199445
1346	166000	458000	8	0.0123565
1347	170000	458000	11	0.00476839
1348	174000	458000	17	0.000123523
1349	178000	458000	21	0.00229409
1350	182000	458000	31	0.0299888
1351	186000	458000	47	0
1352	190000	458000	70	0.012522
1353	194000	458000	77	0.032707
1354	198000	458000	40	0.0202617
1355	202000	458000	15	0.0847714
1356	206000	458000	9	0.0237357
1357	210000	458000	7	0.0553398
1358	214000	458000	8	0.0367626
1359	218000	458000	13	0.0474948
1360	222000	458000	15	0.000151914
1361	226000	458000	15	0.00927691
1362	230000	458000	16	0.00888539
1363	234000	458000	16	0.0680692
1364	238000	458000	18	0.00019998
1365	242000	458000	24	0.172642
1366	246000	458000	26	0.000195138
1367	250000	458000	32	0.00345272
1368	74000	454000	0	0.0899464
1369	78000	454000	4	0.224291
1370	82000	454000	3	0.301757
1371	86000	454000	0	0.310264
1372	90000	454000	-4	0.0801262
1373	94000	454000	-1	0.191395
1374	98000	454000	-4	0.100289
1375	102000	454000	-4	0.0664039
1376	106000	454000	-1	0.0251805
1377	110000	454000	-1	0.102668
1378	114000	454000	0	0.0396634
1379	118000	454000	0	0.120309
1380	122000	454000	0	0.166189
1381	126000	454000	0	0.0583191
1382	130000	454000	0	0.147831
1383	134000	454000	2	0.362706
1384	138000	454000	4	0.258321
1385	142000	454000	3	0.174339
1386	146000	454000	9	0.106266
1387	150000	454000	21	0.0223905
1388	154000	454000	14	0.0661494
1389	158000	454000	4	0.08267
1390	162000	454000	6	0.0558362
1391	166000	454000	8	0.0478247
1392	170000	454000	10	0.037032
1393	174000	454000	33	0.00134332
1394	178000	454000	34	0.00928525
1395	182000	454000	33	0.00747145
1396	186000	454000	42	0.00670085
1397	190000	454000	72	0.100884
1398	194000	454000	84	0.000917488
1399	198000	454000	61	0.00854079
1400	202000	454000	30	0.027066
1401	206000	454000	10	0.0367551
1402	210000	454000	7	0.0146076
1403	214000	454000	8	0.00333022
1404	218000	454000	12	0.00647835
1405	222000	454000	15	0.0120385
1406	226000	454000	18	0.0126421
1407	230000	454000	17	0.0155433
1408	234000	454000	17	0.00627516
1409	238000	454000	19	0.0425997
1410	242000	454000	29	0.0109385
1411	246000	454000	29	0.000199977
1412	70000	450000	0	0.0793729
1413	74000	450000	0	0.0827606
1414	78000	450000	0	0.22609
1415	82000	450000	1	0.305919
1416	86000	450000	-1	0.221796
1417	90000	450000	-2	0.0956265
1418	94000	450000	-3	0.198926
1419	98000	450000	-3	0.110472
1420	102000	450000	-4	0.0393425
1421	106000	450000	-1	0.192611
1422	110000	450000	0	0.116388
1423	114000	450000	-1	0.0184015
1424	118000	450000	0	0.0477515
1425	122000	450000	0	0.0248537
1426	126000	450000	0	0.0505741
1427	130000	450000	0	0.0456947
1428	134000	450000	2	0.286675
1429	138000	450000	2	0.252407
1430	142000	450000	2	0.055896
1431	146000	450000	2	0.0596692
1432	150000	450000	10	0.0700483
1433	154000	450000	23	0.0151016
1434	158000	450000	14	0.00600736
1435	162000	450000	8	0.0114626
1436	166000	450000	7	0.193296
1437	170000	450000	8	0.243774
1438	174000	450000	21	0.228383
1439	178000	450000	30	0.00259181
1440	182000	450000	36	1.27E-05
1441	186000	450000	43	0.0430242
1442	190000	450000	49	0.112921
1443	194000	450000	72	0.00742438
1444	198000	450000	83	1.19E-06
1445	202000	450000	42	0.0382495
1446	206000	450000	8	0.052184
1447	210000	450000	8	0.0087633
1448	214000	450000	9	0.000199931
1449	218000	450000	13	0.0409864
1450	222000	450000	17	0.00014193
1451	226000	450000	16	0.000179819
1452	230000	450000	16	0.00019998
1453	234000	450000	18	0.00019998
1454	238000	450000	22	0.0672617
1455	242000	450000	29	0.0168007
1456	246000	450000	34	0.00482103
1457	250000	450000	36	0.0570184
1458	62000	446000	0	0.113371
1459	66000	446000	0	0.0608063
1460	70000	446000	1	0.0949511
1461	74000	446000	0	0.132611
1462	78000	446000	0	0.0496872
1463	82000	446000	0	0.221371
1464	86000	446000	0	0.294701
1465	90000	446000	-2	0.091446
1466	94000	446000	-4	0.103423
1467	98000	446000	-4	0.119727
1468	102000	446000	-5	0.0777436
1469	106000	446000	-2	0.157327
1470	110000	446000	0	0.088343
1471	114000	446000	-1	0.0264459
1472	118000	446000	-1	0.024206
1473	122000	446000	0	0.0234429
1474	126000	446000	0	0.0555559
1475	130000	446000	0	0.0693791
1476	134000	446000	2	0.208553
1477	138000	446000	0	0.0834463
1478	142000	446000	1	0.0562857
1479	146000	446000	2	0.00279643
1480	150000	446000	3	0.0171658
1481	154000	446000	4	0.000180204
1482	158000	446000	7	0.033116
1483	162000	446000	25	0.0363768
1484	166000	446000	10	0.158929
1485	170000	446000	6	0.0149332
1486	174000	446000	14	0.116961
1487	178000	446000	34	0.0164722
1488	182000	446000	31	0.0817359
1489	186000	446000	45	0.0492859
1490	190000	446000	56	0.183662
1491	194000	446000	40	0.170184
1492	198000	446000	13	0.0879017
1493	202000	446000	8	0.0916743
1494	206000	446000	9	0.0915104
1495	210000	446000	10	0.0202575
1496	214000	446000	11	0.0106188
1497	218000	446000	12	0.00480408
1498	222000	446000	16	0.0687623
1499	226000	446000	17	0.0046151
1500	230000	446000	17	0.00019998
1501	234000	446000	18	0.035932
1502	238000	446000	23	0.106969
1503	242000	446000	30	0.00015598
1504	246000	446000	32	0.0287046
1505	250000	446000	38	0.00423833
1506	254000	446000	47	0.018516
1507	62000	442000	2	0.469481
1508	66000	442000	1	0.341364
1509	70000	442000	0	0.229763
1510	74000	442000	0	0.0999367
1511	78000	442000	0	0.0204408
1512	82000	442000	-2	0.0485863
1513	86000	442000	-1	0.0993815
1514	90000	442000	-3	0.252655
1515	94000	442000	-2	0.216754
1516	98000	442000	-3	0.270501
1517	102000	442000	-3	0.136595
1518	106000	442000	-1	0.00711757
1519	110000	442000	-1	0.0180293
1520	114000	442000	-1	0.0207291
1521	118000	442000	0	0.0372502
1522	122000	442000	0	0.019008
1523	126000	442000	0	0.0534589
1524	130000	442000	0	0.0439489
1525	134000	442000	0	0.12685
1526	138000	442000	0	0.0210449
1527	142000	442000	1	0.0469938
1528	146000	442000	3	0.045006
1529	150000	442000	4	0.102462
1530	154000	442000	4	0.0420537
1531	158000	442000	5	0.0344025
1532	162000	442000	5	0.0224503
1533	166000	442000	10	0.0685904
1534	170000	442000	7	0.0466256
1535	174000	442000	8	0.154449
1536	178000	442000	9	0.104683
1537	182000	442000	10	0.0878896
1538	186000	442000	8	0.104241
1539	190000	442000	11	0.209986
1540	194000	442000	11	0.266518
1541	198000	442000	9	0.210987
1542	202000	442000	8	0.00258798
1543	206000	442000	9	0.0080031
1544	210000	442000	12	0.0211881
1545	214000	442000	11	0.130073
1546	218000	442000	14	0.244298
1547	222000	442000	16	0.000194712
1548	226000	442000	17	0.00144661
1549	230000	442000	18	0.00888094
1550	234000	442000	19	0.0111111
1551	238000	442000	30	0.00325155
1552	242000	442000	29	0.00903949
1553	246000	442000	37	0.152508
1554	250000	442000	42	0.00300532
1555	254000	442000	48	0.00375463
1556	58000	438000	0	0.0808351
1557	62000	438000	0	0.200876
1558	66000	438000	1	0.16515
1559	70000	438000	0	0.26882
1560	74000	438000	1	0.273166
1561	78000	438000	0	0.0856508
1562	82000	438000	0	0.154499
1563	86000	438000	1	0.3363
1564	90000	438000	2	0.331684
1565	94000	438000	3	0.262786
1566	98000	438000	0	0.245359
1567	102000	438000	0	0.171852
1568	106000	438000	-1	0.00182348
1569	110000	438000	-1	0.0164416
1570	114000	438000	0	0.0580254
1571	118000	438000	0	0.0984657
1572	122000	438000	0	0.00663578
1573	126000	438000	0	0.0218936
1574	130000	438000	0	0.00959145
1575	134000	438000	0	0.0153439
1576	138000	438000	0	0.013181
1577	142000	438000	0	0.137068
1578	146000	438000	1	0.0215668
1579	150000	438000	3	0.0102783
1580	154000	438000	3	0.00752552
1581	158000	438000	4	0.098173
1582	162000	438000	4	0.0238633
1583	166000	438000	6	0.0327741
1584	170000	438000	6	0.0684314
1585	174000	438000	6	0.0427919
1586	178000	438000	7	0.0423807
1587	182000	438000	7	0.0589304
1588	186000	438000	7	0.118602
1589	190000	438000	8	0.0794559
1590	194000	438000	10	0.0878823
1591	198000	438000	10	0.0753028
1592	202000	438000	10	0.144627
1593	206000	438000	11	0.0912802
1594	210000	438000	14	0.000189309
1595	214000	438000	15	0.0128623
1596	218000	438000	12	0.0262744
1597	222000	438000	14	0.0919076
1598	226000	438000	16	0.00247309
1599	230000	438000	18	0.0697355
1600	234000	438000	20	0.00825315
1601	238000	438000	28	0.112922
1602	242000	438000	35	0.00160539
1603	246000	438000	45	0.000164019
1604	250000	438000	47	0.0130316
1605	62000	434000	0	0.0386295
1606	66000	434000	0	0.0125939
1607	70000	434000	0	0.0558337
1608	74000	434000	0	0.184821
1609	78000	434000	3	0.48358
1610	82000	434000	2	0.477252
1611	86000	434000	2	0.483453
1612	90000	434000	2	0.43236
1613	94000	434000	1	0.31906
1614	98000	434000	0	0.281758
1615	102000	434000	0	0.237442
1616	106000	434000	0	0.0783488
1617	110000	434000	-1	0.0187701
1618	114000	434000	-1	0.001262
1619	118000	434000	-1	0.0167625
1620	122000	434000	0	0.0242595
1621	126000	434000	0	0.0325418
1622	130000	434000	0	0.00396122
1623	134000	434000	0	0.0942626
1624	138000	434000	0	0.00807359
1625	142000	434000	1	0.0508392
1626	146000	434000	2	0.0545297
1627	150000	434000	3	0.0726126
1628	154000	434000	4	0.0182895
1629	158000	434000	5	0.269977
1630	162000	434000	6	0.0573733
1631	166000	434000	6	0.143987
1632	170000	434000	6	0.12607
1633	174000	434000	7	0.0344876
1634	178000	434000	8	0.0363923
1635	182000	434000	8	0.0485901
1636	186000	434000	8	0.123541
1637	190000	434000	9	0.104425
1638	194000	434000	9	0.038618
1639	198000	434000	11	0.0238984
1640	202000	434000	11	0.020086
1641	206000	434000	11	0.0195394
1642	210000	434000	25	0.0106552
1643	214000	434000	26	0.0693695
1644	218000	434000	13	0.0145233
1645	222000	434000	13	0.127537
1646	226000	434000	14	0.00555556
1647	230000	434000	17	0.000194663
1648	234000	434000	20	0.00019998
1649	238000	434000	32	0.000197212
1650	58000	430000	0	0.0499372
1651	62000	430000	0	0.0727958
1652	66000	430000	0	0.0305617
1653	70000	430000	0	0.100928
1654	74000	430000	-1	0.00539713
1655	78000	430000	0	0.172954
1656	82000	430000	0	0.28471
1657	86000	430000	0	0.186549
1658	90000	430000	0	0.223527
1659	94000	430000	0	0.281837
1660	98000	430000	0	0.263351
1661	102000	430000	0	0.183029
1662	106000	430000	0	0.264859
1663	110000	430000	-1	0.0242536
1664	114000	430000	-1	0.0296639
1665	118000	430000	-1	0.00956891
1666	122000	430000	-1	0.0349665
1667	126000	430000	0	0.131252
1668	130000	430000	0	0.040008
1669	134000	430000	0	0.00836514
1670	138000	430000	0	0.000668041
1671	142000	430000	1	0.0239884
1672	146000	430000	2	0.0346534
1673	150000	430000	3	0.085213
1674	154000	430000	3	0.0258961
1675	158000	430000	4	0.0333451
1676	162000	430000	4	0.00375861
1677	166000	430000	5	0.00825368
1678	170000	430000	5	0.0188111
1679	174000	430000	6	0.0223474
1680	178000	430000	7	0.0932845
1681	182000	430000	8	0.145768
1682	186000	430000	10	0.234462
1683	190000	430000	9	0.0455136
1684	194000	430000	9	0.0511685
1685	198000	430000	10	0.0247269
1686	202000	430000	11	0.0534458
1687	206000	430000	12	0.0819157
1688	210000	430000	13	0.0534844
1689	214000	430000	15	0.155227
1690	218000	430000	13	0.0417063
1691	222000	430000	14	0.0147316
1692	226000	430000	16	0.0385213
1693	230000	430000	17	0.098496
1694	50000	426000	0	0.0413015
1695	54000	426000	1	0.0498857
1696	58000	426000	0	0.0191851
1697	62000	426000	0	0.114955
1698	66000	426000	0	0.0846356
1699	70000	426000	0	0.0999882
1700	74000	426000	0	0.00320992
1701	78000	426000	0	0.0567145
1702	82000	426000	0	0.0805866
1703	86000	426000	0	0.0938966
1704	90000	426000	0	0.125728
1705	94000	426000	0	0.0632847
1706	98000	426000	0	0.109736
1707	102000	426000	0	0.291876
1708	106000	426000	0	0.242437
1709	110000	426000	0	0.300108
1710	114000	426000	0	0.127932
1711	118000	426000	0	0.114407
1712	122000	426000	0	0.075413
1713	126000	426000	1	0.174761
1714	130000	426000	0	0.102378
1715	134000	426000	0	0.0520949
1716	138000	426000	1	0.0251524
1717	142000	426000	2	0.0308791
1718	146000	426000	3	0.108019
1719	150000	426000	3	0.016132
1720	154000	426000	3	0.0273846
1721	158000	426000	4	0.0532828
1722	162000	426000	4	0.0102704
1723	166000	426000	5	0.054873
1724	170000	426000	6	0.00497649
1725	174000	426000	6	0.00284216
1726	178000	426000	8	0.147092
1727	182000	426000	9	0.330178
1728	186000	426000	19	0.272728
1729	190000	426000	56	0.0675935
1730	194000	426000	11	0.0231105
1731	50000	422000	0	0.101375
1732	54000	422000	0	0.05056
1733	58000	422000	0	0.0607508
1734	62000	422000	0	0.0207119
1735	66000	422000	0	0.0106972
1736	70000	422000	0	0.0555035
1737	74000	422000	0	0.0697673
1738	78000	422000	0	0.0101285
1739	82000	422000	0	0.00795499
1740	86000	422000	0	0.00019998
1741	90000	422000	0	0.0175101
1742	94000	422000	-1	0.0287114
1743	98000	422000	-1	0.0282637
1744	102000	422000	0	0.291127
1745	106000	422000	0	0.215705
1746	110000	422000	0	0.0619997
1747	114000	422000	0	0.0352663
1748	118000	422000	0	0.0454331
1749	122000	422000	0	0.0618876
1750	126000	422000	0	0.0240123
1751	130000	422000	0	0.0734427
1752	134000	422000	0	0.0339816
1753	138000	422000	1	0.0243353
1754	142000	422000	1	0.0391955
1755	146000	422000	2	0.114293
1756	150000	422000	3	0.0450538
1757	154000	422000	2	0.0239648
1758	158000	422000	3	0.00746457
1759	162000	422000	4	0.0939164
1760	166000	422000	6	0.225965
1761	170000	422000	6	0.0160701
1762	174000	422000	7	0.0671456
1763	178000	422000	7	0.0705158
1764	182000	422000	9	0.0594676
1765	186000	422000	11	0.0730103
1766	190000	422000	61	0.0534173
1767	194000	422000	24	0.0804763
1768	42000	418000	0	0.0711951
1769	46000	418000	0	0.132756
1770	50000	418000	0	0.101281
1771	54000	418000	0	0.0574769
1772	58000	418000	0	0.0464413
1773	62000	418000	0	0.0194904
1774	66000	418000	0	0.0218627
1775	70000	418000	0	0.0712655
1776	74000	418000	0	0.0396599
1777	78000	418000	0	0.0476021
1778	82000	418000	0	0.0253745
1779	86000	418000	0	0.0156655
1780	90000	418000	0	0.0680233
1781	94000	418000	0	0.00019998
1782	98000	418000	-1	0.0687423
1783	102000	418000	-1	0.0297898
1784	106000	418000	0	0.0328086
1785	110000	418000	0	0.0402743
1786	114000	418000	2	0.0621064
1787	118000	418000	0	0.0267461
1788	122000	418000	0	0.0143709
1789	126000	418000	0	0.00726033
1790	130000	418000	0	0.000856652
1791	134000	418000	0	0.0113666
1792	138000	418000	2	0.0883159
1793	142000	418000	2	0.0346741
1794	146000	418000	2	0.0854337
1795	150000	418000	2	0.0501309
1796	154000	418000	2	0.0253346
1797	158000	418000	2	0.00771726
1798	162000	418000	6	0.111373
1799	166000	418000	11	0.29965
1800	170000	418000	14	0.0354198
1801	174000	418000	9	0.0441835
1802	178000	418000	9	0.0416334
1803	182000	418000	9	0.0277059
1804	186000	418000	9	0.112776
1805	190000	418000	16	0.0626502
1806	194000	418000	28	0.0132099
1807	198000	418000	40	0.00334723
1808	38000	414000	6	0.0568704
1809	42000	414000	0	0.0715814
1810	46000	414000	0	0.0194538
1811	50000	414000	0	0.00385012
1812	54000	414000	0	0.00333716
1813	58000	414000	0	0.0187967
1814	62000	414000	0	0.053094
1815	66000	414000	0	0.0400897
1816	70000	414000	0	0.0195531
1817	74000	414000	0	0.0397861
1818	78000	414000	0	0.0158957
1819	82000	414000	0	0.0500448
1820	86000	414000	0	0.13144
1821	90000	414000	0	0.0774878
1822	94000	414000	0	0.0221136
1823	98000	414000	0	0.0293758
1824	102000	414000	0	0.11595
1825	106000	414000	0	0.0713253
1826	110000	414000	0	0.0193952
1827	114000	414000	0	0.0661788
1828	118000	414000	1	0.220545
1829	122000	414000	0	0.0994533
1830	126000	414000	0	0.0359971
1831	130000	414000	0	0.127304
1832	134000	414000	0	0.0503636
1833	138000	414000	1	0.056022
1834	142000	414000	1	0.0421477
1835	146000	414000	2	0.240897
1836	150000	414000	4	0.32475
1837	154000	414000	5	0.157876
1838	158000	414000	5	0.0622558
1839	162000	414000	6	0.0155223
1840	166000	414000	10	0.0886283
1841	170000	414000	20	0.0130365
1842	174000	414000	18	0.0231345
1843	178000	414000	16	0.0103513
1844	182000	414000	10	0.00397232
1845	186000	414000	10	0.0386185
1846	190000	414000	11	0.12399
1847	194000	414000	12	0.062924
1848	198000	414000	12	0.0542709
1849	38000	410000	0	0.081411
1850	42000	410000	0	0.0514473
1851	46000	410000	0	0.0634323
1852	50000	410000	0	0.0410269
1853	54000	410000	0	0.0350591
1854	58000	410000	0	0.00416651
1855	62000	410000	0	0.0355935
1856	66000	410000	0	0.135225
1857	70000	410000	0	0.24096
1858	74000	410000	0	0.0466002
1859	78000	410000	0	0.00439089
1860	82000	410000	0	0.0288752
1861	86000	410000	0	0.121497
1862	90000	410000	-1	0.0296694
1863	94000	410000	0	0.0332062
1864	98000	410000	2	0.392982
1865	102000	410000	0	0.241891
1866	106000	410000	0	0.0917537
1867	110000	410000	0	0.0161036
1868	114000	410000	0	0.0539548
1869	118000	410000	0	0.241592
1870	122000	410000	0	0.0207882
1871	126000	410000	0	0.0428726
1872	130000	410000	1	0.204482
1873	134000	410000	4	0.174402
1874	138000	410000	4	0.116435
1875	142000	410000	3	0.087879
1876	146000	410000	3	0.119307
1877	150000	410000	5	0.191663
1878	154000	410000	4	0.113697
1879	158000	410000	6	0.0237667
1880	162000	410000	7	0.0167331
1881	166000	410000	9	0.000345527
1882	170000	410000	17	0.0680784
1883	174000	410000	21	0.0627723
1884	178000	410000	18	0.0632799
1885	182000	410000	17	0.0629769
1886	186000	410000	10	0.0154252
1887	190000	410000	11	0.0307881
1888	194000	410000	12	0.102321
1889	198000	410000	15	0.0535197
1890	202000	410000	14	0.00684011
1891	50000	406000	0	0.0619054
1892	54000	406000	0	0.1244
1893	58000	406000	0	0.0195822
1894	62000	406000	0	0.0323561
1895	66000	406000	0	0.0385194
1896	70000	406000	0	0.0804147
1897	74000	406000	0	0.0553638
1898	78000	406000	0	0.0487343
1899	82000	406000	0	0.0237251
1900	86000	406000	0	0.119897
1901	90000	406000	0	0.0394864
1902	94000	406000	0	0.00957662
1903	98000	406000	0	0.0810238
1904	102000	406000	0	0.130715
1905	106000	406000	0	0.0361665
1906	110000	406000	0	0.0453883
1907	114000	406000	1	0.0266602
1908	118000	406000	5	0.261133
1909	122000	406000	2	0.0741076
1910	126000	406000	2	0.0441428
1911	130000	406000	6	0.0781822
1912	134000	406000	13	0.0243723
1913	138000	406000	11	9.13E-05
1914	142000	406000	7	0.00675751
1915	146000	406000	7	0.0883888
1916	150000	406000	6	0.0669129
1917	154000	406000	6	0.0617615
1918	158000	406000	7	0.0242326
1919	162000	406000	8	0.0386761
1920	166000	406000	8	0.0416372
1921	170000	406000	10	0.0782287
1922	174000	406000	19	0.23884
1923	178000	406000	20	0.157421
1924	182000	406000	19	0.0141605
1925	186000	406000	15	0.0235402
1926	190000	406000	14	0.0254897
1927	194000	406000	14	0.130292
1928	198000	406000	15	0.0292234
1929	202000	406000	16	0.0195015
1930	206000	406000	16	0.00677276
1931	30000	402000	0	0.0343845
1932	34000	402000	0	0.0776262
1933	38000	402000	0	0.0623597
1934	42000	402000	0	0.0428847
1935	46000	402000	0	0.0259326
1936	50000	402000	0	0.053089
1937	54000	402000	0	0.0634442
1938	58000	402000	0	0.057722
1939	62000	402000	0	0.0259309
1940	66000	402000	0	0.0366964
1941	70000	402000	0	0.0338423
1942	74000	402000	0	0.0135698
1943	78000	402000	-1	0.0165618
1944	82000	402000	0	0.0575623
1945	86000	402000	0	0.00405287
1946	90000	402000	0	0.0551179
1947	94000	402000	0	0.0477663
1948	98000	402000	0	0.0324816
1949	102000	402000	0	0.00561051
1950	106000	402000	1	0.0363452
1951	110000	402000	2	0.369138
1952	114000	402000	3	0.271361
1953	118000	402000	8	0.15069
1954	122000	402000	8	0.147411
1955	126000	402000	5	0.0888692
1956	130000	402000	9	0.230876
1957	134000	402000	12	0.0744811
1958	138000	402000	10	0.0618011
1959	142000	402000	8	0.0496555
1960	146000	402000	6	0.0115481
1961	150000	402000	7	0.0637174
1962	154000	402000	7	0.011478
1963	158000	402000	9	0.0691253
1964	162000	402000	10	0.216405
1965	166000	402000	10	0.225915
1966	170000	402000	10	0.0377851
1967	174000	402000	14	0.0477319
1968	178000	402000	20	0.0079112
1969	182000	402000	22	0.0059177
1970	186000	402000	22	0.000126959
1971	190000	402000	19	0.0247969
1972	194000	402000	16	0.0258406
1973	198000	402000	14	0.0263972
1974	202000	402000	17	0.0504892
1975	206000	402000	21	0.204229
1976	22000	398000	0	0.05061
1977	26000	398000	0	0.0410941
1978	30000	398000	0	0.012782
1979	34000	398000	0	0.054398
1980	38000	398000	0	0.0396966
1981	42000	398000	0	0.0155652
1982	46000	398000	0	0.0356132
1983	50000	398000	0	0.0261966
1984	54000	398000	0	0.0633306
1985	58000	398000	0	0.0568817
1986	62000	398000	0	0.0169261
1987	66000	398000	-1	0.0236197
1988	70000	398000	-2	0.00230418
1989	74000	398000	0	0.0252819
1990	78000	398000	0	0.0030415
1991	82000	398000	0	0.0265549
1992	86000	398000	0	0.00752527
1993	90000	398000	0	0.208246
1994	94000	398000	3	0.060454
1995	98000	398000	5	0.0692539
1996	102000	398000	6	0.291394
1997	106000	398000	5	0.0619039
1998	110000	398000	4	0.188699
1999	114000	398000	5	0.196066
2000	118000	398000	6	0.0640873
2001	122000	398000	12	0.255207
2002	126000	398000	9	0.194315
2003	130000	398000	15	0.21067
2004	134000	398000	14	0.327699
2005	138000	398000	12	0.128721
2006	142000	398000	11	0.119523
2007	146000	398000	10	5.15E-05
2008	150000	398000	8	0.117122
2009	154000	398000	9	0.0319788
2010	158000	398000	9	0.0306558
2011	162000	398000	11	0.0403681
2012	166000	398000	11	0.000197098
2013	170000	398000	12	0.000223871
2014	174000	398000	13	0.022028
2015	178000	398000	21	0.102949
2016	182000	398000	24	0.00890493
2017	186000	398000	25	0.000175395
2018	190000	398000	24	0.000156528
2019	194000	398000	23	0.0234884
2020	198000	398000	17	0.0163329
2021	202000	398000	14	0.0247021
2022	206000	398000	20	0.0121572
2023	22000	394000	0	0.0566078
2024	26000	394000	0	0.0052766
2025	30000	394000	0	0.0274985
2026	34000	394000	0	0.0411892
2027	38000	394000	0	0.0454729
2028	42000	394000	0	0.00495514
2029	46000	394000	0	0.0172667
2030	50000	394000	0	0.0826852
2031	54000	394000	0	0.0413461
2032	58000	394000	0	0.0751987
2033	62000	394000	0	0.0730712
2034	66000	394000	0	0.0428151
2035	70000	394000	0	0.0375777
2036	74000	394000	0	0.127555
2037	78000	394000	4	0.105301
2038	82000	394000	2	0.00539298
2039	86000	394000	3	0.0235953
2040	90000	394000	5	0.311695
2041	94000	394000	7	0.187723
2042	98000	394000	11	0.0917152
2043	102000	394000	9	0.0166556
2044	106000	394000	7	0.0195514
2045	110000	394000	6	0.0288966
2046	114000	394000	6	0.0211044
2047	118000	394000	11	0.0260561
2048	122000	394000	16	0.0186654
2049	126000	394000	14	0.0703798
2050	130000	394000	15	0.155143
2051	134000	394000	15	0.18438
2052	138000	394000	14	0.0473799
2053	142000	394000	10	0.0247387
2054	146000	394000	10	0.00258558
2055	150000	394000	12	0.0001679
2056	154000	394000	13	0.00728855
2057	158000	394000	13	0.000192215
2058	162000	394000	13	0.0439171
2059	166000	394000	13	0.0159141
2060	170000	394000	14	0.0825843
2061	174000	394000	14	0.0451965
2062	178000	394000	20	0.0151061
2063	182000	394000	30	0.0107962
2064	186000	394000	28	0.0607218
2065	190000	394000	30	0.0893334
2066	194000	394000	24	0.0755318
2067	198000	394000	24	0.246262
2068	202000	394000	18	0.0752682
2069	206000	394000	17	0.0161834
2070	210000	394000	23	0.00217385
2071	26000	390000	0	0.0481741
2072	30000	390000	0	0.117097
2073	34000	390000	0	0.260835
2074	38000	390000	0	0.116371
2075	42000	390000	0	0.0113139
2076	46000	390000	0	0.036321
2077	50000	390000	0	0.161089
2078	54000	390000	0	0.0466222
2079	58000	390000	-1	0.0334357
2080	62000	390000	0	0.0853316
2081	74000	390000	0	0.0911972
2082	78000	390000	3	0.349443
2083	82000	390000	10	0.083965
2084	86000	390000	8	0.00805105
2085	90000	390000	7	0.0304201
2086	94000	390000	11	0.0035311
2087	98000	390000	12	0.00541018
2088	102000	390000	10	0.00134049
2089	106000	390000	8	0.0134709
2090	110000	390000	6	0.0909243
2091	114000	390000	9	0.0155277
2092	118000	390000	12	0.0146814
2093	122000	390000	23	0.0212727
2094	126000	390000	22	0.00894339
2095	130000	390000	19	0.0451785
2096	134000	390000	17	0.0165087
2097	138000	390000	14	0.0681627
2098	142000	390000	12	0.00408741
2099	146000	390000	14	0.00450251
2100	150000	390000	16	0.0890686
2101	154000	390000	17	0.173023
2102	158000	390000	18	0.244251
2103	162000	390000	16	0.205547
2104	166000	390000	15	0.00856342
2105	170000	390000	18	0.0583977
2106	174000	390000	17	0.112546
2107	178000	390000	20	0.0321598
2108	182000	390000	24	0.0289258
2109	186000	390000	27	0.0919043
2110	190000	390000	30	0.0196951
2111	194000	390000	28	0.01451
2112	198000	390000	25	0.0223493
2113	202000	390000	22	0.0237891
2114	206000	390000	18	0.0218185
2115	210000	390000	19	0.0438635
2116	214000	390000	32	0.0292383
2117	26000	386000	0	0.0811579
2118	30000	386000	0	0.236069
2119	34000	386000	0	0.0978471
2120	38000	386000	2	0.413633
2121	42000	386000	0	0.044429
2122	46000	386000	0	0.00801737
2123	50000	386000	0	0.0337709
2124	54000	386000	0	0.0294478
2125	58000	386000	0	0.107863
2126	62000	386000	0	0.0638472
2127	74000	386000	0	0.168412
2128	78000	386000	0	0.0557394
2129	82000	386000	18	0.128956
2130	86000	386000	13	0.00668133
2131	90000	386000	12	0.106204
2132	94000	386000	13	0.0671304
2133	98000	386000	12	0.000169806
2134	102000	386000	10	0.014382
2135	106000	386000	10	0.0280686
2136	110000	386000	9	0.0745926
2137	114000	386000	13	0.0426849
2138	118000	386000	16	0.00914425
2139	122000	386000	22	0.0179695
2140	126000	386000	23	0.0093934
2141	130000	386000	23	0.0319836
2142	134000	386000	26	0.00589504
2143	138000	386000	18	0.0195066
2144	142000	386000	17	0.0206396
2145	146000	386000	19	0.026643
2146	150000	386000	21	0.000301309
2147	154000	386000	19	0.370338
2148	158000	386000	19	0.267414
2149	162000	386000	18	0.21772
2150	166000	386000	17	0.14022
2151	170000	386000	18	0.126293
2152	174000	386000	18	0.285602
2153	178000	386000	22	0.200849
2154	182000	386000	25	0.158703
2155	186000	386000	28	0.0545629
2156	190000	386000	31	0.0166813
2157	194000	386000	30	0.024243
2158	198000	386000	27	0.00734074
2159	202000	386000	24	0.0989051
2160	206000	386000	23	0.000152938
2161	210000	386000	20	0.0357109
2162	214000	386000	31	0.0138554
2163	26000	382000	0	0.0781405
2164	30000	382000	0	0.0769158
2165	38000	382000	0	0.0893073
2166	42000	382000	0	0.0287719
2167	46000	382000	0	0.00022105
2168	50000	382000	0	0.000516976
2169	54000	382000	0	0.0546056
2170	58000	382000	0	0.0599278
2171	62000	382000	0	0.0436242
2172	66000	382000	0	0.0285992
2173	70000	382000	0	0.0172429
2174	74000	382000	0	0.0465713
2175	78000	382000	0	0.0104345
2176	82000	382000	19	0.125722
2177	86000	382000	18	0.010785
2178	98000	382000	13	0.0013907
2179	102000	382000	12	0.0212429
2180	106000	382000	12	0.000198187
2181	110000	382000	13	0.046659
2182	114000	382000	15	0.0190703
2183	118000	382000	18	0.00016214
2184	122000	382000	25	0.0299583
2185	126000	382000	26	0.0175527
2186	130000	382000	27	0.0416268
2187	134000	382000	28	0.0106545
2188	138000	382000	27	0.013397
2189	142000	382000	24	0.0017009
2190	146000	382000	23	0.0108493
2191	150000	382000	25	0.0142812
2192	154000	382000	22	0.190091
2193	158000	382000	19	0.344848
2194	162000	382000	19	0.267422
2195	166000	382000	20	0.202032
2196	170000	382000	24	0.0485581
2197	174000	382000	23	0.00964708
2198	178000	382000	22	0.0615316
2199	182000	382000	25	0.0425754
2200	186000	382000	29	0.0204734
2201	190000	382000	32	0.0289836
2202	194000	382000	31	0.017974
2203	198000	382000	28	0.0197929
2204	202000	382000	25	0.0709315
2205	206000	382000	24	0.0791508
2206	210000	382000	20	0.0210382
2207	214000	382000	23	0.0477597
2208	14000	378000	0	0.062497
2209	18000	378000	1	0.0311867
2210	22000	378000	0	0.0347505
2211	26000	378000	0	0.0236828
2212	30000	378000	0	0.0351344
2213	34000	378000	0	0.0484527
2214	38000	378000	0	0.0594837
2215	42000	378000	0	0.0634279
2216	46000	378000	0	0.0492884
2217	50000	378000	0	0.055167
2218	54000	378000	0	0.0615798
2219	58000	378000	0	0.0387568
2220	62000	378000	0	0.0596056
2221	66000	378000	0	0.0616953
2222	70000	378000	0	0.0567224
2223	74000	378000	0	0.0853302
2224	78000	378000	0	0.0869639
2225	82000	378000	12	0.0339355
2226	86000	378000	23	0.0112227
2227	122000	378000	24	0.0252097
2228	134000	378000	33	0.00643307
2229	138000	378000	27	0.0182528
2230	142000	378000	28	0.024788
2231	146000	378000	26	0.0293913
2232	150000	378000	26	0.0315858
2233	154000	378000	25	0.0783028
2234	158000	378000	20	0.140744
2235	162000	378000	24	0.0908528
2236	166000	378000	24	0.0367572
2237	170000	378000	23	0.0197178
2238	174000	378000	25	0.00907808
2239	178000	378000	25	0.12659
2240	182000	378000	25	0.0438621
2241	186000	378000	28	0.00132241
2242	190000	378000	32	0.00415811
2243	194000	378000	33	0.0296455
2244	198000	378000	31	0.0410252
2245	202000	378000	27	0.122703
2246	206000	378000	24	0.30124
2247	210000	378000	22	0.231726
2248	214000	378000	36	0.119786
2249	14000	374000	1	0.00201641
2250	18000	374000	0	0.00101961
2251	22000	374000	0	0.0367937
2252	26000	374000	0	0.00844362
2253	30000	374000	0	0.00251052
2254	34000	374000	0	0.00113176
2255	38000	374000	0	0.0253295
2256	42000	374000	0	0.327311
2257	46000	374000	0	0.22049
2258	50000	374000	0	0.0497741
2259	54000	374000	0	0.00387379
2260	58000	374000	0	0.0138762
2261	62000	374000	0	0.00397509
2262	66000	374000	0	0.0298641
2263	70000	374000	2	0.0625174
2264	74000	374000	1	0.0615047
2265	82000	374000	4	0.0988103
2266	86000	374000	13	0.0776812
2267	138000	374000	30	0.0479479
2268	142000	374000	31	0.114118
2269	146000	374000	30	0.0924967
2270	150000	374000	29	0.109288
2271	154000	374000	28	0.014662
2272	158000	374000	24	0.0858041
2273	162000	374000	26	0.130136
2274	166000	374000	26	0.0238441
2275	170000	374000	25	0.0418535
2276	174000	374000	26	0.00362838
2277	178000	374000	26	0.0212255
2278	182000	374000	26	0.0299512
2279	186000	374000	28	0.0341161
2280	190000	374000	33	0.0437761
2281	194000	374000	34	0.0214872
2282	198000	374000	30	0.0124951
2283	202000	374000	28	0.0394588
2284	206000	374000	22	0.126141
2285	210000	374000	34	0.238262
2286	214000	374000	44	0.0761545
2287	14000	370000	0	0.0417674
2288	18000	370000	0	0.00337382
2289	22000	370000	0	0.00545231
2290	26000	370000	0	0.000434049
2291	30000	370000	0	0.0107833
2292	34000	370000	0	0.00032338
2293	38000	370000	0	0.015602
2294	42000	370000	0	0.0164512
2295	46000	370000	0	0.22081
2296	50000	370000	0	0.0461504
2297	54000	370000	0	0.00777401
2298	58000	370000	0	0.01546
2299	62000	370000	0	0.00148794
2300	66000	370000	0	0.000195332
2301	70000	370000	1	0.00337125
2302	138000	370000	28	0.0520392
2303	142000	370000	39	7.54E-05
2304	146000	370000	40	3.20E-05
2305	150000	370000	32	0.0393863
2306	154000	370000	29	0.0642782
2307	158000	370000	29	0.0288289
2308	162000	370000	28	0.00036284
2309	166000	370000	26	0.00656393
2310	170000	370000	28	0.0553192
2311	174000	370000	32	0.0191846
2312	178000	370000	27	0.000178293
2313	182000	370000	28	0.00544594
2314	186000	370000	29	0.00708587
2315	190000	370000	31	0.01564
2316	194000	370000	32	0.0600451
2317	198000	370000	34	0.0977879
2318	202000	370000	28	0.0105884
2319	206000	370000	24	0.143545
2320	210000	370000	50	0.120723
2321	18000	366000	0	0.0181349
2322	22000	366000	0	0.00221741
2323	26000	366000	0	0.00245004
2324	38000	366000	0	0.0118351
2325	42000	366000	0	0.013228
2326	46000	366000	0	0.193913
2327	50000	366000	0	0.0961124
2328	54000	366000	0	0.0190641
2329	58000	366000	1	0.00654718
2330	62000	366000	1	0.144383
2331	66000	366000	1	0.0157067
2332	142000	366000	41	0.0179686
2333	146000	366000	41	9.72E-05
2334	150000	366000	36	0.024174
2335	154000	366000	34	0.000396428
2336	158000	366000	31	0.000140612
2337	162000	366000	31	0.0249323
2338	166000	366000	30	0.021372
2339	170000	366000	30	0.038546
2340	174000	366000	34	0.0459456
2341	178000	366000	31	0.107632
2342	182000	366000	32	0.0544673
2343	186000	366000	30	0.000168683
2344	190000	366000	30	0.00538621
2345	194000	366000	29	0.0200579
2346	198000	366000	28	0.0190589
2347	202000	366000	25	0.0792321
2348	206000	366000	26	0.0107671
2349	22000	362000	1	0.0150557
2350	42000	362000	0	0.0524073
2351	46000	362000	0	0.104164
2352	50000	362000	1	0.00440103
2353	54000	362000	1	0.00860339
2354	58000	362000	2	0.0303143
2355	62000	362000	5	0.0600693
2356	146000	362000	45	0.0818427
2357	150000	362000	45	0.117782
2358	166000	362000	34	0.126394
2359	170000	362000	33	0.119944
2360	174000	362000	35	0.14083
2361	178000	362000	33	0.196702
2362	182000	362000	30	0.025436
2363	186000	362000	29	0.000191224
2364	190000	362000	29	0.0385547
2365	194000	362000	28	0.0469042
2366	198000	362000	20	0.0332368
2367	202000	362000	26	0.0555288
2368	46000	358000	3	0.131276
2369	50000	358000	2	0.0139341
2370	54000	358000	2	0.0108647
2371	170000	358000	35	0.00648248
2372	174000	358000	33	0.00844869
2373	178000	358000	31	0.0325391
2374	182000	358000	29	0.00750136
2375	186000	358000	28	0.00397643
2376	190000	358000	28	0.0318251
2377	194000	358000	23	0.0984215
2378	198000	358000	22	0.241586
2379	202000	358000	29	0.0154671
2380	174000	354000	34	0.0058633
2381	178000	354000	31	0.0697389
2382	182000	354000	30	0.0052042
2383	186000	354000	28	0.109432
2384	190000	354000	23	0.129968
2385	194000	354000	20	0.117194
2386	198000	354000	24	0.163963
2387	202000	354000	30	0.142596
2388	206000	354000	66	0.074894
2389	210000	354000	83	0.0540733
2390	186000	350000	23	0.0701562
2391	190000	350000	26	0.122809
2392	194000	350000	28	0.0392748
2393	198000	350000	29	0.0225267
2394	202000	350000	29	0.0353834
2395	206000	350000	43	0.0205977
2396	186000	346000	26	0.0700774
2397	190000	346000	29	0.142368
2398	194000	346000	29	0.00284704
2399	198000	346000	37	0.0185598
2400	202000	346000	33	0.0594261
2401	182000	342000	30	0.0379057
2402	186000	342000	28	0.136805
2403	190000	342000	32	0.0602614
2404	194000	342000	50	0.0229035
2405	182000	338000	32	0.0395525
2406	186000	338000	35	0.152972
2407	190000	338000	39	0.125842
2408	194000	338000	55	0.0254126
2409	182000	334000	47	0.183962
2410	186000	334000	56	0.194649
2411	190000	334000	53	0.159508
2412	194000	334000	61	0.040616
2413	198000	334000	71	0.0508297
2414	178000	330000	39	0.170118
2415	182000	330000	63	0.32555
2416	186000	330000	67	0.240315
2417	190000	330000	93	0.0435903
2418	194000	330000	88	0.0594368
2419	198000	330000	78	0.175383
2420	178000	326000	41	0.0742018
2421	182000	326000	104	0.164747
2422	186000	326000	115	0.0313741
2423	190000	326000	90	0.0850861
2424	194000	326000	92	0.251638
2425	198000	326000	106	0.104879
2426	202000	326000	122	0.0992473
2427	174000	322000	59	0.197029
2428	178000	322000	45	0.191211
2429	182000	322000	98	0.052548
2430	186000	322000	128	0.0363845
2431	190000	322000	109	0.0208478
2432	194000	322000	93	0.160502
2433	198000	322000	134	0.22855
2434	202000	322000	132	0.237412
2435	174000	318000	71	0.204315
2436	178000	318000	50	0.279282
2437	182000	318000	112	0.0282353
2438	186000	318000	136	0.0418016
2439	190000	318000	121	0.0190198
2440	194000	318000	168	0.011015
2441	198000	318000	168	0.268623
2442	202000	318000	158	0.141174
2443	174000	314000	92	0.0401447
2444	178000	314000	51	0.201543
2445	182000	314000	128	0.013594
2446	186000	314000	164	0.0405927
2447	190000	314000	135	0.0174752
2448	194000	314000	134	0.0150621
2449	198000	314000	177	0.0318499
2450	178000	310000	57	0.0547344
2451	182000	310000	130	0.0107772
2452	186000	310000	178	0.0123655
2453	190000	310000	183	0.00586102
2454	194000	310000	162	0.00976898
2455	198000	310000	196	0.0412781
2456	178000	306000	77	0.12038
2457	186000	306000	200	0.0357804
2458	190000	306000	209	0.0322809
2459	194000	306000	178	0.0584399
2460	198000	306000	226	0.0704062
