ID	XLAMB	YLAMB	ALT	BETA
1	226000	618000	0	0.0383
2	230000	618000	0	0.0419
3	234000	618000	0	0.0453
4	206000	614000	0	0.0402
5	210000	614000	0	0.0329
6	214000	614000	0	0.0331
7	218000	614000	0	0.0317
8	174000	610000	0	0.0441
9	178000	610000	0	0.0474
10	182000	610000	0	0.0438
11	186000	610000	0	0.0424
12	190000	610000	0	0.0374
13	206000	610000	0	0.0197
14	210000	610000	0	0.0276
15	242000	610000	0	0.0598
16	246000	610000	0	0.0339
17	250000	610000	0	0.0924
18	158000	606000	0	0.0396
19	162000	606000	0	0.0337
20	166000	606000	0	0.0452
21	170000	606000	0	0.0482
22	174000	606000	0	0.0214
23	178000	606000	0	0.0236
24	182000	606000	0	0.048
25	186000	606000	0	0.0399
26	190000	606000	0	0.0472
27	194000	606000	0	0.0488
28	206000	606000	0	0.0461
29	210000	606000	0	0.0488
30	226000	606000	0	0.0453
31	230000	606000	0	0.04
32	234000	606000	0	0.0299
33	238000	606000	0	0.0073
34	242000	606000	0	0.0019
35	246000	606000	0	0.0146
36	250000	606000	0	0.1037
37	254000	606000	0	0.1676
38	142000	602000	0	0.0424
39	146000	602000	0	0.0296
40	150000	602000	2	0.0239
41	154000	602000	1	0.0147
42	158000	602000	0	0.0275
43	186000	602000	0	0.0488
44	190000	602000	0	0.0479
45	194000	602000	0	0.0358
46	198000	602000	0	0.0242
47	202000	602000	0	0.0228
48	206000	602000	0	0.0359
49	210000	602000	0	0.0774
50	214000	602000	0	0.051
51	218000	602000	0	0.0276
52	222000	602000	0	0.0123
53	226000	602000	0	0.0064
54	230000	602000	0	0.0095
55	234000	602000	0	0.0184
56	238000	602000	0	0.024
57	242000	602000	0	0.0545
58	246000	602000	0	0.0053
59	250000	602000	0	0.0137
60	254000	602000	0	0.0242
61	142000	598000	2	0.0238
62	146000	598000	0	0.0502
63	150000	598000	0	0.0404
64	182000	598000	0	0.0464
65	186000	598000	0	0.0242
66	190000	598000	0	0.0115
67	194000	598000	0	0.0072
68	198000	598000	0	0.0082
69	202000	598000	0	0.0061
70	206000	598000	0	0.0362
71	210000	598000	0	0.0304
72	214000	598000	0	0.0176
73	218000	598000	0	0.0133
74	222000	598000	0	0.0163
75	226000	598000	0	0.0133
76	230000	598000	0	0.0127
77	234000	598000	0	0
78	238000	598000	0	0.0193
79	242000	598000	0	0.0054
80	246000	598000	0	0.0049
81	250000	598000	0	0
82	254000	598000	0	0.016
83	138000	594000	0	0.0488
84	174000	594000	0	0.0433
85	178000	594000	0	0.0269
86	182000	594000	0	0.0141
87	186000	594000	0	0.0082
88	190000	594000	0	0
89	194000	594000	0	0.0931
90	198000	594000	0	0.0533
91	202000	594000	0	0
92	206000	594000	0	0.0144
93	210000	594000	0	0.0383
94	214000	594000	0	0.0276
95	218000	594000	0	0.0597
96	222000	594000	0	0.0143
97	226000	594000	0	0.0007
98	230000	594000	0	0.0415
99	234000	594000	0	0.0017
100	238000	594000	-1	0.006
101	242000	594000	0	0.0086
102	246000	594000	0	0.0174
103	250000	594000	0	0.0118
104	254000	594000	0	0.1161
105	258000	594000	0	0.337
106	262000	594000	0	0.1828
107	130000	590000	0	0.0315
108	134000	590000	0	0.0547
109	138000	590000	0	0.0418
110	170000	590000	0	0.0111
111	174000	590000	0	0.0049
112	178000	590000	0	0
113	182000	590000	0	0.0162
114	186000	590000	0	0.0071
115	190000	590000	0	0.0009
116	194000	590000	0	0.0341
117	198000	590000	0	0.0195
118	202000	590000	0	0.0063
119	206000	590000	0	0.0286
120	210000	590000	0	0
121	214000	590000	0	0.0394
122	218000	590000	0	0.037
123	222000	590000	0	0.0049
124	226000	590000	0	0.0043
125	230000	590000	0	0.0051
126	234000	590000	0	0.0285
127	238000	590000	-1	0.0202
128	242000	590000	-1	0.0219
129	246000	590000	-1	0.0287
130	250000	590000	-1	0.0381
131	254000	590000	-2	0.0157
132	258000	590000	-2	0.0026
133	262000	590000	-2	0.0792
134	266000	590000	-1	0.0266
135	270000	590000	0	0.0472
136	126000	586000	0	0.032
137	166000	586000	0	0.011
138	170000	586000	0	0.0206
139	174000	586000	0	0.0482
140	178000	586000	0	0.0169
141	182000	586000	0	0.0302
142	186000	586000	0	0
143	190000	586000	0	0.0513
144	194000	586000	-1	0.0172
145	198000	586000	0	0.0379
146	202000	586000	1	0.0175
147	206000	586000	0	0.063
148	210000	586000	0	0.0015
149	214000	586000	0	0.0182
150	218000	586000	0	0.0483
151	222000	586000	0	0.0922
152	226000	586000	0	0.0131
153	230000	586000	0	0.0406
154	234000	586000	0	0.0797
155	238000	586000	-1	0.0328
156	242000	586000	-1	0.0317
157	246000	586000	-1	0.0088
158	250000	586000	-2	0.018
159	254000	586000	-2	0.0258
160	258000	586000	-3	0.0264
161	262000	586000	-2	0.0058
162	266000	586000	-1	0.0018
163	270000	586000	0	0.03
164	274000	586000	0	0.0439
165	122000	582000	0	0.0227
166	126000	582000	0	0.0409
167	158000	582000	0	0.0416
168	162000	582000	0	0.0138
169	166000	582000	0	0.0127
170	170000	582000	0	0.0006
171	174000	582000	0	0.0282
172	178000	582000	0	0.158
173	182000	582000	0	0.1342
174	186000	582000	-1	0.075
175	190000	582000	-1	0.0579
176	194000	582000	0	0.0532
177	198000	582000	0	0.0475
178	202000	582000	0	0.0526
179	206000	582000	0	0.008
180	210000	582000	0	0.0087
181	214000	582000	0	0.0354
182	218000	582000	0	0.0151
183	222000	582000	0	0.002
184	226000	582000	0	0.0111
185	230000	582000	0	0.2369
186	234000	582000	1	0.3412
187	238000	582000	0	0.292
188	242000	582000	-1	0.0292
189	246000	582000	-1	0.0006
190	250000	582000	-1	0.0221
191	254000	582000	-2	0.0016
192	258000	582000	-2	0.0001
193	262000	582000	-1	0.0003
194	266000	582000	0	0.0401
195	270000	582000	0	0.0056
196	274000	582000	-1	0.0003
197	278000	582000	0	0.02
198	118000	578000	0	0.0412
199	122000	578000	0	0.0477
200	158000	578000	0	0.1874
201	162000	578000	0	0.0354
202	166000	578000	0	0.1401
203	170000	578000	0	0.0068
204	174000	578000	0	0.0232
205	178000	578000	0	0.0714
206	182000	578000	0	0.2587
207	186000	578000	-1	0.2097
208	190000	578000	-1	0.0004
209	194000	578000	0	0.0866
210	198000	578000	0	0.0516
211	202000	578000	1	0.043
212	206000	578000	0	0.0966
213	210000	578000	0	0.0385
214	214000	578000	0	0.0103
215	218000	578000	0	0.0041
216	222000	578000	0	0.1112
217	226000	578000	0	0.0195
218	230000	578000	0	0.0733
219	234000	578000	0	0.1624
220	238000	578000	0	0.1182
221	242000	578000	0	0.0962
222	246000	578000	0	0.1324
223	250000	578000	0	0.0206
224	254000	578000	0	0.0912
225	258000	578000	-1	0.0241
226	262000	578000	0	0.1395
227	266000	578000	-2	0.1288
228	270000	578000	-1	0.0431
229	274000	578000	-1	0.0161
230	278000	578000	-1	0.0431
231	118000	574000	0	0.0561
232	122000	574000	0	0.055
233	158000	574000	0	0.063
234	162000	574000	0	0
235	166000	574000	0	0.0045
236	170000	574000	0	0.0103
237	174000	574000	0	0
238	178000	574000	0	0
239	182000	574000	0	0.0269
240	186000	574000	-1	0.0299
241	190000	574000	-1	0.0167
242	194000	574000	0	0.0194
243	198000	574000	0	0.0076
244	202000	574000	0	0.0136
245	206000	574000	2	0
246	210000	574000	2	0.0024
247	214000	574000	1	0.0666
248	218000	574000	1	0.0027
249	222000	574000	2	0.1321
250	226000	574000	0	0.1324
251	230000	574000	0	0.0259
252	234000	574000	1	0.0979
253	238000	574000	2	0.1182
254	242000	574000	0	0.0394
255	246000	574000	0	0.1128
256	250000	574000	0	0.082
257	254000	574000	0	0.0687
258	258000	574000	-1	0.0213
259	262000	574000	-1	0.056
260	266000	574000	0	0.2281
261	270000	574000	-1	0.0019
262	274000	574000	-2	0.0094
263	114000	570000	0	0.0378
264	118000	570000	0	0.0869
265	122000	570000	0	0.1208
266	154000	570000	0	0.0567
267	158000	570000	0	0.0026
268	162000	570000	0	0.0133
269	166000	570000	0	0.0009
270	170000	570000	0	0.0174
271	174000	570000	0	0
272	178000	570000	0	0.0077
273	182000	570000	0	0.0051
274	186000	570000	-1	0.0279
275	190000	570000	0	0.0261
276	194000	570000	0	0.0339
277	198000	570000	0	0.0729
278	202000	570000	1	0.2954
279	206000	570000	2	0.1418
280	210000	570000	2	0.0002
281	214000	570000	3	0.0091
282	218000	570000	3	0.0081
283	222000	570000	4	0.067
284	226000	570000	3	0.0351
285	230000	570000	2	0.0043
286	234000	570000	3	0.1742
287	238000	570000	3	0.1095
288	242000	570000	0	0.1462
289	246000	570000	0	0.0218
290	250000	570000	0	0.0064
291	254000	570000	0	0.2808
292	258000	570000	0	0.0371
293	262000	570000	0	0.0424
294	266000	570000	-1	0.0388
295	270000	570000	-1	0.0204
296	274000	570000	0	0.027
297	278000	570000	0	0.004
298	110000	566000	0	0.0395
299	114000	566000	0	0.1161
300	118000	566000	0	0.0002
301	122000	566000	0	0.0268
302	150000	566000	0	0.0488
303	154000	566000	0	0.0662
304	158000	566000	0	0.0018
305	162000	566000	0	0.0386
306	166000	566000	0	0.0251
307	170000	566000	0	0.0051
308	174000	566000	0	0.0029
309	178000	566000	0	0
310	182000	566000	0	0.012
311	186000	566000	0	0.0673
312	190000	566000	0	0.0041
313	194000	566000	-1	0.006
314	198000	566000	-1	0.0303
315	202000	566000	1	0.0665
316	206000	566000	1	0.0278
317	210000	566000	3	0.0012
318	214000	566000	5	0.0124
319	218000	566000	5	0.0361
320	222000	566000	5	0.0976
321	226000	566000	8	0.1609
322	230000	566000	7	0.1071
323	234000	566000	6	0.1642
324	238000	566000	6	0.2164
325	242000	566000	8	0.147
326	246000	566000	0	0.1564
327	250000	566000	0	0
328	254000	566000	0	0.0939
329	258000	566000	0	0.0143
330	262000	566000	0	0.0585
331	266000	566000	0	0.0489
332	270000	566000	0	0.0448
333	274000	566000	0	0.0002
334	278000	566000	0	0.0176
335	110000	562000	0	0.0223
336	114000	562000	0	0.0421
337	118000	562000	0	0.1433
338	146000	562000	0	0.0488
339	154000	562000	0	0.0753
340	158000	562000	0	0.0174
341	162000	562000	0	0.0277
342	166000	562000	0	0.0192
343	170000	562000	0	0.0814
344	174000	562000	0	0.1336
345	178000	562000	-1	0.0202
346	182000	562000	0	0.0304
347	186000	562000	0	0.0463
348	190000	562000	0	0.0107
349	194000	562000	-1	0.0408
350	198000	562000	-1	0.0103
351	202000	562000	2	0.0343
352	206000	562000	3	0.072
353	210000	562000	4	0.0119
354	214000	562000	5	0
355	218000	562000	5	0
356	222000	562000	7	0.12
357	226000	562000	9	0.1525
358	230000	562000	10	0.1406
359	234000	562000	10	0.222
360	238000	562000	7	0.1524
361	242000	562000	10	0.1505
362	246000	562000	9	0.0891
363	250000	562000	1	0.0891
364	254000	562000	2	0.0079
365	258000	562000	1	0.0087
366	262000	562000	1	0.029
367	266000	562000	2	0.1803
368	270000	562000	0	0.1438
369	274000	562000	1	0.0168
370	278000	562000	1	0.0046
371	110000	558000	0	0.0283
372	114000	558000	0	0.0203
373	142000	558000	0	0.0778
374	154000	558000	0	0.0486
375	158000	558000	0	0.0034
376	162000	558000	0	0.0022
377	166000	558000	0	0.0057
378	170000	558000	0	0.0232
379	174000	558000	0	0.1541
380	178000	558000	0	0.0284
381	182000	558000	0	0.0084
382	186000	558000	0	0
383	190000	558000	0	0.0135
384	194000	558000	-1	0.0051
385	198000	558000	-1	0.0494
386	202000	558000	0	0.0628
387	206000	558000	3	0.0322
388	210000	558000	3	0.004
389	214000	558000	4	0.029
390	218000	558000	6	0.0116
391	222000	558000	9	0.0341
392	226000	558000	10	0.0446
393	230000	558000	10	0.1025
394	234000	558000	11	0.3239
395	238000	558000	10	0.1383
396	242000	558000	11	0.066
397	246000	558000	17	0.1324
398	250000	558000	2	0.1143
399	254000	558000	2	0.0246
400	258000	558000	3	0.0431
401	262000	558000	3	0.0976
402	266000	558000	2	0.0464
403	270000	558000	1	0.0086
404	274000	558000	2	0.0101
405	278000	558000	3	0.0033
406	110000	554000	0	0.0786
407	114000	554000	0	0.1596
408	138000	554000	0	0.0488
409	158000	554000	0	0.0725
410	162000	554000	0	0.012
411	166000	554000	0	0.0105
412	170000	554000	0	0.0807
413	174000	554000	0	0.0063
414	178000	554000	0	0.0251
415	182000	554000	0	0.1215
416	186000	554000	0	0.0694
417	190000	554000	0	0.3069
418	194000	554000	0	0.0597
419	198000	554000	0	0.0342
420	202000	554000	1	0.13
421	206000	554000	2	0.0382
422	210000	554000	4	0
423	214000	554000	5	0.018
424	218000	554000	6	0.0611
425	222000	554000	9	0.0164
426	226000	554000	10	0.0195
427	230000	554000	12	0.1208
428	234000	554000	10	0.1922
429	238000	554000	12	0.1307
430	242000	554000	14	0.1522
431	246000	554000	24	0.019
432	250000	554000	16	0.059
433	254000	554000	4	0.0119
434	258000	554000	4	0.0361
435	262000	554000	5	0.1418
436	266000	554000	4	0
437	270000	554000	5	0.0131
438	274000	554000	4	0.0128
439	110000	550000	0	0.0764
440	114000	550000	0	0.3605
441	126000	550000	0	0.042
442	130000	550000	0	0.0621
443	134000	550000	0	0.0491
444	154000	550000	0	0.0512
445	158000	550000	0	0.0184
446	162000	550000	0	0.0144
447	166000	550000	0	0.0276
448	170000	550000	0	0.0411
449	174000	550000	0	0.0288
450	178000	550000	0	0.0268
451	182000	550000	0	0.0101
452	186000	550000	0	0.0103
453	190000	550000	0	0.0717
454	194000	550000	1	0.1367
455	198000	550000	0	0.0845
456	202000	550000	0	0.0308
457	206000	550000	2	0.0102
458	210000	550000	3	0
459	214000	550000	7	0
460	218000	550000	15	0.0186
461	222000	550000	10	0.0018
462	226000	550000	12	0.0286
463	230000	550000	13	0.0331
464	234000	550000	14	0.0576
465	238000	550000	14	0.103
466	242000	550000	17	0.1573
467	246000	550000	17	0.097
468	250000	550000	16	0.0883
469	254000	550000	5	0.1092
470	258000	550000	6	0.0481
471	262000	550000	6	0.0061
472	266000	550000	7	0.1133
473	270000	550000	6	0.0279
474	274000	550000	7	0.0329
475	110000	546000	0	0.0737
476	114000	546000	0	0.1195
477	118000	546000	0	0.0314
478	122000	546000	0	0.0425
479	126000	546000	0	0.0295
480	130000	546000	0	0
481	134000	546000	0	0.0317
482	154000	546000	0	0.0369
483	158000	546000	0	0.0283
484	162000	546000	0	0.0172
485	166000	546000	0	0.0177
486	170000	546000	0	0.0337
487	174000	546000	0	0.0137
488	178000	546000	0	0.0102
489	182000	546000	0	0.0378
490	186000	546000	0	0.0185
491	190000	546000	0	0.0053
492	194000	546000	0	0.0323
493	198000	546000	0	0.0358
494	202000	546000	0	0.074
495	206000	546000	2	0.087
496	210000	546000	4	0.0046
497	214000	546000	8	0
498	218000	546000	17	0
499	222000	546000	11	0.0417
500	226000	546000	12	0.0086
501	230000	546000	13	0.1424
502	234000	546000	14	0.0808
503	238000	546000	16	0.1022
504	242000	546000	22	0.0616
505	246000	546000	15	0.1025
506	250000	546000	17	0.0508
507	254000	546000	19	0.0398
508	258000	546000	7	0.0164
509	262000	546000	7	0.0258
510	266000	546000	8	0.096
511	270000	546000	8	0.0099
512	110000	542000	0	0.0854
513	114000	542000	0	0.062
514	118000	542000	0	0.0419
515	122000	542000	0	0.013
516	126000	542000	-1	0.0032
517	130000	542000	-3	0.0234
518	134000	542000	-3	0.0092
519	154000	542000	0	0.0434
520	158000	542000	0	0.017
521	162000	542000	0	0.0025
522	166000	542000	3	0.0134
523	170000	542000	0	0.0073
524	174000	542000	0	0.0541
525	178000	542000	0	0.0358
526	182000	542000	-1	0.0116
527	186000	542000	0	0.0105
528	190000	542000	-1	0.0102
529	194000	542000	0	0.0572
530	198000	542000	0	0.0649
531	202000	542000	0	0.008
532	206000	542000	3	0
533	210000	542000	5	0.0184
534	214000	542000	6	0.1085
535	218000	542000	11	0.1177
536	222000	542000	9	0.025
537	226000	542000	9	0
538	230000	542000	12	0.1449
539	234000	542000	13	0.0885
540	238000	542000	15	0.1298
541	242000	542000	16	0.0936
542	246000	542000	18	0.0345
543	250000	542000	16	0
544	254000	542000	22	0.0337
545	258000	542000	8	0.0259
546	262000	542000	9	0.0315
547	266000	542000	10	0.0038
548	270000	542000	10	0.0493
549	110000	538000	0	0.0798
550	114000	538000	0	0.1459
551	118000	538000	0	0.0441
552	122000	538000	-1	0.0457
553	126000	538000	-2	0.0094
554	130000	538000	-3	0.0987
555	134000	538000	-4	0
556	138000	538000	0	0.0436
557	166000	538000	0	0.0318
558	170000	538000	0	0.0486
559	174000	538000	0	0.0525
560	178000	538000	-1	0.2342
561	182000	538000	0	0.0671
562	186000	538000	0	0
563	190000	538000	0	0.028
564	194000	538000	0	0.054
565	198000	538000	3	0.0979
566	202000	538000	8	0.0381
567	206000	538000	1	0.0055
568	210000	538000	1	0.0149
569	214000	538000	5	0.066
570	218000	538000	6	0.1155
571	222000	538000	10	0.0186
572	226000	538000	16	0.0004
573	230000	538000	13	0.1351
574	234000	538000	14	0.1813
575	238000	538000	14	0.1803
576	242000	538000	16	0.0856
577	246000	538000	17	0.1023
578	250000	538000	17	0.0067
579	254000	538000	18	0.0126
580	258000	538000	20	0.0542
581	262000	538000	11	0.018
582	266000	538000	12	0.078
583	270000	538000	12	0.0148
584	106000	534000	0	0.0755
585	110000	534000	0	0.085
586	114000	534000	0	0.1198
587	118000	534000	0	0.0254
588	122000	534000	0	0.0045
589	126000	534000	-2	0
590	130000	534000	-3	0.0137
591	134000	534000	-4	0.0003
592	170000	534000	0	0.0368
593	174000	534000	-3	0.0105
594	178000	534000	-3	0.0472
595	182000	534000	0	0.0351
596	186000	534000	0	0.0089
597	190000	534000	0	0.0283
598	194000	534000	0	0.0336
599	198000	534000	0	0.0797
600	202000	534000	0	0.189
601	206000	534000	1	0.1412
602	210000	534000	6	0.0739
603	214000	534000	7	0.0759
604	218000	534000	4	0.0762
605	222000	534000	9	0.0408
606	226000	534000	11	0.0223
607	230000	534000	12	0.0673
608	234000	534000	13	0.0865
609	238000	534000	15	0.057
610	242000	534000	15	0.1078
611	246000	534000	15	0.1857
612	250000	534000	16	0.2086
613	254000	534000	16	0.0909
614	258000	534000	23	0.2568
615	262000	534000	14	0.0437
616	266000	534000	13	0.0162
617	270000	534000	14	0.0086
618	106000	530000	0	0.0326
619	110000	530000	0	0.0087
620	114000	530000	0	0.0288
621	118000	530000	0	0.0072
622	122000	530000	0	0.0894
623	126000	530000	-1	0.003
624	130000	530000	-2	0.0215
625	134000	530000	-1	0.0837
626	138000	530000	0	0.0787
627	142000	530000	0	0.0661
628	146000	530000	0	0.0973
629	170000	530000	-3	0.0138
630	174000	530000	-3	0.0073
631	178000	530000	-3	0.0106
632	182000	530000	-2	0.0023
633	186000	530000	-2	0.0403
634	190000	530000	0	0.1023
635	194000	530000	0	0.03
636	198000	530000	-1	0.0002
637	202000	530000	-1	0.0222
638	206000	530000	0	0.0189
639	210000	530000	0	0.0437
640	214000	530000	0	0.0242
641	218000	530000	1	0.0607
642	222000	530000	7	0.0236
643	226000	530000	11	0.0148
644	230000	530000	12	0.0824
645	234000	530000	13	0.0669
646	238000	530000	14	0.0067
647	242000	530000	14	0.0648
648	246000	530000	13	0.1173
649	250000	530000	13	0.1205
650	254000	530000	14	0.1018
651	258000	530000	18	0.2538
652	262000	530000	20	0.15
653	266000	530000	15	0.0213
654	270000	530000	16	0.0145
655	106000	526000	3	0.0101
656	110000	526000	0	0.0648
657	114000	526000	0	0.1
658	118000	526000	0	0.025
659	122000	526000	0	0.0766
660	126000	526000	0	0.0729
661	130000	526000	0	0.0211
662	134000	526000	-1	0.0206
663	138000	526000	-1	0.0813
664	142000	526000	-2	0.0219
665	146000	526000	-1	0.1039
666	150000	526000	0	0.0653
667	170000	526000	-3	0.013
668	174000	526000	-3	0.0077
669	178000	526000	-3	0.1024
670	182000	526000	-2	0.1014
671	186000	526000	-2	0.0429
672	190000	526000	-2	0.0449
673	194000	526000	0	0.0765
674	198000	526000	0	0.0323
675	202000	526000	-1	0.0462
676	206000	526000	0	0.0348
677	210000	526000	0	0.1062
678	214000	526000	1	0.0198
679	218000	526000	1	0.0013
680	222000	526000	8	0.0105
681	226000	526000	8	0.1016
682	230000	526000	11	0.2855
683	234000	526000	12	0.1619
684	238000	526000	13	0.1184
685	242000	526000	12	0.0563
686	246000	526000	12	0.1584
687	250000	526000	11	0.0532
688	254000	526000	13	0.0678
689	258000	526000	14	0.0434
690	262000	526000	18	0.0468
691	266000	526000	16	0.0515
692	106000	522000	11	0.0018
693	110000	522000	0	0.0541
694	114000	522000	0	0.1175
695	118000	522000	0	0.2415
696	122000	522000	-1	0.0946
697	126000	522000	-1	0.025
698	130000	522000	0	0.1329
699	134000	522000	-1	0.2012
700	138000	522000	0	0.1191
701	142000	522000	0	0.1277
702	146000	522000	0	0.1901
703	170000	522000	-1	0.0235
704	174000	522000	-4	0.0096
705	178000	522000	-3	0.1018
706	182000	522000	-3	0.0375
707	186000	522000	-2	0.0006
708	190000	522000	-1	0.0439
709	194000	522000	0	0.0819
710	198000	522000	0	0.0451
711	202000	522000	0	0.054
712	206000	522000	0	0.081
713	210000	522000	0	0.1521
714	214000	522000	1	0.0673
715	218000	522000	2	0.0133
716	222000	522000	3	0.0087
717	226000	522000	10	0.0405
718	230000	522000	10	0
719	234000	522000	11	0.083
720	238000	522000	9	0.0908
721	242000	522000	9	0.0046
722	246000	522000	10	0.103
723	250000	522000	9	0.1381
724	254000	522000	11	0.1811
725	258000	522000	13	0.1028
726	262000	522000	15	0.0594
727	266000	522000	17	0.0596
728	102000	518000	0	0.0414
729	106000	518000	4	0.0039
730	110000	518000	0	0.1546
731	114000	518000	0	0.204
732	118000	518000	-1	0.1204
733	122000	518000	-1	0.132
734	126000	518000	-1	0.1059
735	130000	518000	-2	0.1197
736	134000	518000	0	0.2563
737	138000	518000	0	0.1053
738	142000	518000	0	0.1393
739	170000	518000	0	0.1604
740	174000	518000	-3	0.0185
741	178000	518000	-3	0.019
742	182000	518000	-2	0.0349
743	186000	518000	-2	0.0543
744	190000	518000	-1	0.0127
745	194000	518000	-1	0.0179
746	198000	518000	0	0.0279
747	202000	518000	0	0.0998
748	206000	518000	0	0.0025
749	210000	518000	0	0.1032
750	214000	518000	1	0.0281
751	218000	518000	2	0.0033
752	222000	518000	3	0.0173
753	226000	518000	7	0.046
754	230000	518000	8	0
755	234000	518000	9	0.0226
756	238000	518000	8	0.0598
757	242000	518000	8	0.0762
758	246000	518000	8	0.2469
759	250000	518000	10	0.0552
760	254000	518000	11	0.0735
761	258000	518000	12	0.0864
762	262000	518000	14	0.1085
763	266000	518000	15	0.1474
764	102000	514000	0	0.0498
765	106000	514000	1	0.0458
766	110000	514000	2	0.1602
767	114000	514000	-2	0.1664
768	118000	514000	-3	0.009
769	122000	514000	-2	0.0987
770	126000	514000	-2	0.1285
771	130000	514000	0	0.0686
772	138000	514000	0	0.0495
773	170000	514000	0	0.042
774	174000	514000	-1	0.025
775	178000	514000	-1	0.031
776	182000	514000	-1	0.058
777	186000	514000	0	0.095
778	190000	514000	0	0.0218
779	194000	514000	0	0.0286
780	198000	514000	0	0.0595
781	202000	514000	0	0.1186
782	206000	514000	0	0
783	210000	514000	0	0.0446
784	214000	514000	1	0.0017
785	218000	514000	3	0
786	222000	514000	4	0.0678
787	226000	514000	4	0.0353
788	230000	514000	5	0.0836
789	234000	514000	6	0.069
790	238000	514000	7	0.1674
791	242000	514000	8	0.1407
792	246000	514000	9	0.0637
793	102000	510000	0	0.0381
794	106000	510000	2	0.0259
795	110000	510000	0	0.0565
796	114000	510000	-2	0.0006
797	118000	510000	-1	0.0216
798	122000	510000	-3	0.1979
799	126000	510000	-2	0.1734
800	130000	510000	0	0.0365
801	166000	510000	-3	0.0232
802	170000	510000	-3	0.0127
803	174000	510000	-3	0.057
804	178000	510000	-3	0.0218
805	182000	510000	-1	0.0313
806	186000	510000	0	0.1327
807	190000	510000	0	0.2448
808	194000	510000	0	0.0351
809	198000	510000	0	0
810	202000	510000	0	0.1125
811	206000	510000	0	0.0009
812	210000	510000	0	0.0044
813	214000	510000	1	0.0566
814	218000	510000	2	0.0126
815	222000	510000	4	0
816	226000	510000	5	0.0121
817	230000	510000	5	0.0184
818	234000	510000	7	0.1322
819	238000	510000	8	0.2534
820	242000	510000	9	0.2248
821	246000	510000	10	0.1426
822	102000	506000	4	0.0531
823	106000	506000	2	0.0667
824	110000	506000	0	0.049
825	114000	506000	0	0.0111
826	118000	506000	-2	0.0968
827	122000	506000	-3	0.2176
828	126000	506000	-2	0.1539
829	130000	506000	-1	0.0013
830	158000	506000	0	0.1195
831	162000	506000	0	0.0986
832	166000	506000	-3	0.1515
833	170000	506000	-4	0.0126
834	174000	506000	-4	0.0349
835	178000	506000	-3	0.1756
836	182000	506000	-3	0.0151
837	186000	506000	0	0.0201
838	190000	506000	0	0.1894
839	194000	506000	0	0.0753
840	198000	506000	0	0.0538
841	202000	506000	0	0.1589
842	206000	506000	0	0.0943
843	210000	506000	0	0.0672
844	214000	506000	1	0
845	218000	506000	3	0.0081
846	222000	506000	5	0.0296
847	226000	506000	6	0.1843
848	230000	506000	7	0.1198
849	234000	506000	9	0.1261
850	238000	506000	7	0.1696
851	242000	506000	11	0.1935
852	246000	506000	26	0.0137
853	102000	502000	9	0.1631
854	106000	502000	3	0.1842
855	110000	502000	0	0.1042
856	114000	502000	0	0.2275
857	118000	502000	0	0.0194
858	122000	502000	-2	0.0304
859	126000	502000	0	0.2398
860	130000	502000	-2	0.1363
861	134000	502000	0	0.1266
862	158000	502000	-1	0.2429
863	162000	502000	-1	0.2158
864	166000	502000	-3	0.0441
865	170000	502000	-4	0
866	174000	502000	-3	0.0087
867	178000	502000	-3	0.0861
868	182000	502000	-3	0
869	186000	502000	0	0.0062
870	190000	502000	0	0.0037
871	194000	502000	0	0.0221
872	198000	502000	0	0.0626
873	202000	502000	2	0.3006
874	206000	502000	1	0.2687
875	210000	502000	1	0.017
876	214000	502000	4	0.1316
877	218000	502000	6	0.0725
878	222000	502000	7	0.052
879	226000	502000	11	0.1053
880	230000	502000	13	0.038
881	234000	502000	6	0.0603
882	238000	502000	7	0.0311
883	242000	502000	14	0.0396
884	246000	502000	23	0.0121
885	98000	498000	0	0.1359
886	102000	498000	8	0.5243
887	106000	498000	1	0.3948
888	110000	498000	-1	0.0278
889	114000	498000	0	0.0953
890	118000	498000	0	0.073
891	122000	498000	0	0.0404
892	126000	498000	-1	0.0185
893	130000	498000	0	0.0382
894	134000	498000	0	0.0468
895	138000	498000	0	0.0447
896	150000	498000	0	0.0488
897	154000	498000	-3	0.0469
898	158000	498000	-1	0.0271
899	162000	498000	-4	0.1361
900	166000	498000	-4	0.0368
901	170000	498000	-4	0
902	174000	498000	-3	0.0141
903	178000	498000	-3	0.0602
904	182000	498000	-2	0.0022
905	186000	498000	0	0.0578
906	190000	498000	0	0.0053
907	194000	498000	1	0.0123
908	198000	498000	7	0.1048
909	202000	498000	3	0.1692
910	206000	498000	0	0.0671
911	210000	498000	1	0.0044
912	214000	498000	2	0.0157
913	218000	498000	4	0.0016
914	222000	498000	5	0.0006
915	226000	498000	8	0.059
916	230000	498000	6	0.0586
917	234000	498000	7	0.0975
918	238000	498000	8	0.032
919	242000	498000	12	0.0542
920	246000	498000	17	0.1669
921	250000	498000	24	0.0765
922	254000	498000	48	0.0369
923	262000	498000	20	0.0715
924	98000	494000	0	0.0308
925	102000	494000	11	0.0456
926	106000	494000	1	0.184
927	110000	494000	0	0.1201
928	114000	494000	0	0.361
929	118000	494000	1	0.3632
930	122000	494000	0	0.1661
931	126000	494000	-1	0.0005
932	130000	494000	0	0.0661
933	134000	494000	0	0.0396
934	138000	494000	0	0.0488
935	142000	494000	0	0.0488
936	146000	494000	0	0.0482
937	150000	494000	-3	0.0312
938	154000	494000	-3	0.0149
939	158000	494000	-3	0.0334
940	162000	494000	-3	0.0998
941	166000	494000	-4	0.0152
942	170000	494000	-3	0
943	174000	494000	-3	0.0211
944	178000	494000	-2	0.0166
945	182000	494000	0	0.0453
946	186000	494000	1	0.0912
947	190000	494000	6	0.0429
948	194000	494000	17	0.018
949	198000	494000	37	0.0514
950	202000	494000	5	0.0928
951	206000	494000	1	0.032
952	210000	494000	1	0.0514
953	214000	494000	4	0.1045
954	218000	494000	5	0.034
955	222000	494000	6	0.0239
956	226000	494000	6	0.0748
957	230000	494000	6	0
958	234000	494000	8	0.0985
959	238000	494000	8	0.0931
960	242000	494000	10	0.134
961	246000	494000	14	0.1868
962	250000	494000	22	0.2184
963	254000	494000	45	0.1745
964	258000	494000	39	0.129
965	262000	494000	20	0.0989
966	266000	494000	22	0.1238
967	98000	490000	5	0.0526
968	102000	490000	9	0.1132
969	106000	490000	0	0.2511
970	110000	490000	0	0.2143
971	114000	490000	0	0.5172
972	118000	490000	2	0.5702
973	122000	490000	2	0.4328
974	126000	490000	0	0.1865
975	130000	490000	0	0.0276
976	134000	490000	0	0.0482
977	138000	490000	0	0.0407
978	142000	490000	-2	0.1129
979	146000	490000	-2	0.2785
980	150000	490000	-3	0.1424
981	154000	490000	-4	0.0128
982	158000	490000	-3	0.0012
983	162000	490000	-3	0.0995
984	166000	490000	-3	0.044
985	170000	490000	-2	0.0666
986	174000	490000	-1	0.0464
987	178000	490000	-1	0.0378
988	182000	490000	2	0.0384
989	186000	490000	12	0.0606
990	190000	490000	25	0.0653
991	194000	490000	35	0
992	198000	490000	19	0.1129
993	202000	490000	2	0.0463
994	206000	490000	2	0.0772
995	210000	490000	2	0.0235
996	214000	490000	4	0.132
997	218000	490000	5	0.0814
998	222000	490000	7	0.0055
999	226000	490000	17	0.0506
1000	230000	490000	8	0.056
1001	234000	490000	9	0.081
1002	238000	490000	9	0.2589
1003	242000	490000	9	0.12
1004	246000	490000	13	0.0997
1005	250000	490000	18	0.1593
1006	254000	490000	24	0.1656
1007	258000	490000	24	0.1681
1008	262000	490000	22	0.1308
1009	266000	490000	24	0.0604
1010	270000	490000	27	0.0481
1011	94000	486000	0	0.043
1012	98000	486000	9	0.057
1013	102000	486000	4	0.1711
1014	106000	486000	0	0.1655
1015	110000	486000	-4	0.1421
1016	114000	486000	0	0.216
1017	118000	486000	3	0.2433
1018	122000	486000	5	0.3247
1019	126000	486000	0	0.3363
1020	130000	486000	0	0.0749
1021	134000	486000	0	0.0488
1022	138000	486000	0	0.0593
1023	142000	486000	-1	0.2826
1024	146000	486000	-2	0.2082
1025	150000	486000	-4	0.0554
1026	154000	486000	-4	0
1027	158000	486000	-4	0.0309
1028	162000	486000	-3	0.1688
1029	166000	486000	-2	0.1269
1030	170000	486000	-1	0.151
1031	174000	486000	1	0.1573
1032	178000	486000	6	0.0524
1033	182000	486000	18	0.0988
1034	186000	486000	26	0.009
1035	190000	486000	36	0.0156
1036	194000	486000	25	0.0965
1037	198000	486000	8	0.0997
1038	202000	486000	2	0.0591
1039	206000	486000	2	0.021
1040	210000	486000	3	0
1041	214000	486000	4	0.0812
1042	218000	486000	8	0.0785
1043	222000	486000	9	0.007
1044	226000	486000	29	0.0252
1045	230000	486000	10	0.1663
1046	234000	486000	10	0.0439
1047	238000	486000	11	0.2706
1048	242000	486000	12	0.2963
1049	246000	486000	12	0.062
1050	250000	486000	13	0.0927
1051	254000	486000	16	0.1825
1052	258000	486000	22	0.1034
1053	262000	486000	30	0.0898
1054	266000	486000	29	0.0409
1055	270000	486000	29	0
1056	94000	482000	6	0.0215
1057	98000	482000	7	0.0095
1058	102000	482000	0	0.1227
1059	106000	482000	-2	0.1793
1060	110000	482000	-3	0.3009
1061	114000	482000	-1	0.4411
1062	118000	482000	1	0.2297
1063	122000	482000	0	0.2953
1064	126000	482000	1	0.2898
1065	130000	482000	0	0.2136
1066	134000	482000	0	0.062
1067	138000	482000	0	0.1722
1068	142000	482000	-1	0.121
1069	146000	482000	-1	0.0929
1070	150000	482000	-2	0.0515
1071	154000	482000	-3	0
1072	158000	482000	-3	0
1073	162000	482000	0	0.0381
1074	166000	482000	-1	0.1451
1075	170000	482000	4	0.1962
1076	174000	482000	16	0.0641
1077	178000	482000	24	0
1078	182000	482000	31	0.0278
1079	186000	482000	42	0.028
1080	190000	482000	33	0.0166
1081	194000	482000	15	0.1116
1082	198000	482000	5	0.054
1083	202000	482000	2	0.0541
1084	206000	482000	4	0.1093
1085	210000	482000	5	0.11
1086	214000	482000	6	0.0753
1087	218000	482000	8	0.0365
1088	222000	482000	13	0.007
1089	226000	482000	41	0
1090	230000	482000	10	0.1402
1091	234000	482000	10	0.1007
1092	238000	482000	9	0.0168
1093	242000	482000	11	0.163
1094	246000	482000	13	0.1706
1095	250000	482000	14	0.1433
1096	254000	482000	19	0.154
1097	258000	482000	31	0.1464
1098	262000	482000	56	0.2111
1099	266000	482000	33	0.1804
1100	94000	478000	3	0.0755
1101	98000	478000	0	0.0533
1102	102000	478000	-4	0.1311
1103	106000	478000	-3	0.1756
1104	110000	478000	-3	0.349
1105	114000	478000	-2	0.389
1106	118000	478000	-1	0.2285
1107	122000	478000	-1	0.0794
1108	126000	478000	0	0.2894
1109	130000	478000	0	0.1059
1110	134000	478000	0	0.0118
1111	138000	478000	1	0.1379
1112	142000	478000	9	0.0852
1113	146000	478000	3	0.2205
1114	150000	478000	-1	0.0367
1115	154000	478000	-3	0.0061
1116	158000	478000	-3	0.0049
1117	162000	478000	-1	0
1118	166000	478000	1	0.0114
1119	170000	478000	14	0.0917
1120	174000	478000	32	0.0175
1121	178000	478000	25	0.0294
1122	182000	478000	33	0.0112
1123	186000	478000	65	0
1124	190000	478000	40	0.0234
1125	194000	478000	15	0.0843
1126	198000	478000	3	0.0348
1127	202000	478000	3	0.1165
1128	206000	478000	6	0.1926
1129	210000	478000	6	0.1268
1130	214000	478000	7	0.0887
1131	218000	478000	9	0.0548
1132	222000	478000	10	0.0155
1133	226000	478000	21	0.0679
1134	230000	478000	16	0.0214
1135	234000	478000	14	0.0923
1136	238000	478000	10	0.1361
1137	242000	478000	13	0.1539
1138	246000	478000	19	0.1451
1139	250000	478000	16	0.2991
1140	254000	478000	23	0.1684
1141	258000	478000	35	0.3328
1142	262000	478000	51	0.1659
1143	266000	478000	36	0.1167
1144	90000	474000	0	0.079
1145	94000	474000	0	0.0825
1146	98000	474000	0	0.1177
1147	102000	474000	-3	0.1111
1148	106000	474000	-3	0.0769
1149	110000	474000	-1	0.0754
1150	114000	474000	-2	0.1727
1151	118000	474000	-3	0.0956
1152	122000	474000	-2	0.0066
1153	126000	474000	-1	0.0384
1154	130000	474000	0	0.046
1155	134000	474000	0	0.0341
1156	138000	474000	4	0.1517
1157	142000	474000	13	0.1262
1158	146000	474000	2	0.1318
1159	150000	474000	0	0.0006
1160	154000	474000	0	0.069
1161	158000	474000	0	0.0155
1162	162000	474000	0	0.0579
1163	166000	474000	3	0.0466
1164	170000	474000	18	0.1137
1165	174000	474000	50	0.0041
1166	178000	474000	31	0.0194
1167	182000	474000	34	0.0439
1168	186000	474000	75	0
1169	190000	474000	52	0.0125
1170	194000	474000	15	0.168
1171	198000	474000	4	0.0901
1172	202000	474000	4	0.1064
1173	206000	474000	5	0.2071
1174	210000	474000	7	0.3983
1175	214000	474000	8	0.1669
1176	218000	474000	10	0.0609
1177	222000	474000	10	0.0996
1178	226000	474000	11	0.0034
1179	230000	474000	17	0.0282
1180	234000	474000	14	0.0155
1181	238000	474000	11	0.1626
1182	242000	474000	13	0.1174
1183	246000	474000	18	0.1782
1184	250000	474000	19	0.3831
1185	254000	474000	28	0.2717
1186	258000	474000	42	0.19
1187	262000	474000	45	0.1089
1188	266000	474000	37	0.0713
1189	270000	474000	39	0.0184
1190	90000	470000	1	0.1736
1191	94000	470000	0	0.1398
1192	98000	470000	0	0.0285
1193	102000	470000	-3	0.0606
1194	106000	470000	-3	0.0473
1195	110000	470000	-3	0.0238
1196	114000	470000	-2	0.0083
1197	118000	470000	-3	0.0995
1198	122000	470000	-4	0.1172
1199	126000	470000	-1	0.03
1200	130000	470000	0	0.0715
1201	134000	470000	0	0.066
1202	138000	470000	4	0.1824
1203	142000	470000	9	0.158
1204	146000	470000	7	0.099
1205	150000	470000	0	0.0729
1206	154000	470000	0	0.1018
1207	158000	470000	0	0.0328
1208	162000	470000	2	0.1896
1209	166000	470000	9	0.0735
1210	170000	470000	15	0.0718
1211	174000	470000	30	0.0105
1212	178000	470000	36	0.1296
1213	182000	470000	37	0.0562
1214	186000	470000	67	0.0056
1215	190000	470000	68	0.023
1216	194000	470000	19	0.2571
1217	198000	470000	8	0.1782
1218	202000	470000	5	0.0875
1219	206000	470000	6	0.1105
1220	210000	470000	6	0.1352
1221	214000	470000	8	0.1276
1222	218000	470000	10	0.1524
1223	222000	470000	11	0.1315
1224	226000	470000	12	0.0222
1225	230000	470000	13	0.0017
1226	234000	470000	13	0.0534
1227	238000	470000	14	0.0978
1228	242000	470000	16	0.1694
1229	246000	470000	21	0.1046
1230	250000	470000	25	0.1705
1231	254000	470000	30	0.3443
1232	258000	470000	42	0.2739
1233	262000	470000	42	0.1551
1234	86000	466000	8	0.0308
1235	90000	466000	0	0.2875
1236	94000	466000	1	0.2697
1237	98000	466000	-1	0.0618
1238	102000	466000	-1	0.0585
1239	106000	466000	-3	0.0131
1240	110000	466000	-2	0.0455
1241	114000	466000	-4	0.0237
1242	118000	466000	-2	0.0279
1243	122000	466000	-1	0.0293
1244	126000	466000	0	0.0518
1245	130000	466000	0	0.0858
1246	134000	466000	-1	0.0512
1247	138000	466000	0	0.0565
1248	142000	466000	11	0.0135
1249	146000	466000	11	0.0899
1250	150000	466000	1	0.0664
1251	154000	466000	2	0.241
1252	158000	466000	3	0.2503
1253	162000	466000	4	0.0442
1254	166000	466000	9	0.0908
1255	170000	466000	14	0.1523
1256	174000	466000	17	0.1327
1257	178000	466000	26	0.0433
1258	182000	466000	35	0.0204
1259	186000	466000	60	0
1260	190000	466000	56	0.044
1261	194000	466000	24	0.3153
1262	198000	466000	10	0.1668
1263	202000	466000	7	0.0282
1264	206000	466000	7	0.0925
1265	210000	466000	6	0.1149
1266	214000	466000	10	0.1769
1267	218000	466000	10	0.159
1268	222000	466000	11	0.1951
1269	226000	466000	13	0.1324
1270	230000	466000	12	0
1271	234000	466000	14	0.0966
1272	238000	466000	16	0.0768
1273	242000	466000	17	0.0599
1274	246000	466000	22	0.0892
1275	250000	466000	28	0.1632
1276	254000	466000	33	0.0641
1277	258000	466000	43	0.1339
1278	262000	466000	44	0.0117
1279	82000	462000	0	0.0251
1280	86000	462000	8	0.1094
1281	90000	462000	0	0.1381
1282	94000	462000	0	0.2613
1283	98000	462000	0	0.163
1284	102000	462000	0	0.1679
1285	106000	462000	0	0.2088
1286	110000	462000	-3	0.0164
1287	114000	462000	-1	0.0771
1288	118000	462000	-1	0.0265
1289	122000	462000	0	0.0001
1290	126000	462000	0	0.0158
1291	130000	462000	0	0.1536
1292	134000	462000	0	0.0366
1293	138000	462000	0	0.015
1294	142000	462000	9	0.0799
1295	146000	462000	13	0.154
1296	150000	462000	15	0.0457
1297	154000	462000	11	0.218
1298	158000	462000	3	0.1698
1299	162000	462000	4	0.035
1300	166000	462000	8	0.0813
1301	170000	462000	12	0.1838
1302	174000	462000	14	0.181
1303	178000	462000	21	0.1407
1304	182000	462000	34	0.0078
1305	186000	462000	47	0
1306	190000	462000	86	0.009
1307	194000	462000	53	0.0544
1308	198000	462000	20	0.0907
1309	202000	462000	9	0.0276
1310	206000	462000	7	0.0537
1311	210000	462000	7	0.2489
1312	214000	462000	9	0.2255
1313	218000	462000	14	0.1149
1314	222000	462000	14	0.1306
1315	226000	462000	15	0.0909
1316	230000	462000	13	0.043
1317	234000	462000	15	0.1743
1318	238000	462000	19	0.2026
1319	242000	462000	20	0.1935
1320	246000	462000	27	0.1691
1321	250000	462000	32	0.0624
1322	254000	462000	35	0.0204
1323	258000	462000	43	0.0521
1324	78000	458000	0	0.1509
1325	82000	458000	7	0.1435
1326	86000	458000	1	0.1269
1327	90000	458000	0	0.0603
1328	94000	458000	-1	0.0346
1329	98000	458000	-1	0.0061
1330	102000	458000	-1	0.0544
1331	106000	458000	-1	0.0897
1332	110000	458000	-1	0.03
1333	114000	458000	-1	0.004
1334	118000	458000	-1	0.0091
1335	122000	458000	0	0.0293
1336	126000	458000	0	0.057
1337	130000	458000	0	0.2797
1338	134000	458000	2	0.4215
1339	138000	458000	3	0.1666
1340	142000	458000	6	0.1532
1341	146000	458000	14	0.1167
1342	150000	458000	27	0.1825
1343	154000	458000	15	0.0033
1344	158000	458000	3	0.1094
1345	162000	458000	5	0.0981
1346	166000	458000	8	0.0539
1347	170000	458000	11	0.1832
1348	174000	458000	17	0.1266
1349	178000	458000	21	0.1875
1350	182000	458000	31	0.0703
1351	186000	458000	47	0
1352	190000	458000	70	0.0336
1353	194000	458000	77	0.0327
1354	198000	458000	40	0.0704
1355	202000	458000	15	0.1644
1356	206000	458000	9	0.1791
1357	210000	458000	7	0.1699
1358	214000	458000	8	0.1841
1359	218000	458000	13	0.2172
1360	222000	458000	15	0.1339
1361	226000	458000	15	0.1055
1362	230000	458000	16	0.1738
1363	234000	458000	16	0.1344
1364	238000	458000	18	0.1402
1365	242000	458000	24	0.2406
1366	246000	458000	26	0.118
1367	250000	458000	32	0.0161
1368	74000	454000	0	0.0809
1369	78000	454000	4	0.2232
1370	82000	454000	3	0.3008
1371	86000	454000	0	0.3096
1372	90000	454000	-4	0.0797
1373	94000	454000	-1	0.1897
1374	98000	454000	-4	0.0998
1375	102000	454000	-4	0.0662
1376	106000	454000	-1	0.0249
1377	110000	454000	-1	0.1021
1378	114000	454000	0	0.0393
1379	118000	454000	0	0.1199
1380	122000	454000	0	0.1765
1381	126000	454000	0	0.0581
1382	130000	454000	0	0.1474
1383	134000	454000	2	0.3862
1384	138000	454000	4	0.2576
1385	142000	454000	3	0.2159
1386	146000	454000	9	0.1467
1387	150000	454000	21	0.0237
1388	154000	454000	14	0.0924
1389	158000	454000	4	0.0988
1390	162000	454000	6	0.0823
1391	166000	454000	8	0.193
1392	170000	454000	10	0.2126
1393	174000	454000	33	0.0159
1394	178000	454000	34	0.0223
1395	182000	454000	33	0.0075
1396	186000	454000	42	0.0067
1397	190000	454000	72	0.1009
1398	194000	454000	84	0.0009
1399	198000	454000	61	0.0085
1400	202000	454000	30	0.0854
1401	206000	454000	10	0.1668
1402	210000	454000	7	0.1238
1403	214000	454000	8	0.2098
1404	218000	454000	12	0.2169
1405	222000	454000	15	0.2044
1406	226000	454000	18	0.1691
1407	230000	454000	17	0.2059
1408	234000	454000	17	0.0233
1409	238000	454000	19	0.0424
1410	242000	454000	29	0.0107
1411	246000	454000	29	0.0418
1412	70000	450000	0	0.0682
1413	74000	450000	0	0.0824
1414	78000	450000	0	0.2254
1415	82000	450000	1	0.3054
1416	86000	450000	-1	0.2212
1417	90000	450000	-2	0.0952
1418	94000	450000	-3	0.1985
1419	98000	450000	-3	0.11
1420	102000	450000	-4	0.0391
1421	106000	450000	-1	0.1922
1422	110000	450000	0	0.1081
1423	114000	450000	-1	0.0163
1424	118000	450000	0	0.0475
1425	122000	450000	0	0.0291
1426	126000	450000	0	0.0502
1427	130000	450000	0	0.0453
1428	134000	450000	2	0.2986
1429	138000	450000	2	0.2796
1430	142000	450000	2	0.0942
1431	146000	450000	2	0.1295
1432	150000	450000	10	0.0797
1433	154000	450000	23	0.0359
1434	158000	450000	14	0.0403
1435	162000	450000	8	0.0228
1436	166000	450000	7	0.2325
1437	170000	450000	8	0.3556
1438	174000	450000	21	0.2395
1439	178000	450000	30	0.0026
1440	182000	450000	36	0
1441	186000	450000	43	0.0603
1442	190000	450000	49	0.1212
1443	194000	450000	72	0.0074
1444	198000	450000	83	0.0015
1445	202000	450000	42	0.038
1446	206000	450000	8	0.1639
1447	210000	450000	8	0.1838
1448	214000	450000	9	0.2231
1449	218000	450000	13	0.238
1450	222000	450000	17	0.1633
1451	226000	450000	16	0.2028
1452	230000	450000	16	0.1585
1453	234000	450000	18	0
1454	238000	450000	22	0.0669
1455	242000	450000	29	0.0166
1456	246000	450000	34	0.0036
1457	250000	450000	36	0.074
1458	62000	446000	0	0.1026
1459	66000	446000	0	0.1006
1460	70000	446000	1	0.0934
1461	74000	446000	0	0.1323
1462	78000	446000	0	0.0495
1463	82000	446000	0	0.2209
1464	86000	446000	0	0.2978
1465	90000	446000	-2	0.091
1466	94000	446000	-4	0.1031
1467	98000	446000	-4	0.1181
1468	102000	446000	-5	0.0775
1469	106000	446000	-2	0.1707
1470	110000	446000	0	0.0873
1471	114000	446000	-1	0.0261
1472	118000	446000	-1	0.0239
1473	122000	446000	0	0.0229
1474	126000	446000	0	0.0553
1475	130000	446000	0	0.0889
1476	134000	446000	2	0.2593
1477	138000	446000	0	0.1858
1478	142000	446000	1	0.1393
1479	146000	446000	2	0.1114
1480	150000	446000	3	0.1027
1481	154000	446000	4	0.0826
1482	158000	446000	7	0.0799
1483	162000	446000	25	0.0426
1484	166000	446000	10	0.172
1485	170000	446000	6	0.0953
1486	174000	446000	14	0.2031
1487	178000	446000	34	0.0164
1488	182000	446000	31	0.0916
1489	186000	446000	45	0.1052
1490	190000	446000	56	0.2099
1491	194000	446000	40	0.1696
1492	198000	446000	13	0.1332
1493	202000	446000	8	0.1358
1494	206000	446000	9	0.1424
1495	210000	446000	10	0.1587
1496	214000	446000	11	0.1804
1497	218000	446000	12	0.2181
1498	222000	446000	16	0.2469
1499	226000	446000	17	0.211
1500	230000	446000	17	0.0782
1501	234000	446000	18	0.0356
1502	238000	446000	23	0.1067
1503	242000	446000	30	0.0432
1504	246000	446000	32	0.1246
1505	250000	446000	38	0.1288
1506	254000	446000	47	0.067
1507	62000	442000	2	0.5609
1508	66000	442000	1	0.5924
1509	70000	442000	0	0.4365
1510	74000	442000	0	0.1113
1511	78000	442000	0	0.0202
1512	82000	442000	-2	0.0483
1513	86000	442000	-1	0.0991
1514	90000	442000	-3	0.2519
1515	94000	442000	-2	0.2152
1516	98000	442000	-3	0.2689
1517	102000	442000	-3	0.1647
1518	106000	442000	-1	0.0282
1519	110000	442000	-1	0.0178
1520	114000	442000	-1	0.0204
1521	118000	442000	0	0.0369
1522	122000	442000	0	0.0582
1523	126000	442000	0	0.1961
1524	130000	442000	0	0.1785
1525	134000	442000	0	0.17
1526	138000	442000	0	0.0754
1527	142000	442000	1	0.1084
1528	146000	442000	3	0.1627
1529	150000	442000	4	0.2009
1530	154000	442000	4	0.2029
1531	158000	442000	5	0.1647
1532	162000	442000	5	0.1735
1533	166000	442000	10	0.1407
1534	170000	442000	7	0.0551
1535	174000	442000	8	0.1984
1536	178000	442000	9	0.1459
1537	182000	442000	10	0.1377
1538	186000	442000	8	0.1499
1539	190000	442000	11	0.2401
1540	194000	442000	11	0.3128
1541	198000	442000	9	0.2356
1542	202000	442000	8	0.0128
1543	206000	442000	9	0.1508
1544	210000	442000	12	0.2186
1545	214000	442000	11	0.2751
1546	218000	442000	14	0.3081
1547	222000	442000	16	0.2179
1548	226000	442000	17	0.1945
1549	230000	442000	18	0.0202
1550	234000	442000	19	0.0626
1551	238000	442000	30	0.003
1552	242000	442000	29	0.0464
1553	246000	442000	37	0.2365
1554	250000	442000	42	0.0853
1555	254000	442000	48	0.0406
1556	58000	438000	0	0.0701
1557	62000	438000	0	0.2391
1558	66000	438000	1	0.2623
1559	70000	438000	0	0.3968
1560	74000	438000	1	0.4643
1561	78000	438000	0	0.1334
1562	82000	438000	0	0.1608
1563	86000	438000	1	0.3365
1564	90000	438000	2	0.3349
1565	94000	438000	3	0.2998
1566	98000	438000	0	0.2554
1567	102000	438000	0	0.2056
1568	106000	438000	-1	0.0187
1569	110000	438000	-1	0.0303
1570	114000	438000	0	0.1071
1571	118000	438000	0	0.1647
1572	122000	438000	0	0.0884
1573	126000	438000	0	0.0249
1574	130000	438000	0	0.0239
1575	134000	438000	0	0.0666
1576	138000	438000	0	0.0614
1577	142000	438000	0	0.1936
1578	146000	438000	1	0.0707
1579	150000	438000	3	0.0731
1580	154000	438000	3	0.0457
1581	158000	438000	4	0.1672
1582	162000	438000	4	0.094
1583	166000	438000	6	0.1467
1584	170000	438000	6	0.1963
1585	174000	438000	6	0.1018
1586	178000	438000	7	0.0785
1587	182000	438000	7	0.0588
1588	186000	438000	7	0.1359
1589	190000	438000	8	0.0794
1590	194000	438000	10	0.1399
1591	198000	438000	10	0.1327
1592	202000	438000	10	0.2253
1593	206000	438000	11	0.2466
1594	210000	438000	14	0.1899
1595	214000	438000	15	0.1143
1596	218000	438000	12	0.2383
1597	222000	438000	14	0.2474
1598	226000	438000	16	0.1442
1599	230000	438000	18	0.1809
1600	234000	438000	20	0.1591
1601	238000	438000	28	0.1155
1602	242000	438000	35	0.0504
1603	246000	438000	45	0.1058
1604	250000	438000	47	0.0463
1605	62000	434000	0	0.0514
1606	66000	434000	0	0.0804
1607	70000	434000	0	0.0954
1608	74000	434000	0	0.3674
1609	78000	434000	3	0.5858
1610	82000	434000	2	0.6025
1611	86000	434000	2	0.5957
1612	90000	434000	2	0.5709
1613	94000	434000	1	0.3885
1614	98000	434000	0	0.356
1615	102000	434000	0	0.3145
1616	106000	434000	0	0.1316
1617	110000	434000	-1	0.0782
1618	114000	434000	-1	0.0011
1619	118000	434000	-1	0.0165
1620	122000	434000	0	0.024
1621	126000	434000	0	0.0323
1622	130000	434000	0	0.0037
1623	134000	434000	0	0.1011
1624	138000	434000	0	0.1121
1625	142000	434000	1	0.1347
1626	146000	434000	2	0.1296
1627	150000	434000	3	0.1917
1628	154000	434000	4	0.1464
1629	158000	434000	5	0.3511
1630	162000	434000	6	0.1744
1631	166000	434000	6	0.2663
1632	170000	434000	6	0.2366
1633	174000	434000	7	0.1804
1634	178000	434000	8	0.1686
1635	182000	434000	8	0.1249
1636	186000	434000	8	0.2006
1637	190000	434000	9	0.186
1638	194000	434000	9	0.1965
1639	198000	434000	11	0.1974
1640	202000	434000	11	0.148
1641	206000	434000	11	0.132
1642	210000	434000	25	0.0411
1643	214000	434000	26	0.1016
1644	218000	434000	13	0.2304
1645	222000	434000	13	0.2548
1646	226000	434000	14	0.0971
1647	230000	434000	17	0.1862
1648	234000	434000	20	0.1408
1649	238000	434000	32	0.0288
1650	58000	430000	0	0.0383
1651	62000	430000	0	0.081
1652	66000	430000	0	0.1399
1653	70000	430000	0	0.1929
1654	74000	430000	-1	0.0735
1655	78000	430000	0	0.211
1656	82000	430000	0	0.3514
1657	86000	430000	0	0.2404
1658	90000	430000	0	0.2403
1659	94000	430000	0	0.2821
1660	98000	430000	0	0.2627
1661	102000	430000	0	0.1975
1662	106000	430000	0	0.2963
1663	110000	430000	-1	0.024
1664	114000	430000	-1	0.0293
1665	118000	430000	-1	0.0093
1666	122000	430000	-1	0.0347
1667	126000	430000	0	0.1409
1668	130000	430000	0	0.0387
1669	134000	430000	0	0.0079
1670	138000	430000	0	0.0414
1671	142000	430000	1	0.0469
1672	146000	430000	2	0.0582
1673	150000	430000	3	0.1897
1674	154000	430000	3	0.1657
1675	158000	430000	4	0.1783
1676	162000	430000	4	0.0083
1677	166000	430000	5	0.0687
1678	170000	430000	5	0.1077
1679	174000	430000	6	0.1023
1680	178000	430000	7	0.1243
1681	182000	430000	8	0.1813
1682	186000	430000	10	0.3414
1683	190000	430000	9	0.1411
1684	194000	430000	9	0.1566
1685	198000	430000	10	0.0646
1686	202000	430000	11	0.1712
1687	206000	430000	12	0.2401
1688	210000	430000	13	0.0904
1689	214000	430000	15	0.1558
1690	218000	430000	13	0.1162
1691	222000	430000	14	0.0915
1692	226000	430000	16	0.0501
1693	230000	430000	17	0.1083
1694	50000	426000	0	0.0326
1695	54000	426000	1	0.1533
1696	58000	426000	0	0.0348
1697	62000	426000	0	0.2231
1698	66000	426000	0	0.4655
1699	70000	426000	0	0.3919
1700	74000	426000	0	0.0352
1701	78000	426000	0	0.0821
1702	82000	426000	0	0.1158
1703	86000	426000	0	0.1231
1704	90000	426000	0	0.1869
1705	94000	426000	0	0.1424
1706	98000	426000	0	0.1731
1707	102000	426000	0	0.3269
1708	106000	426000	0	0.3171
1709	110000	426000	0	0.3482
1710	114000	426000	0	0.1784
1711	118000	426000	0	0.2028
1712	122000	426000	0	0.2302
1713	126000	426000	1	0.3203
1714	130000	426000	0	0.2054
1715	134000	426000	0	0.167
1716	138000	426000	1	0.1745
1717	142000	426000	2	0.1548
1718	146000	426000	3	0.2269
1719	150000	426000	3	0.1781
1720	154000	426000	3	0.1931
1721	158000	426000	4	0.141
1722	162000	426000	4	0.0678
1723	166000	426000	5	0.1104
1724	170000	426000	6	0.1263
1725	174000	426000	6	0.1262
1726	178000	426000	8	0.1777
1727	182000	426000	9	0.3337
1728	186000	426000	19	0.294
1729	190000	426000	56	0.0816
1730	194000	426000	11	0.0395
1731	50000	422000	0	0.0917
1732	54000	422000	0	0.0448
1733	58000	422000	0	0.0467
1734	62000	422000	0	0.0189
1735	66000	422000	0	0.0281
1736	70000	422000	0	0.3096
1737	74000	422000	0	0.4766
1738	78000	422000	0	0.0491
1739	82000	422000	0	0.0077
1740	86000	422000	0	0
1741	90000	422000	0	0.0172
1742	94000	422000	-1	0.0273
1743	98000	422000	-1	0.0276
1744	102000	422000	0	0.3706
1745	106000	422000	0	0.2151
1746	110000	422000	0	0.122
1747	114000	422000	0	0.1263
1748	118000	422000	0	0.1201
1749	122000	422000	0	0.0644
1750	126000	422000	0	0.0727
1751	130000	422000	0	0.183
1752	134000	422000	0	0.1075
1753	138000	422000	1	0.0573
1754	142000	422000	1	0.0693
1755	146000	422000	2	0.1218
1756	150000	422000	3	0.1306
1757	154000	422000	2	0.0846
1758	158000	422000	3	0.0315
1759	162000	422000	4	0.1189
1760	166000	422000	6	0.24
1761	170000	422000	6	0.037
1762	174000	422000	7	0.1994
1763	178000	422000	7	0.1877
1764	182000	422000	9	0.0669
1765	186000	422000	11	0.1769
1766	190000	422000	61	0.0635
1767	194000	422000	24	0.1814
1768	42000	418000	0	0.0637
1769	46000	418000	0	0.1268
1770	50000	418000	0	0.0951
1771	54000	418000	0	0.0477
1772	58000	418000	0	0.0356
1773	62000	418000	0	0.0149
1774	66000	418000	0	0.0216
1775	70000	418000	0	0.0709
1776	74000	418000	0	0.1539
1777	78000	418000	0	0.3699
1778	82000	418000	0	0.1499
1779	86000	418000	0	0.0642
1780	90000	418000	0	0.0678
1781	94000	418000	0	0
1782	98000	418000	-1	0.0685
1783	102000	418000	-1	0.0885
1784	106000	418000	0	0.1414
1785	110000	418000	0	0.2928
1786	114000	418000	2	0.141
1787	118000	418000	0	0.0572
1788	122000	418000	0	0.0135
1789	126000	418000	0	0.007
1790	130000	418000	0	0.022
1791	134000	418000	0	0.0138
1792	138000	418000	2	0.1665
1793	142000	418000	2	0.1157
1794	146000	418000	2	0.1682
1795	150000	418000	2	0.1032
1796	154000	418000	2	0.0422
1797	158000	418000	2	0.0384
1798	162000	418000	6	0.1809
1799	166000	418000	11	0.3317
1800	170000	418000	14	0.1321
1801	174000	418000	9	0.2044
1802	178000	418000	9	0.2066
1803	182000	418000	9	0.1468
1804	186000	418000	9	0.2163
1805	190000	418000	16	0.1115
1806	194000	418000	28	0.1091
1807	198000	418000	40	0.0221
1808	38000	414000	6	0.0529
1809	42000	414000	0	0.0751
1810	46000	414000	0	0.0148
1811	50000	414000	0	0.0028
1812	54000	414000	0	0.0031
1813	58000	414000	0	0.015
1814	62000	414000	0	0.0408
1815	66000	414000	0	0.033
1816	70000	414000	0	0.0174
1817	74000	414000	0	0.0395
1818	78000	414000	0	0.1095
1819	82000	414000	0	0.3955
1820	86000	414000	0	0.4855
1821	90000	414000	0	0.3915
1822	94000	414000	0	0.2321
1823	98000	414000	0	0.2164
1824	102000	414000	0	0.379
1825	106000	414000	0	0.3171
1826	110000	414000	0	0.186
1827	114000	414000	0	0.2014
1828	118000	414000	1	0.3233
1829	122000	414000	0	0.138
1830	126000	414000	0	0.0749
1831	130000	414000	0	0.1621
1832	134000	414000	0	0.0915
1833	138000	414000	1	0.0605
1834	142000	414000	1	0.1191
1835	146000	414000	2	0.2504
1836	150000	414000	4	0.3234
1837	154000	414000	5	0.1925
1838	158000	414000	5	0.202
1839	162000	414000	6	0.2245
1840	166000	414000	10	0.2183
1841	170000	414000	20	0.113
1842	174000	414000	18	0.145
1843	178000	414000	16	0.1713
1844	182000	414000	10	0.2089
1845	186000	414000	10	0.2163
1846	190000	414000	11	0.2365
1847	194000	414000	12	0.189
1848	198000	414000	12	0.1674
1849	38000	410000	0	0.0711
1850	42000	410000	0	0.0405
1851	46000	410000	0	0.0488
1852	50000	410000	0	0.0316
1853	54000	410000	0	0.0349
1854	58000	410000	0	0.0039
1855	62000	410000	0	0.0316
1856	66000	410000	0	0.1254
1857	70000	410000	0	0.2327
1858	74000	410000	0	0.0438
1859	78000	410000	0	0.0032
1860	82000	410000	0	0.0252
1861	86000	410000	0	0.1153
1862	90000	410000	-1	0.0768
1863	94000	410000	0	0.2166
1864	98000	410000	2	0.4612
1865	102000	410000	0	0.2544
1866	106000	410000	0	0.0916
1867	110000	410000	0	0.0855
1868	114000	410000	0	0.2103
1869	118000	410000	0	0.3211
1870	122000	410000	0	0.0608
1871	126000	410000	0	0.067
1872	130000	410000	1	0.2227
1873	134000	410000	4	0.1739
1874	138000	410000	4	0.1604
1875	142000	410000	3	0.1218
1876	146000	410000	3	0.1307
1877	150000	410000	5	0.2423
1878	154000	410000	4	0.2698
1879	158000	410000	6	0.1871
1880	162000	410000	7	0.1942
1881	166000	410000	9	0.2088
1882	170000	410000	17	0.194
1883	174000	410000	21	0.2063
1884	178000	410000	18	0.2351
1885	182000	410000	17	0.1787
1886	186000	410000	10	0.1508
1887	190000	410000	11	0.2324
1888	194000	410000	12	0.2209
1889	198000	410000	15	0.0921
1890	202000	410000	14	0.024
1891	50000	406000	0	0.0478
1892	54000	406000	0	0.1188
1893	58000	406000	0	0.0186
1894	62000	406000	0	0.0274
1895	66000	406000	0	0.0311
1896	70000	406000	0	0.0766
1897	74000	406000	0	0.0643
1898	78000	406000	0	0.0374
1899	82000	406000	0	0.0182
1900	86000	406000	0	0.1194
1901	90000	406000	0	0.0392
1902	94000	406000	0	0.0093
1903	98000	406000	0	0.0808
1904	102000	406000	0	0.1308
1905	106000	406000	0	0.0719
1906	110000	406000	0	0.0983
1907	114000	406000	1	0.1588
1908	118000	406000	5	0.2767
1909	122000	406000	2	0.194
1910	126000	406000	2	0.1609
1911	130000	406000	6	0.1375
1912	134000	406000	13	0.059
1913	138000	406000	11	0.0978
1914	142000	406000	7	0.1048
1915	146000	406000	7	0.174
1916	150000	406000	6	0.212
1917	154000	406000	6	0.2387
1918	158000	406000	7	0.2081
1919	162000	406000	8	0.1998
1920	166000	406000	8	0.2152
1921	170000	406000	10	0.2232
1922	174000	406000	19	0.3591
1923	178000	406000	20	0.2694
1924	182000	406000	19	0.1684
1925	186000	406000	15	0.1162
1926	190000	406000	14	0.1642
1927	194000	406000	14	0.2142
1928	198000	406000	15	0.129
1929	202000	406000	16	0.1379
1930	206000	406000	16	0.026
1931	30000	402000	0	0.0266
1932	34000	402000	0	0.0675
1933	38000	402000	0	0.0554
1934	42000	402000	0	0.0354
1935	46000	402000	0	0.0205
1936	50000	402000	0	0.043
1937	54000	402000	0	0.0488
1938	58000	402000	0	0.0457
1939	62000	402000	0	0.0202
1940	66000	402000	0	0.0317
1941	70000	402000	0	0.0307
1942	74000	402000	0	0.0586
1943	78000	402000	-1	0.0163
1944	82000	402000	0	0.0578
1945	86000	402000	0	0.0039
1946	90000	402000	0	0.1074
1947	94000	402000	0	0.1059
1948	98000	402000	0	0.1791
1949	102000	402000	0	0.1463
1950	106000	402000	1	0.2213
1951	110000	402000	2	0.4164
1952	114000	402000	3	0.2978
1953	118000	402000	8	0.1931
1954	122000	402000	8	0.1943
1955	126000	402000	5	0.111
1956	130000	402000	9	0.2312
1957	134000	402000	12	0.1764
1958	138000	402000	10	0.238
1959	142000	402000	8	0.2121
1960	146000	402000	6	0.1874
1961	150000	402000	7	0.1725
1962	154000	402000	7	0.1887
1963	158000	402000	9	0.2283
1964	162000	402000	10	0.3336
1965	166000	402000	10	0.3256
1966	170000	402000	10	0.2296
1967	174000	402000	14	0.2344
1968	178000	402000	20	0.1724
1969	182000	402000	22	0.1835
1970	186000	402000	22	0.1445
1971	190000	402000	19	0.2243
1972	194000	402000	16	0.2021
1973	198000	402000	14	0.1666
1974	202000	402000	17	0.0642
1975	206000	402000	21	0.2043
1976	22000	398000	0	0.052
1977	26000	398000	0	0.0729
1978	30000	398000	0	0.0806
1979	34000	398000	0	0.1242
1980	38000	398000	0	0.0371
1981	42000	398000	0	0.0118
1982	46000	398000	0	0.0329
1983	50000	398000	0	0.0211
1984	54000	398000	0	0.0487
1985	58000	398000	0	0.0437
1986	62000	398000	0	0.0137
1987	66000	398000	-1	0.0234
1988	70000	398000	-2	0.0021
1989	74000	398000	0	0.0834
1990	78000	398000	0	0.0324
1991	82000	398000	0	0.1315
1992	86000	398000	0	0.0583
1993	90000	398000	0	0.2585
1994	94000	398000	3	0.2526
1995	98000	398000	5	0.2123
1996	102000	398000	6	0.3608
1997	106000	398000	5	0.2226
1998	110000	398000	4	0.2764
1999	114000	398000	5	0.2362
2000	118000	398000	6	0.2446
2001	122000	398000	12	0.3185
2002	126000	398000	9	0.2477
2003	130000	398000	15	0.229
2004	134000	398000	14	0.3337
2005	138000	398000	12	0.266
2006	142000	398000	11	0.1807
2007	146000	398000	10	0.0624
2008	150000	398000	8	0.2557
2009	154000	398000	9	0.2174
2010	158000	398000	9	0.2238
2011	162000	398000	11	0.2207
2012	166000	398000	11	0.22
2013	170000	398000	12	0.202
2014	174000	398000	13	0.2038
2015	178000	398000	21	0.235
2016	182000	398000	24	0.177
2017	186000	398000	25	0.1256
2018	190000	398000	24	0.1568
2019	194000	398000	23	0.1441
2020	198000	398000	17	0.144
2021	202000	398000	14	0.1158
2022	206000	398000	20	0.0181
2023	22000	394000	0	0.0639
2024	26000	394000	0	0.0769
2025	30000	394000	0	0.0698
2026	34000	394000	0	0.2025
2027	38000	394000	0	0.0392
2028	42000	394000	0	0.0038
2029	46000	394000	0	0.0187
2030	50000	394000	0	0.0972
2031	54000	394000	0	0.0374
2032	58000	394000	0	0.1133
2033	62000	394000	0	0.0624
2034	66000	394000	0	0.036
2035	70000	394000	0	0.0342
2036	74000	394000	0	0.1706
2037	78000	394000	4	0.2061
2038	82000	394000	2	0.2117
2039	86000	394000	3	0.2258
2040	90000	394000	5	0.339
2041	94000	394000	7	0.284
2042	98000	394000	11	0.2218
2043	102000	394000	9	0.2058
2044	106000	394000	7	0.2137
2045	110000	394000	6	0.1817
2046	114000	394000	6	0.1813
2047	118000	394000	11	0.1471
2048	122000	394000	16	0.1485
2049	126000	394000	14	0.2387
2050	130000	394000	15	0.2351
2051	134000	394000	15	0.2167
2052	138000	394000	14	0.1444
2053	142000	394000	10	0.1955
2054	146000	394000	10	0.1872
2055	150000	394000	12	0.1905
2056	154000	394000	13	0.152
2057	158000	394000	13	0.2153
2058	162000	394000	13	0.1895
2059	166000	394000	13	0.1867
2060	170000	394000	14	0.2422
2061	174000	394000	14	0.2288
2062	178000	394000	20	0.1756
2063	182000	394000	30	0.0308
2064	186000	394000	28	0.0639
2065	190000	394000	30	0.1476
2066	194000	394000	24	0.1374
2067	198000	394000	24	0.3016
2068	202000	394000	18	0.2003
2069	206000	394000	17	0.1026
2070	210000	394000	23	0.0235
2071	26000	390000	0	0.0809
2072	30000	390000	0	0.1839
2073	34000	390000	0	0.2826
2074	38000	390000	0	0.1159
2075	42000	390000	0	0.0111
2076	46000	390000	0	0.1137
2077	50000	390000	0	0.1816
2078	54000	390000	0	0.1286
2079	58000	390000	-1	0.1818
2080	62000	390000	0	0.1307
2081	74000	390000	0	0.0801
2082	78000	390000	3	0.3523
2083	82000	390000	10	0.1633
2084	86000	390000	8	0.2166
2085	90000	390000	7	0.224
2086	94000	390000	11	0.1275
2087	98000	390000	12	0.1007
2088	102000	390000	10	0.1596
2089	106000	390000	8	0.2234
2090	110000	390000	6	0.2318
2091	114000	390000	9	0.1375
2092	118000	390000	12	0.2181
2093	122000	390000	23	0.1163
2094	126000	390000	22	0.1744
2095	130000	390000	19	0.126
2096	134000	390000	17	0.111
2097	138000	390000	14	0.1925
2098	142000	390000	12	0.1396
2099	146000	390000	14	0.1848
2100	150000	390000	16	0.2243
2101	154000	390000	17	0.2407
2102	158000	390000	18	0.2652
2103	162000	390000	16	0.2822
2104	166000	390000	15	0.2067
2105	170000	390000	18	0.1744
2106	174000	390000	17	0.2105
2107	178000	390000	20	0.1661
2108	182000	390000	24	0.197
2109	186000	390000	27	0.2519
2110	190000	390000	30	0.1783
2111	194000	390000	28	0.2111
2112	198000	390000	25	0.1957
2113	202000	390000	22	0.2082
2114	206000	390000	18	0.16
2115	210000	390000	19	0.1411
2116	214000	390000	32	0.029
2117	26000	386000	0	0.0698
2118	30000	386000	0	0.244
2119	34000	386000	0	0.1228
2120	38000	386000	2	0.4101
2121	42000	386000	0	0.0708
2122	46000	386000	0	0.0989
2123	50000	386000	0	0.0574
2124	54000	386000	0	0.04
2125	58000	386000	0	0.1444
2126	62000	386000	0	0.0666
2127	74000	386000	0	0.157
2128	78000	386000	0	0.0487
2129	82000	386000	18	0.1416
2130	86000	386000	13	0.0704
2131	90000	386000	12	0.1653
2132	94000	386000	13	0.1621
2133	98000	386000	12	0.1724
2134	102000	386000	10	0.2151
2135	106000	386000	10	0.1654
2136	110000	386000	9	0.1911
2137	114000	386000	13	0.1132
2138	118000	386000	16	0.2073
2139	122000	386000	22	0.1868
2140	126000	386000	23	0.158
2141	130000	386000	23	0.0915
2142	134000	386000	26	0.0122
2143	138000	386000	18	0.2036
2144	142000	386000	17	0.1102
2145	146000	386000	19	0.1511
2146	150000	386000	21	0.0888
2147	154000	386000	19	0.4343
2148	158000	386000	19	0.2898
2149	162000	386000	18	0.2633
2150	166000	386000	17	0.2345
2151	170000	386000	18	0.2337
2152	174000	386000	18	0.3561
2153	178000	386000	22	0.2485
2154	182000	386000	25	0.2462
2155	186000	386000	28	0.2295
2156	190000	386000	31	0.1731
2157	194000	386000	30	0.2051
2158	198000	386000	27	0.1291
2159	202000	386000	24	0.1998
2160	206000	386000	23	0.0752
2161	210000	386000	20	0.1435
2162	214000	386000	31	0.0137
2163	26000	382000	0	0.0675
2164	30000	382000	0	0.0627
2165	38000	382000	0	0.077
2166	42000	382000	0	0.0445
2167	46000	382000	0	0.1021
2168	50000	382000	0	0.0281
2169	54000	382000	0	0.0419
2170	58000	382000	0	0.0461
2171	62000	382000	0	0.0345
2172	66000	382000	0	0.0265
2173	70000	382000	0	0.0152
2174	74000	382000	0	0.0835
2175	78000	382000	0	0.0167
2176	82000	382000	19	0.2065
2177	86000	382000	18	0.1005
2178	98000	382000	13	0.0682
2179	102000	382000	12	0.1194
2180	106000	382000	12	0.0805
2181	110000	382000	13	0.1047
2182	114000	382000	15	0.1368
2183	118000	382000	18	0.1646
2184	122000	382000	25	0.1725
2185	126000	382000	26	0.1375
2186	130000	382000	27	0.1146
2187	134000	382000	28	0.0202
2188	138000	382000	27	0.0811
2189	142000	382000	24	0.0985
2190	146000	382000	23	0.1548
2191	150000	382000	25	0.1105
2192	154000	382000	22	0.2703
2193	158000	382000	19	0.3471
2194	162000	382000	19	0.2857
2195	166000	382000	20	0.2736
2196	170000	382000	24	0.0843
2197	174000	382000	23	0.1585
2198	178000	382000	22	0.2262
2199	182000	382000	25	0.1997
2200	186000	382000	29	0.2023
2201	190000	382000	32	0.048
2202	194000	382000	31	0.1961
2203	198000	382000	28	0.2145
2204	202000	382000	25	0.211
2205	206000	382000	24	0.1549
2206	210000	382000	20	0.1368
2207	214000	382000	23	0.0629
2208	14000	378000	0	0.0525
2209	18000	378000	1	0.0285
2210	22000	378000	0	0.0344
2211	26000	378000	0	0.0234
2212	30000	378000	0	0.0315
2213	34000	378000	0	0.0394
2214	38000	378000	0	0.0457
2215	42000	378000	0	0.0488
2216	46000	378000	0	0.0378
2217	50000	378000	0	0.0424
2218	54000	378000	0	0.0473
2219	58000	378000	0	0.038
2220	62000	378000	0	0.0478
2221	66000	378000	0	0.0474
2222	70000	378000	0	0.0436
2223	74000	378000	0	0.1024
2224	78000	378000	0	0.1186
2225	82000	378000	12	0.0479
2226	86000	378000	23	0.0266
2227	122000	378000	24	0.1357
2228	134000	378000	33	0.0429
2229	138000	378000	27	0.2037
2230	142000	378000	28	0.2252
2231	146000	378000	26	0.22
2232	150000	378000	26	0.2065
2233	154000	378000	25	0.1635
2234	158000	378000	20	0.2495
2235	162000	378000	24	0.0907
2236	166000	378000	24	0.1314
2237	170000	378000	23	0.079
2238	174000	378000	25	0.0913
2239	178000	378000	25	0.2493
2240	182000	378000	25	0.1771
2241	186000	378000	28	0.1296
2242	190000	378000	32	0.1213
2243	194000	378000	33	0.1743
2244	198000	378000	31	0.2009
2245	202000	378000	27	0.2183
2246	206000	378000	24	0.3115
2247	210000	378000	22	0.3063
2248	214000	378000	36	0.1399
2249	14000	374000	1	0.0338
2250	18000	374000	0	0.0006
2251	22000	374000	0	0.036
2252	26000	374000	0	0.0081
2253	30000	374000	0	0.0023
2254	34000	374000	0	0.0009
2255	38000	374000	0	0.0225
2256	42000	374000	0	0.3225
2257	46000	374000	0	0.2125
2258	50000	374000	0	0.0415
2259	54000	374000	0	0.0028
2260	58000	374000	0	0.0127
2261	62000	374000	0	0.0033
2262	66000	374000	0	0.0228
2263	70000	374000	2	0.0481
2264	74000	374000	1	0.0528
2265	82000	374000	4	0.1678
2266	86000	374000	13	0.1476
2267	138000	374000	30	0.1758
2268	142000	374000	31	0.2375
2269	146000	374000	30	0.1976
2270	150000	374000	29	0.2381
2271	154000	374000	28	0.1341
2272	158000	374000	24	0.1869
2273	162000	374000	26	0.1642
2274	166000	374000	26	0.1352
2275	170000	374000	25	0.1979
2276	174000	374000	26	0.1644
2277	178000	374000	26	0.2241
2278	182000	374000	26	0.1949
2279	186000	374000	28	0.1087
2280	190000	374000	33	0.1901
2281	194000	374000	34	0.2057
2282	198000	374000	30	0.1959
2283	202000	374000	28	0.0547
2284	206000	374000	22	0.146
2285	210000	374000	34	0.2498
2286	214000	374000	44	0.0751
2287	14000	370000	0	0.0706
2288	18000	370000	0	0.0032
2289	22000	370000	0	0.0051
2290	26000	370000	0	0.0002
2291	30000	370000	0	0.0231
2292	34000	370000	0	0.0038
2293	38000	370000	0	0.0147
2294	42000	370000	0	0.0152
2295	46000	370000	0	0.258
2296	50000	370000	0	0.0451
2297	54000	370000	0	0.0075
2298	58000	370000	0	0.0146
2299	62000	370000	0	0.0013
2300	66000	370000	0	0
2301	70000	370000	1	0.0024
2302	138000	370000	28	0.1167
2303	142000	370000	39	0.0259
2304	146000	370000	40	0.0047
2305	150000	370000	32	0.1852
2306	154000	370000	29	0.1719
2307	158000	370000	29	0.1168
2308	162000	370000	28	0.0936
2309	166000	370000	26	0.1496
2310	170000	370000	28	0.1737
2311	174000	370000	32	0.0967
2312	178000	370000	27	0.1692
2313	182000	370000	28	0.1276
2314	186000	370000	29	0.1849
2315	190000	370000	31	0.1632
2316	194000	370000	32	0.1309
2317	198000	370000	34	0.1338
2318	202000	370000	28	0.0664
2319	206000	370000	24	0.2683
2320	210000	370000	50	0.1205
2321	18000	366000	0	0.0764
2322	22000	366000	0	0.0157
2323	26000	366000	0	0.0524
2324	38000	366000	0	0.0329
2325	42000	366000	0	0.0279
2326	46000	366000	0	0.2391
2327	50000	366000	0	0.0976
2328	54000	366000	0	0.0188
2329	58000	366000	1	0.0063
2330	62000	366000	1	0.1459
2331	66000	366000	1	0.0663
2332	142000	366000	41	0.0608
2333	146000	366000	41	0.0003
2334	150000	366000	36	0.1722
2335	154000	366000	34	0.159
2336	158000	366000	31	0.1077
2337	162000	366000	31	0.1149
2338	166000	366000	30	0.162
2339	170000	366000	30	0.1933
2340	174000	366000	34	0.1226
2341	178000	366000	31	0.1396
2342	182000	366000	32	0.0663
2343	186000	366000	30	0.1482
2344	190000	366000	30	0.0543
2345	194000	366000	29	0.1082
2346	198000	366000	28	0.0983
2347	202000	366000	25	0.1308
2348	206000	366000	26	0.088
2349	22000	362000	1	0.169
2350	42000	362000	0	0.0947
2351	46000	362000	0	0.1377
2352	50000	362000	1	0.0518
2353	54000	362000	1	0.0664
2354	58000	362000	2	0.1057
2355	62000	362000	5	0.1707
2356	146000	362000	45	0.0923
2357	150000	362000	45	0.1474
2358	166000	362000	34	0.2253
2359	170000	362000	33	0.1727
2360	174000	362000	35	0.1961
2361	178000	362000	33	0.1979
2362	182000	362000	30	0.0353
2363	186000	362000	29	0.2068
2364	190000	362000	29	0.1732
2365	194000	362000	28	0.058
2366	198000	362000	20	0.075
2367	202000	362000	26	0.0696
2368	46000	358000	3	0.2096
2369	50000	358000	2	0.1315
2370	54000	358000	2	0.0896
2371	170000	358000	35	0.0681
2372	174000	358000	33	0.1659
2373	178000	358000	31	0.1902
2374	182000	358000	29	0.1908
2375	186000	358000	28	0.2235
2376	190000	358000	28	0.1497
2377	194000	358000	23	0.1149
2378	198000	358000	22	0.2837
2379	202000	358000	29	0.0442
2380	174000	354000	34	0.1294
2381	178000	354000	31	0.1792
2382	182000	354000	30	0.1673
2383	186000	354000	28	0.2504
2384	190000	354000	23	0.2181
2385	194000	354000	20	0.2086
2386	198000	354000	24	0.1647
2387	202000	354000	30	0.1529
2388	206000	354000	66	0.077
2389	210000	354000	83	0.054
2390	186000	350000	23	0.1362
2391	190000	350000	26	0.1821
2392	194000	350000	28	0.0682
2393	198000	350000	29	0.0309
2394	202000	350000	29	0.0698
2395	206000	350000	43	0.0629
2396	186000	346000	26	0.1597
2397	190000	346000	29	0.1967
2398	194000	346000	29	0.1869
2399	198000	346000	37	0.1129
2400	202000	346000	33	0.0885
2401	182000	342000	30	0.145
2402	186000	342000	28	0.2874
2403	190000	342000	32	0.1882
2404	194000	342000	50	0.0438
2405	182000	338000	32	0.1918
2406	186000	338000	35	0.2621
2407	190000	338000	39	0.1567
2408	194000	338000	55	0.0251
2409	182000	334000	47	0.2253
2410	186000	334000	56	0.2756
2411	190000	334000	53	0.1688
2412	194000	334000	61	0.0403
2413	198000	334000	71	0.0593
2414	178000	330000	39	0.2394
2415	182000	330000	63	0.3955
2416	186000	330000	67	0.3033
2417	190000	330000	93	0.0606
2418	194000	330000	88	0.059
2419	198000	330000	78	0.1922
2420	178000	326000	41	0.1881
2421	182000	326000	104	0.2901
2422	186000	326000	115	0.2192
2423	190000	326000	90	0.1715
2424	194000	326000	92	0.2748
2425	198000	326000	106	0.1062
2426	202000	326000	122	0.1116
2427	174000	322000	59	0.2442
2428	178000	322000	45	0.2866
2429	182000	322000	98	0.2008
2430	186000	322000	128	0.2061
2431	190000	322000	109	0.0578
2432	194000	322000	93	0.194
2433	198000	322000	134	0.2277
2434	202000	322000	132	0.251
2435	174000	318000	71	0.2293
2436	178000	318000	50	0.3264
2437	182000	318000	112	0.1504
2438	186000	318000	136	0.1333
2439	190000	318000	121	0.1637
2440	194000	318000	168	0.2238
2441	198000	318000	168	0.3203
2442	202000	318000	158	0.1426
2443	174000	314000	92	0.0936
2444	178000	314000	51	0.2959
2445	182000	314000	128	0.1957
2446	186000	314000	164	0.2388
2447	190000	314000	135	0.1644
2448	194000	314000	134	0.1083
2449	198000	314000	177	0.1464
2450	178000	310000	57	0.2556
2451	182000	310000	130	0.1428
2452	186000	310000	178	0.1566
2453	190000	310000	183	0.0954
2454	194000	310000	162	0.0096
2455	198000	310000	196	0.041
2456	178000	306000	77	0.1889
2457	186000	306000	200	0.1072
2458	190000	306000	209	0.122
2459	194000	306000	178	0.1597
2460	198000	306000	226	0.0991
