ID	XLAMB	YLAMB	ALT	BETA
1	226000	618000	0	0.0751
2	230000	618000	0	0.082
3	234000	618000	0	0.0887
4	206000	614000	0	0.0788
5	210000	614000	0	0.0647
6	214000	614000	0	0.065
7	218000	614000	0	0.0625
8	174000	610000	0	0.0863
9	178000	610000	0	0.0926
10	182000	610000	0	0.0858
11	186000	610000	0	0.083
12	190000	610000	0	0.0735
13	206000	610000	0	0.0506
14	210000	610000	0	0.0626
15	242000	610000	0	0.1123
16	246000	610000	0	0.0953
17	250000	610000	0	0.1486
18	158000	606000	0	0.0778
19	162000	606000	0	0.0664
20	166000	606000	0	0.0884
21	170000	606000	0	0.0938
22	174000	606000	0	0.0836
23	178000	606000	0	0.0707
24	182000	606000	0	0.1064
25	186000	606000	0	0.0869
26	190000	606000	0	0.0922
27	194000	606000	0	0.0953
28	206000	606000	0	0.0902
29	210000	606000	0	0.0953
30	226000	606000	0	0.0953
31	230000	606000	0	0.0953
32	234000	606000	0	0.0953
33	238000	606000	0	0.0953
34	242000	606000	0	0.097
35	246000	606000	0	0.1151
36	250000	606000	0	0.1805
37	254000	606000	0	0.2156
38	142000	602000	0	0.083
39	146000	602000	0	0.0566
40	150000	602000	2	0.0554
41	154000	602000	1	0.0611
42	158000	602000	0	0.0604
43	186000	602000	0	0.0953
44	190000	602000	0	0.0953
45	194000	602000	0	0.0953
46	198000	602000	0	0.0953
47	202000	602000	0	0.0953
48	206000	602000	0	0.0944
49	210000	602000	0	0.104
50	214000	602000	0	0.106
51	218000	602000	0	0.0953
52	222000	602000	0	0.1014
53	226000	602000	0	0.1046
54	230000	602000	0	0.109
55	234000	602000	0	0.1204
56	238000	602000	0	0.1292
57	242000	602000	0	0.1473
58	246000	602000	0	0.1026
59	250000	602000	0	0.1139
60	254000	602000	0	0.1028
61	142000	598000	2	0.0452
62	146000	598000	0	0.0978
63	150000	598000	0	0.1027
64	182000	598000	0	0.0953
65	186000	598000	0	0.0953
66	190000	598000	0	0.1063
67	194000	598000	0	0.1051
68	198000	598000	0	0.1065
69	202000	598000	0	0.1036
70	206000	598000	0	0.1183
71	210000	598000	0	0.0616
72	214000	598000	0	0.0931
73	218000	598000	0	0.1134
74	222000	598000	0	0.1175
75	226000	598000	0	0.1134
76	230000	598000	0	0.1126
77	234000	598000	0	0.0953
78	238000	598000	0	0.1181
79	242000	598000	0	0.104
80	246000	598000	0	0.101
81	250000	598000	0	0.0936
82	254000	598000	0	0.1061
83	138000	594000	0	0.0953
84	174000	594000	0	0.0953
85	178000	594000	0	0.0953
86	182000	594000	0	0.1079
87	186000	594000	0	0.1065
88	190000	594000	0	0.0953
89	194000	594000	0	0.1898
90	198000	594000	0	0.156
91	202000	594000	0	0.0953
92	206000	594000	0	0.095
93	210000	594000	0	0.097
94	214000	594000	0	0.1018
95	218000	594000	0	0.1486
96	222000	594000	0	0.1072
97	226000	594000	0	0.0962
98	230000	594000	0	0.1514
99	234000	594000	0	0.0976
100	238000	594000	-1	0.1019
101	242000	594000	0	0.107
102	246000	594000	0	0.119
103	250000	594000	0	0.1042
104	254000	594000	0	0.2356
105	258000	594000	0	0.3952
106	262000	594000	0	0.2251
107	130000	590000	0	0.0621
108	134000	590000	0	0.0901
109	138000	590000	0	0.082
110	170000	590000	0	0.0953
111	174000	590000	0	0.1014
112	178000	590000	0	0.0953
113	182000	590000	0	0.1173
114	186000	590000	0	0.1049
115	190000	590000	0	0.0954
116	194000	590000	0	0.1335
117	198000	590000	0	0.1204
118	202000	590000	0	0.1039
119	206000	590000	0	0.1324
120	210000	590000	0	0.0953
121	214000	590000	0	0.1576
122	218000	590000	0	0.126
123	222000	590000	0	0.102
124	226000	590000	0	0.1011
125	230000	590000	0	0.1023
126	234000	590000	0	0.1332
127	238000	590000	-1	0.1216
128	242000	590000	-1	0.125
129	246000	590000	-1	0.1177
130	250000	590000	-1	0.1154
131	254000	590000	-2	0.1051
132	258000	590000	-2	0.0974
133	262000	590000	-2	0.1547
134	266000	590000	-1	0.1241
135	270000	590000	0	0.0953
136	126000	586000	0	0.0629
137	166000	586000	0	0.0953
138	170000	586000	0	0.1233
139	174000	586000	0	0.1484
140	178000	586000	0	0.1182
141	182000	586000	0	0.1363
142	186000	586000	0	0.0953
143	190000	586000	0	0.1708
144	194000	586000	-1	0.1084
145	198000	586000	0	0.1444
146	202000	586000	1	0.1164
147	206000	586000	0	0.1649
148	210000	586000	0	0.0973
149	214000	586000	0	0.1234
150	218000	586000	0	0.1485
151	222000	586000	0	0.1864
152	226000	586000	0	0.1117
153	230000	586000	0	0.135
154	234000	586000	0	0.1779
155	238000	586000	-1	0.123
156	242000	586000	-1	0.121
157	246000	586000	-1	0.0991
158	250000	586000	-2	0.1052
159	254000	586000	-2	0.125
160	258000	586000	-3	0.1207
161	262000	586000	-2	0.1031
162	266000	586000	-1	0.0954
163	270000	586000	0	0.0953
164	274000	586000	0	0.0953
165	122000	582000	0	0.0449
166	126000	582000	0	0.0802
167	158000	582000	0	0.0953
168	162000	582000	0	0.1075
169	166000	582000	0	0.1125
170	170000	582000	0	0.0961
171	174000	582000	0	0.1332
172	178000	582000	0	0.2319
173	182000	582000	0	0.2352
174	186000	582000	-1	0.1617
175	190000	582000	-1	0.1378
176	194000	582000	0	0.1522
177	198000	582000	0	0.1415
178	202000	582000	0	0.1481
179	206000	582000	0	0.1056
180	210000	582000	0	0.1072
181	214000	582000	0	0.1388
182	218000	582000	0	0.1158
183	222000	582000	0	0.0947
184	226000	582000	0	0.1075
185	230000	582000	0	0.3388
186	234000	582000	1	0.4599
187	238000	582000	0	0.382
188	242000	582000	-1	0.1026
189	246000	582000	-1	0.0707
190	250000	582000	-1	0.1222
191	254000	582000	-2	0.0975
192	258000	582000	-2	0.0934
193	262000	582000	-1	0.0958
194	266000	582000	0	0.1525
195	270000	582000	0	0.1023
196	274000	582000	-1	0.0957
197	278000	582000	0	0.1119
198	118000	578000	0	0.0825
199	122000	578000	0	0.0942
200	158000	578000	0	0.2527
201	162000	578000	0	0.1245
202	166000	578000	0	0.2415
203	170000	578000	0	0.1046
204	174000	578000	0	0.1195
205	178000	578000	0	0.159
206	182000	578000	0	0.3731
207	186000	578000	-1	0.2864
208	190000	578000	-1	0.0953
209	194000	578000	0	0.1882
210	198000	578000	0	0.1336
211	202000	578000	1	0.1403
212	206000	578000	0	0.1998
213	210000	578000	0	0.1315
214	214000	578000	0	0.1094
215	218000	578000	0	0.1008
216	222000	578000	0	0.212
217	226000	578000	0	0.0961
218	230000	578000	0	0.1476
219	234000	578000	0	0.2728
220	238000	578000	0	0.2221
221	242000	578000	0	0.1642
222	246000	578000	0	0.2022
223	250000	578000	0	0.1171
224	254000	578000	0	0.1997
225	258000	578000	-1	0.1214
226	262000	578000	0	0.2718
227	266000	578000	-2	0.258
228	270000	578000	-1	0.1425
229	274000	578000	-1	0.107
230	278000	578000	-1	0.1279
231	118000	574000	0	0.0927
232	122000	574000	0	0.1202
233	158000	574000	0	0.1648
234	162000	574000	0	0.0953
235	166000	574000	0	0.1014
236	170000	574000	0	0.1094
237	174000	574000	0	0.0953
238	178000	574000	0	0.0953
239	182000	574000	0	0.1238
240	186000	574000	-1	0.1255
241	190000	574000	-1	0.106
242	194000	574000	0	0.1145
243	198000	574000	0	0.0999
244	202000	574000	0	0.104
245	206000	574000	2	0.0953
246	210000	574000	2	0.0922
247	214000	574000	1	0.1682
248	218000	574000	1	0.099
249	222000	574000	2	0.2774
250	226000	574000	0	0.2249
251	230000	574000	0	0.1305
252	234000	574000	1	0.2128
253	238000	574000	2	0.2537
254	242000	574000	0	0.1145
255	246000	574000	0	0.2109
256	250000	574000	0	0.1658
257	254000	574000	0	0.1623
258	258000	574000	-1	0.1196
259	262000	574000	-1	0.1669
260	266000	574000	0	0.3254
261	270000	574000	-1	0.0924
262	274000	574000	-2	0.104
263	114000	570000	0	0.0815
264	118000	570000	0	0.1978
265	122000	570000	0	0.2534
266	154000	570000	0	0.1073
267	158000	570000	0	0.0965
268	162000	570000	0	0.1135
269	166000	570000	0	0.0965
270	170000	570000	0	0.1189
271	174000	570000	0	0.0953
272	178000	570000	0	0.1058
273	182000	570000	0	0.1023
274	186000	570000	-1	0.1247
275	190000	570000	0	0.0891
276	194000	570000	0	0.1149
277	198000	570000	0	0.1519
278	202000	570000	1	0.4033
279	206000	570000	2	0.2228
280	210000	570000	2	0.0955
281	214000	570000	3	0.1077
282	218000	570000	3	0.1046
283	222000	570000	4	0.1794
284	226000	570000	3	0.1317
285	230000	570000	2	0.0994
286	234000	570000	3	0.3037
287	238000	570000	3	0.2223
288	242000	570000	0	0.2879
289	246000	570000	0	0.129
290	250000	570000	0	0.0947
291	254000	570000	0	0.3541
292	258000	570000	0	0.1328
293	262000	570000	0	0.1488
294	266000	570000	-1	0.1341
295	270000	570000	-1	0.1065
296	274000	570000	0	0.1284
297	278000	570000	0	0.0995
298	110000	566000	0	0.0775
299	114000	566000	0	0.2361
300	118000	566000	0	0.0907
301	122000	566000	0	0.0958
302	150000	566000	0	0.0953
303	154000	566000	0	0.1219
304	158000	566000	0	0.0977
305	162000	566000	0	0.1311
306	166000	566000	0	0.1295
307	170000	566000	0	0.1022
308	174000	566000	0	0.0992
309	178000	566000	0	0.0953
310	182000	566000	0	0.1116
311	186000	566000	0	0.1586
312	190000	566000	0	0.0953
313	194000	566000	-1	0.101
314	198000	566000	-1	0.1318
315	202000	566000	1	0.1588
316	206000	566000	1	0.1201
317	210000	566000	3	0.0776
318	214000	566000	5	0.0885
319	218000	566000	5	0.1289
320	222000	566000	5	0.2406
321	226000	566000	8	0.2991
322	230000	566000	7	0.2426
323	234000	566000	6	0.3295
324	238000	566000	6	0.3958
325	242000	566000	8	0.2857
326	246000	566000	0	0.329
327	250000	566000	0	0.0947
328	254000	566000	0	0.1793
329	258000	566000	0	0.1142
330	262000	566000	0	0.1613
331	266000	566000	0	0.1666
332	270000	566000	0	0.1469
333	274000	566000	0	0.094
334	278000	566000	0	0.1101
335	110000	562000	0	0.0537
336	114000	562000	0	0.148
337	118000	562000	0	0.2824
338	146000	562000	0	0.0953
339	154000	562000	0	0.1117
340	158000	562000	0	0.1158
341	162000	562000	0	0.121
342	166000	562000	0	0.1214
343	170000	562000	0	0.1641
344	174000	562000	0	0.2628
345	178000	562000	-1	0.0981
346	182000	562000	0	0.1199
347	186000	562000	0	0.1467
348	190000	562000	0	0.1075
349	194000	562000	-1	0.1565
350	198000	562000	-1	0.1114
351	202000	562000	2	0.0924
352	206000	562000	3	0.1988
353	210000	562000	4	0.1029
354	214000	562000	5	0.085
355	218000	562000	5	0.0848
356	222000	562000	7	0.2381
357	226000	562000	9	0.2964
358	230000	562000	10	0.3031
359	234000	562000	10	0.4083
360	238000	562000	7	0.3115
361	242000	562000	10	0.3038
362	246000	562000	9	0.208
363	250000	562000	1	0.2239
364	254000	562000	2	0.1061
365	258000	562000	1	0.1071
366	262000	562000	1	0.139
367	266000	562000	2	0.3676
368	270000	562000	0	0.2904
369	274000	562000	1	0.1208
370	278000	562000	1	0.1008
371	110000	558000	0	0.0513
372	114000	558000	0	0.0852
373	142000	558000	0	0.1216
374	154000	558000	0	0.0953
375	158000	558000	0	0.0953
376	162000	558000	0	0.0953
377	166000	558000	0	0.0953
378	170000	558000	0	0.1253
379	174000	558000	0	0.2436
380	178000	558000	0	0.1098
381	182000	558000	0	0.0953
382	186000	558000	0	0.0949
383	190000	558000	0	0.0938
384	194000	558000	-1	0.1001
385	198000	558000	-1	0.1439
386	202000	558000	0	0.1766
387	206000	558000	3	0.1438
388	210000	558000	3	0.0997
389	214000	558000	4	0.1335
390	218000	558000	6	0.1049
391	222000	558000	9	0.0781
392	226000	558000	10	0.1197
393	230000	558000	10	0.1985
394	234000	558000	11	0.4324
395	238000	558000	10	0.2711
396	242000	558000	11	0.1803
397	246000	558000	17	0.2458
398	250000	558000	2	0.2581
399	254000	558000	2	0.1168
400	258000	558000	3	0.1384
401	262000	558000	3	0.1708
402	266000	558000	2	0.1685
403	270000	558000	1	0.1008
404	274000	558000	2	0.1077
405	278000	558000	3	0.0696
406	110000	554000	0	0.1239
407	114000	554000	0	0.2122
408	138000	554000	0	0.0953
409	158000	554000	0	0.1597
410	162000	554000	0	0.097
411	166000	554000	0	0.0953
412	170000	554000	0	0.1615
413	174000	554000	0	0.0953
414	178000	554000	0	0.1099
415	182000	554000	0	0.2269
416	186000	554000	0	0.1609
417	190000	554000	0	0.3741
418	194000	554000	0	0.1644
419	198000	554000	0	0.1494
420	202000	554000	1	0.2944
421	206000	554000	2	0.1381
422	210000	554000	4	0.0932
423	214000	554000	5	0.1111
424	218000	554000	6	0.154
425	222000	554000	9	0.0882
426	226000	554000	10	0.119
427	230000	554000	12	0.1978
428	234000	554000	10	0.3331
429	238000	554000	12	0.2839
430	242000	554000	14	0.2927
431	246000	554000	24	0.056
432	250000	554000	16	0.1531
433	254000	554000	4	0.1
434	258000	554000	4	0.1365
435	262000	554000	5	0.2369
436	266000	554000	4	0.0933
437	270000	554000	5	0.1004
438	274000	554000	4	0.1027
439	110000	550000	0	0.1546
440	114000	550000	0	0.4076
441	126000	550000	0	0.0953
442	130000	550000	0	0.1311
443	134000	550000	0	0.0958
444	154000	550000	0	0.0996
445	158000	550000	0	0.1072
446	162000	550000	0	0.0953
447	166000	550000	0	0.0953
448	170000	550000	0	0.1236
449	174000	550000	0	0.1077
450	178000	550000	0	0.1148
451	182000	550000	0	0.1074
452	186000	550000	0	0.0975
453	190000	550000	0	0.1823
454	194000	550000	1	0.2299
455	198000	550000	0	0.2138
456	202000	550000	0	0.1334
457	206000	550000	2	0.0985
458	210000	550000	3	0.0936
459	214000	550000	7	0.0664
460	218000	550000	15	0.0173
461	222000	550000	10	0.0881
462	226000	550000	12	0.1209
463	230000	550000	13	0.0978
464	234000	550000	14	0.1504
465	238000	550000	14	0.2136
466	242000	550000	17	0.3115
467	246000	550000	17	0.2067
468	250000	550000	16	0.2084
469	254000	550000	5	0.2312
470	258000	550000	6	0.1386
471	262000	550000	6	0.1034
472	266000	550000	7	0.2005
473	270000	550000	6	0.1335
474	274000	550000	7	0.1411
475	110000	546000	0	0.1376
476	114000	546000	0	0.2051
477	118000	546000	0	0.1044
478	122000	546000	0	0.0953
479	126000	546000	0	0.1245
480	130000	546000	0	0.0761
481	134000	546000	0	0.0756
482	154000	546000	0	0.102
483	158000	546000	0	0.1197
484	162000	546000	0	0.0966
485	166000	546000	0	0.1099
486	170000	546000	0	0.1125
487	174000	546000	0	0.1048
488	178000	546000	0	0.1043
489	182000	546000	0	0.0953
490	186000	546000	0	0.0953
491	190000	546000	0	0.0953
492	194000	546000	0	0.1218
493	198000	546000	0	0.1216
494	202000	546000	0	0.2111
495	206000	546000	2	0.2245
496	210000	546000	4	0.0794
497	214000	546000	8	0.0309
498	218000	546000	17	0.006
499	222000	546000	11	0.1113
500	226000	546000	12	0.0802
501	230000	546000	13	0.3075
502	234000	546000	14	0.2049
503	238000	546000	16	0.2165
504	242000	546000	22	0.1354
505	246000	546000	15	0.2248
506	250000	546000	17	0.1557
507	254000	546000	19	0.1237
508	258000	546000	7	0.1112
509	262000	546000	7	0.1281
510	266000	546000	8	0.1895
511	270000	546000	8	0.0886
512	110000	542000	0	0.1934
513	114000	542000	0	0.1589
514	118000	542000	0	0.1418
515	122000	542000	0	0.0953
516	126000	542000	-1	0.0957
517	130000	542000	-3	0.1271
518	134000	542000	-3	0.0956
519	154000	542000	0	0.11
520	158000	542000	0	0.1084
521	162000	542000	0	0.0851
522	166000	542000	3	0.0688
523	170000	542000	0	0.0948
524	174000	542000	0	0.1354
525	178000	542000	0	0.1398
526	182000	542000	-1	0.0989
527	186000	542000	0	0.1006
528	190000	542000	-1	0.0953
529	194000	542000	0	0.1547
530	198000	542000	0	0.1499
531	202000	542000	0	0.0991
532	206000	542000	3	0.0792
533	210000	542000	5	0.0969
534	214000	542000	6	0.2512
535	218000	542000	11	0.2367
536	222000	542000	9	0.1218
537	226000	542000	9	0.0932
538	230000	542000	12	0.2847
539	234000	542000	13	0.232
540	238000	542000	15	0.2779
541	242000	542000	16	0.2218
542	246000	542000	18	0.1134
543	250000	542000	16	0.0549
544	254000	542000	22	0.0993
545	258000	542000	8	0.1253
546	262000	542000	9	0.1357
547	266000	542000	10	0.1005
548	270000	542000	10	0.1478
549	110000	538000	0	0.1922
550	114000	538000	0	0.3168
551	118000	538000	0	0.1629
552	122000	538000	-1	0.1651
553	126000	538000	-2	0.1081
554	130000	538000	-3	0.1825
555	134000	538000	-4	0.0953
556	138000	538000	0	0.0953
557	166000	538000	0	0.0956
558	170000	538000	0	0.0953
559	174000	538000	0	0.1376
560	178000	538000	-1	0.4235
561	182000	538000	0	0.1975
562	186000	538000	0	0.0953
563	190000	538000	0	0.0953
564	194000	538000	0	0.1574
565	198000	538000	3	0.2467
566	202000	538000	8	0.1394
567	206000	538000	1	0.0914
568	210000	538000	1	0.1083
569	214000	538000	5	0.1715
570	218000	538000	6	0.2681
571	222000	538000	10	0.0869
572	226000	538000	16	0.028
573	230000	538000	13	0.2862
574	234000	538000	14	0.3573
575	238000	538000	14	0.3683
576	242000	538000	16	0.2167
577	246000	538000	17	0.2325
578	250000	538000	17	0.073
579	254000	538000	18	0.0968
580	258000	538000	20	0.1675
581	262000	538000	11	0.1114
582	266000	538000	12	0.1689
583	270000	538000	12	0.1122
584	106000	534000	0	0.1123
585	110000	534000	0	0.2073
586	114000	534000	0	0.2396
587	118000	534000	0	0.1327
588	122000	534000	0	0.1014
589	126000	534000	-2	0.0953
590	130000	534000	-3	0.114
591	134000	534000	-4	0.0954
592	170000	534000	0	0.0953
593	174000	534000	-3	0.1094
594	178000	534000	-3	0.1659
595	182000	534000	0	0.1036
596	186000	534000	0	0.0982
597	190000	534000	0	0.0959
598	194000	534000	0	0.0909
599	198000	534000	0	0.2099
600	202000	534000	0	0.3161
601	206000	534000	1	0.276
602	210000	534000	6	0.1503
603	214000	534000	7	0.1621
604	218000	534000	4	0.2104
605	222000	534000	9	0.0955
606	226000	534000	11	0.0891
607	230000	534000	12	0.1959
608	234000	534000	13	0.2194
609	238000	534000	15	0.1638
610	242000	534000	15	0.2258
611	246000	534000	15	0.3658
612	250000	534000	16	0.4055
613	254000	534000	16	0.2254
614	258000	534000	23	0.349
615	262000	534000	14	0.1276
616	266000	534000	13	0.1141
617	270000	534000	14	0.1063
618	106000	530000	0	0.1182
619	110000	530000	0	0.1072
620	114000	530000	0	0.1227
621	118000	530000	0	0.1051
622	122000	530000	0	0.1885
623	126000	530000	-1	0.1001
624	130000	530000	-2	0.1129
625	134000	530000	-1	0.1866
626	138000	530000	0	0.1437
627	142000	530000	0	0.1273
628	146000	530000	0	0.1586
629	170000	530000	-3	0.0953
630	174000	530000	-3	0.1053
631	178000	530000	-3	0.1097
632	182000	530000	-2	0.0944
633	186000	530000	-2	0.1541
634	190000	530000	0	0.2476
635	194000	530000	0	0.0973
636	198000	530000	-1	0.0895
637	202000	530000	-1	0.1001
638	206000	530000	0	0.1246
639	210000	530000	0	0.1567
640	214000	530000	0	0.126
641	218000	530000	1	0.1762
642	222000	530000	7	0.1183
643	226000	530000	11	0.0964
644	230000	530000	12	0.1579
645	234000	530000	13	0.1767
646	238000	530000	14	0.0745
647	242000	530000	14	0.1602
648	246000	530000	13	0.2673
649	250000	530000	13	0.2652
650	254000	530000	14	0.2375
651	258000	530000	18	0.3267
652	262000	530000	20	0.2113
653	266000	530000	15	0.1139
654	270000	530000	16	0.1057
655	106000	526000	3	0.06
656	110000	526000	0	0.1672
657	114000	526000	0	0.1937
658	118000	526000	0	0.1298
659	122000	526000	0	0.2069
660	126000	526000	0	0.1742
661	130000	526000	0	0.1239
662	134000	526000	-1	0.1251
663	138000	526000	-1	0.1759
664	142000	526000	-2	0.119
665	146000	526000	-1	0.2311
666	150000	526000	0	0.113
667	170000	526000	-3	0.0968
668	174000	526000	-3	0.1058
669	178000	526000	-3	0.2138
670	182000	526000	-2	0.1827
671	186000	526000	-2	0.1393
672	190000	526000	-2	0.1633
673	194000	526000	0	0.2068
674	198000	526000	0	0.0927
675	202000	526000	-1	0.1306
676	206000	526000	0	0.1331
677	210000	526000	0	0.1948
678	214000	526000	1	0.1222
679	218000	526000	1	0.097
680	222000	526000	8	0.0569
681	226000	526000	8	0.2149
682	230000	526000	11	0.371
683	234000	526000	12	0.3188
684	238000	526000	13	0.2552
685	242000	526000	12	0.1702
686	246000	526000	12	0.3341
687	250000	526000	11	0.1784
688	254000	526000	13	0.1871
689	258000	526000	14	0.1445
690	262000	526000	18	0.1585
691	266000	526000	16	0.1438
692	106000	522000	11	0.0034
693	110000	522000	0	0.1487
694	114000	522000	0	0.2162
695	118000	522000	0	0.3086
696	122000	522000	-1	0.2182
697	126000	522000	-1	0.1317
698	130000	522000	0	0.2776
699	134000	522000	-1	0.3597
700	138000	522000	0	0.2446
701	142000	522000	0	0.2655
702	146000	522000	0	0.2836
703	170000	522000	-1	0.0922
704	174000	522000	-4	0.1056
705	178000	522000	-3	0.1824
706	182000	522000	-3	0.1302
707	186000	522000	-2	0.0955
708	190000	522000	-1	0.1186
709	194000	522000	0	0.1912
710	198000	522000	0	0.1045
711	202000	522000	0	0.1099
712	206000	522000	0	0.1526
713	210000	522000	0	0.2583
714	214000	522000	1	0.189
715	218000	522000	2	0.1133
716	222000	522000	3	0.1016
717	226000	522000	10	0.1357
718	230000	522000	10	0.0949
719	234000	522000	11	0.2131
720	238000	522000	9	0.231
721	242000	522000	9	0.0952
722	246000	522000	10	0.2091
723	250000	522000	9	0.2902
724	254000	522000	11	0.3415
725	258000	522000	13	0.245
726	262000	522000	15	0.1763
727	266000	522000	17	0.1246
728	102000	518000	0	0.0812
729	106000	518000	4	0.051
730	110000	518000	0	0.26
731	114000	518000	0	0.3236
732	118000	518000	-1	0.2392
733	122000	518000	-1	0.2934
734	126000	518000	-1	0.2522
735	130000	518000	-2	0.2378
736	134000	518000	0	0.3747
737	138000	518000	0	0.2505
738	142000	518000	0	0.2911
739	170000	518000	0	0.2294
740	174000	518000	-3	0.1105
741	178000	518000	-3	0.1211
742	182000	518000	-2	0.1287
743	186000	518000	-2	0.1641
744	190000	518000	-1	0.1077
745	194000	518000	-1	0.0856
746	198000	518000	0	0.1013
747	202000	518000	0	0.1711
748	206000	518000	0	0.0989
749	210000	518000	0	0.2058
750	214000	518000	1	0.1178
751	218000	518000	2	0.0919
752	222000	518000	3	0.1151
753	226000	518000	7	0.1621
754	230000	518000	8	0.0953
755	234000	518000	9	0.1244
756	238000	518000	8	0.1668
757	242000	518000	8	0.1988
758	246000	518000	8	0.316
759	250000	518000	10	0.1762
760	254000	518000	11	0.2002
761	258000	518000	12	0.2285
762	262000	518000	14	0.2593
763	266000	518000	15	0.3183
764	102000	514000	0	0.0951
765	106000	514000	1	0.1286
766	110000	514000	2	0.2586
767	114000	514000	-2	0.2445
768	118000	514000	-3	0.1075
769	122000	514000	-2	0.2402
770	126000	514000	-2	0.271
771	130000	514000	0	0.1367
772	138000	514000	0	0.11
773	170000	514000	0	0.0953
774	174000	514000	-1	0.0932
775	178000	514000	-1	0.1115
776	182000	514000	-1	0.1491
777	186000	514000	0	0.2178
778	190000	514000	0	0.1015
779	194000	514000	0	0.1067
780	198000	514000	0	0.1559
781	202000	514000	0	0.1979
782	206000	514000	0	0.0953
783	210000	514000	0	0.1434
784	214000	514000	1	0.0775
785	218000	514000	3	0.0781
786	222000	514000	4	0.177
787	226000	514000	4	0.1401
788	230000	514000	5	0.1726
789	234000	514000	6	0.1867
790	238000	514000	7	0.3492
791	242000	514000	8	0.299
792	246000	514000	9	0.1922
793	102000	510000	0	0.0629
794	106000	510000	2	0.0975
795	110000	510000	0	0.1608
796	114000	510000	-2	0.0953
797	118000	510000	-1	0.1283
798	122000	510000	-3	0.3955
799	126000	510000	-2	0.3599
800	130000	510000	0	0.1265
801	166000	510000	-3	0.1029
802	170000	510000	-3	0.1014
803	174000	510000	-3	0.1516
804	178000	510000	-3	0.1094
805	182000	510000	-1	0.0783
806	186000	510000	0	0.1892
807	190000	510000	0	0.3142
808	194000	510000	0	0.1376
809	198000	510000	0	0.0953
810	202000	510000	0	0.1986
811	206000	510000	0	0.0965
812	210000	510000	0	0.1013
813	214000	510000	1	0.1577
814	218000	510000	2	0.1124
815	222000	510000	4	0.0897
816	226000	510000	5	0.1045
817	230000	510000	5	0.1192
818	234000	510000	7	0.2729
819	238000	510000	8	0.382
820	242000	510000	9	0.4243
821	246000	510000	10	0.3147
822	102000	506000	4	0.0719
823	106000	506000	2	0.1587
824	110000	506000	0	0.1482
825	114000	506000	0	0.0968
826	118000	506000	-2	0.2406
827	122000	506000	-3	0.4208
828	126000	506000	-2	0.3283
829	130000	506000	-1	0.0964
830	158000	506000	0	0.1469
831	162000	506000	0	0.1403
832	166000	506000	-3	0.2087
833	170000	506000	-4	0.1059
834	174000	506000	-4	0.1316
835	178000	506000	-3	0.2528
836	182000	506000	-3	0.1117
837	186000	506000	0	0.0801
838	190000	506000	0	0.2859
839	194000	506000	0	0.1593
840	198000	506000	0	0.1558
841	202000	506000	0	0.2727
842	206000	506000	0	0.1816
843	210000	506000	0	0.1506
844	214000	506000	1	0.0927
845	218000	506000	3	0.1033
846	222000	506000	5	0.1205
847	226000	506000	6	0.3106
848	230000	506000	7	0.243
849	234000	506000	9	0.2472
850	238000	506000	7	0.3448
851	242000	506000	11	0.3772
852	246000	506000	26	0.0714
853	102000	502000	9	0.1851
854	106000	502000	3	0.3138
855	110000	502000	0	0.1955
856	114000	502000	0	0.3227
857	118000	502000	0	0.1134
858	122000	502000	-2	0.136
859	126000	502000	0	0.3817
860	130000	502000	-2	0.2105
861	134000	502000	0	0.2213
862	158000	502000	-1	0.3274
863	162000	502000	-1	0.3552
864	166000	502000	-3	0.1152
865	170000	502000	-4	0.0921
866	174000	502000	-3	0.0988
867	178000	502000	-3	0.1775
868	182000	502000	-3	0.0953
869	186000	502000	0	0.0679
870	190000	502000	0	0.0983
871	194000	502000	0	0.1114
872	198000	502000	0	0.1508
873	202000	502000	2	0.3993
874	206000	502000	1	0.3453
875	210000	502000	1	0.116
876	214000	502000	4	0.2687
877	218000	502000	6	0.175
878	222000	502000	7	0.1062
879	226000	502000	11	0.1924
880	230000	502000	13	0.0836
881	234000	502000	6	0.163
882	238000	502000	7	0.1441
883	242000	502000	14	0.1436
884	246000	502000	23	0.1049
885	98000	498000	0	0.1727
886	102000	498000	8	0.5581
887	106000	498000	1	0.4171
888	110000	498000	-1	0.1329
889	114000	498000	0	0.2187
890	118000	498000	0	0.1605
891	122000	498000	0	0.1085
892	126000	498000	-1	0.1064
893	130000	498000	0	0.1301
894	134000	498000	0	0.1026
895	138000	498000	0	0.0955
896	150000	498000	0	0.0953
897	154000	498000	-3	0.0916
898	158000	498000	-1	0.0668
899	162000	498000	-4	0.1979
900	166000	498000	-4	0.1071
901	170000	498000	-4	0.0951
902	174000	498000	-3	0.1119
903	178000	498000	-3	0.1484
904	182000	498000	-2	0.0933
905	186000	498000	0	0.1281
906	190000	498000	0	0.1025
907	194000	498000	1	0.1079
908	198000	498000	7	0.1808
909	202000	498000	3	0.2683
910	206000	498000	0	0.1696
911	210000	498000	1	0.0968
912	214000	498000	2	0.0991
913	218000	498000	4	0.0773
914	222000	498000	5	0.0713
915	226000	498000	8	0.1573
916	230000	498000	6	0.1785
917	234000	498000	7	0.2037
918	238000	498000	8	0.1368
919	242000	498000	12	0.1462
920	246000	498000	17	0.3475
921	250000	498000	24	0.2147
922	254000	498000	48	0.1207
923	262000	498000	20	0.2022
924	98000	494000	0	0.0613
925	102000	494000	11	0.0802
926	106000	494000	1	0.2435
927	110000	494000	0	0.1838
928	114000	494000	0	0.4196
929	118000	494000	1	0.4282
930	122000	494000	0	0.2435
931	126000	494000	-1	0.0956
932	130000	494000	0	0.1571
933	134000	494000	0	0.0965
934	138000	494000	0	0.0953
935	142000	494000	0	0.0953
936	146000	494000	0	0.0932
937	150000	494000	-3	0.0615
938	154000	494000	-3	0.0366
939	158000	494000	-3	0.1112
940	162000	494000	-3	0.2195
941	166000	494000	-4	0.0986
942	170000	494000	-3	0.092
943	174000	494000	-3	0.1022
944	178000	494000	-2	0.0716
945	182000	494000	0	0.0816
946	186000	494000	1	0.2096
947	190000	494000	6	0.1366
948	194000	494000	17	0.0366
949	198000	494000	37	0.0515
950	202000	494000	5	0.1759
951	206000	494000	1	0.1183
952	210000	494000	1	0.1646
953	214000	494000	4	0.2234
954	218000	494000	5	0.1267
955	222000	494000	6	0.1294
956	226000	494000	6	0.2078
957	230000	494000	6	0.0953
958	234000	494000	8	0.2419
959	238000	494000	8	0.2251
960	242000	494000	10	0.2959
961	246000	494000	14	0.3762
962	250000	494000	22	0.4232
963	254000	494000	45	0.3548
964	258000	494000	39	0.2601
965	262000	494000	20	0.2492
966	266000	494000	22	0.21
967	98000	490000	5	0.0711
968	102000	490000	9	0.1973
969	106000	490000	0	0.3326
970	110000	490000	0	0.2598
971	114000	490000	0	0.5367
972	118000	490000	2	0.5946
973	122000	490000	2	0.4997
974	126000	490000	0	0.2554
975	130000	490000	0	0.1011
976	134000	490000	0	0.0953
977	138000	490000	0	0.0905
978	142000	490000	-2	0.1776
979	146000	490000	-2	0.3494
980	150000	490000	-3	0.2394
981	154000	490000	-4	0.0902
982	158000	490000	-3	0.0972
983	162000	490000	-3	0.2374
984	166000	490000	-3	0.1626
985	170000	490000	-2	0.1545
986	174000	490000	-1	0.0902
987	178000	490000	-1	0.0929
988	182000	490000	2	0.1428
989	186000	490000	12	0.1381
990	190000	490000	25	0.0824
991	194000	490000	35	0
992	198000	490000	19	0.2079
993	202000	490000	2	0.1647
994	206000	490000	2	0.1682
995	210000	490000	2	0.1327
996	214000	490000	4	0.2755
997	218000	490000	5	0.1841
998	222000	490000	7	0.0993
999	226000	490000	17	0.1181
1000	230000	490000	8	0.1728
1001	234000	490000	9	0.2125
1002	238000	490000	9	0.4106
1003	242000	490000	9	0.2581
1004	246000	490000	13	0.2464
1005	250000	490000	18	0.3194
1006	254000	490000	24	0.3459
1007	258000	490000	24	0.3425
1008	262000	490000	22	0.2809
1009	266000	490000	24	0.1656
1010	270000	490000	27	0.1249
1011	94000	486000	0	0.0841
1012	98000	486000	9	0.0817
1013	102000	486000	4	0.2877
1014	106000	486000	0	0.2954
1015	110000	486000	-4	0.2204
1016	114000	486000	0	0.3155
1017	118000	486000	3	0.3927
1018	122000	486000	5	0.4608
1019	126000	486000	0	0.3973
1020	130000	486000	0	0.1368
1021	134000	486000	0	0.0953
1022	138000	486000	0	0.1332
1023	142000	486000	-1	0.3744
1024	146000	486000	-2	0.3015
1025	150000	486000	-4	0.1306
1026	154000	486000	-4	0.0953
1027	158000	486000	-4	0.1207
1028	162000	486000	-3	0.2371
1029	166000	486000	-2	0.2662
1030	170000	486000	-1	0.2055
1031	174000	486000	1	0.2549
1032	178000	486000	6	0.1489
1033	182000	486000	18	0.1294
1034	186000	486000	26	0.0065
1035	190000	486000	36	0.0341
1036	194000	486000	25	0.1844
1037	198000	486000	8	0.2217
1038	202000	486000	2	0.1404
1039	206000	486000	2	0.113
1040	210000	486000	3	0.0916
1041	214000	486000	4	0.2098
1042	218000	486000	8	0.1858
1043	222000	486000	9	0.0888
1044	226000	486000	29	0.0528
1045	230000	486000	10	0.2652
1046	234000	486000	10	0.1458
1047	238000	486000	11	0.3617
1048	242000	486000	12	0.4238
1049	246000	486000	12	0.1861
1050	250000	486000	13	0.2373
1051	254000	486000	16	0.365
1052	258000	486000	22	0.2524
1053	262000	486000	30	0.221
1054	266000	486000	29	0.1437
1055	270000	486000	29	0.0794
1056	94000	482000	6	0.0426
1057	98000	482000	7	0.0388
1058	102000	482000	0	0.211
1059	106000	482000	-2	0.2695
1060	110000	482000	-3	0.3467
1061	114000	482000	-1	0.4789
1062	118000	482000	1	0.2992
1063	122000	482000	0	0.3552
1064	126000	482000	1	0.3976
1065	130000	482000	0	0.2616
1066	134000	482000	0	0.1397
1067	138000	482000	0	0.2156
1068	142000	482000	-1	0.1825
1069	146000	482000	-1	0.1507
1070	150000	482000	-2	0.0994
1071	154000	482000	-3	0.0926
1072	158000	482000	-3	0.0653
1073	162000	482000	0	0.047
1074	166000	482000	-1	0.2105
1075	170000	482000	4	0.3139
1076	174000	482000	16	0.0874
1077	178000	482000	24	0.0001
1078	182000	482000	31	0.0278
1079	186000	482000	42	0.0579
1080	190000	482000	33	0.0422
1081	194000	482000	15	0.2372
1082	198000	482000	5	0.1689
1083	202000	482000	2	0.1557
1084	206000	482000	4	0.2513
1085	210000	482000	5	0.2576
1086	214000	482000	6	0.2057
1087	218000	482000	8	0.1505
1088	222000	482000	13	0.0728
1089	226000	482000	41	0.0013
1090	230000	482000	10	0.2238
1091	234000	482000	10	0.2136
1092	238000	482000	9	0.116
1093	242000	482000	11	0.2712
1094	246000	482000	13	0.3189
1095	250000	482000	14	0.3091
1096	254000	482000	19	0.3296
1097	258000	482000	31	0.2602
1098	262000	482000	56	0.3835
1099	266000	482000	33	0.345
1100	94000	478000	3	0.1075
1101	98000	478000	0	0.1443
1102	102000	478000	-4	0.2266
1103	106000	478000	-3	0.2872
1104	110000	478000	-3	0.4031
1105	114000	478000	-2	0.4309
1106	118000	478000	-1	0.3421
1107	122000	478000	-1	0.1777
1108	126000	478000	0	0.3508
1109	130000	478000	0	0.1955
1110	134000	478000	0	0.0813
1111	138000	478000	1	0.2235
1112	142000	478000	9	0.1672
1113	146000	478000	3	0.351
1114	150000	478000	-1	0.0969
1115	154000	478000	-3	0.095
1116	158000	478000	-3	0.0838
1117	162000	478000	-1	0.0237
1118	166000	478000	1	0.0714
1119	170000	478000	14	0.1877
1120	174000	478000	32	0.0322
1121	178000	478000	25	0.0899
1122	182000	478000	33	0.0549
1123	186000	478000	65	0
1124	190000	478000	40	0.0509
1125	194000	478000	15	0.1983
1126	198000	478000	3	0.1209
1127	202000	478000	3	0.2508
1128	206000	478000	6	0.3521
1129	210000	478000	6	0.2683
1130	214000	478000	7	0.2235
1131	218000	478000	9	0.172
1132	222000	478000	10	0.1046
1133	226000	478000	21	0.1245
1134	230000	478000	16	0.0941
1135	234000	478000	14	0.1761
1136	238000	478000	10	0.298
1137	242000	478000	13	0.304
1138	246000	478000	19	0.2762
1139	250000	478000	16	0.4362
1140	254000	478000	23	0.3209
1141	258000	478000	35	0.3992
1142	262000	478000	51	0.2908
1143	266000	478000	36	0.2619
1144	90000	474000	0	0.1561
1145	94000	474000	0	0.179
1146	98000	474000	0	0.2464
1147	102000	474000	-3	0.2013
1148	106000	474000	-3	0.1587
1149	110000	474000	-1	0.1591
1150	114000	474000	-2	0.2654
1151	118000	474000	-3	0.1924
1152	122000	474000	-2	0.0953
1153	126000	474000	-1	0.1197
1154	130000	474000	0	0.1403
1155	134000	474000	0	0.1045
1156	138000	474000	4	0.2637
1157	142000	474000	13	0.2066
1158	146000	474000	2	0.248
1159	150000	474000	0	0.0953
1160	154000	474000	0	0.1641
1161	158000	474000	0	0.0596
1162	162000	474000	0	0.1274
1163	166000	474000	3	0.1597
1164	170000	474000	18	0.1875
1165	174000	474000	50	0.0033
1166	178000	474000	31	0.057
1167	182000	474000	34	0.1161
1168	186000	474000	75	0
1169	190000	474000	52	0.0269
1170	194000	474000	15	0.2779
1171	198000	474000	4	0.1991
1172	202000	474000	4	0.2344
1173	206000	474000	5	0.3592
1174	210000	474000	7	0.5019
1175	214000	474000	8	0.3191
1176	218000	474000	10	0.1766
1177	222000	474000	10	0.2503
1178	226000	474000	11	0.0921
1179	230000	474000	17	0.1254
1180	234000	474000	14	0.0971
1181	238000	474000	11	0.2742
1182	242000	474000	13	0.2719
1183	246000	474000	18	0.3373
1184	250000	474000	19	0.4845
1185	254000	474000	28	0.3678
1186	258000	474000	42	0.3563
1187	262000	474000	45	0.2473
1188	266000	474000	37	0.1746
1189	270000	474000	39	0.0846
1190	90000	470000	1	0.2654
1191	94000	470000	0	0.2609
1192	98000	470000	0	0.1191
1193	102000	470000	-3	0.1567
1194	106000	470000	-3	0.1388
1195	110000	470000	-3	0.1192
1196	114000	470000	-2	0.1066
1197	118000	470000	-3	0.2066
1198	122000	470000	-4	0.2074
1199	126000	470000	-1	0.1104
1200	130000	470000	0	0.1523
1201	134000	470000	0	0.1205
1202	138000	470000	4	0.3008
1203	142000	470000	9	0.2417
1204	146000	470000	7	0.1667
1205	150000	470000	0	0.1777
1206	154000	470000	0	0.1939
1207	158000	470000	0	0.1399
1208	162000	470000	2	0.3159
1209	166000	470000	9	0.1954
1210	170000	470000	15	0.1803
1211	174000	470000	30	0.0289
1212	178000	470000	36	0.2065
1213	182000	470000	37	0.1087
1214	186000	470000	67	0.0113
1215	190000	470000	68	0.0352
1216	194000	470000	19	0.4011
1217	198000	470000	8	0.3168
1218	202000	470000	5	0.2027
1219	206000	470000	6	0.248
1220	210000	470000	6	0.2593
1221	214000	470000	8	0.2789
1222	218000	470000	10	0.322
1223	222000	470000	11	0.2921
1224	226000	470000	12	0.1267
1225	230000	470000	13	0.0932
1226	234000	470000	13	0.1619
1227	238000	470000	14	0.2202
1228	242000	470000	16	0.3417
1229	246000	470000	21	0.2373
1230	250000	470000	25	0.3418
1231	254000	470000	30	0.4627
1232	258000	470000	42	0.4313
1233	262000	470000	42	0.2886
1234	86000	466000	8	0.0564
1235	90000	466000	0	0.3792
1236	94000	466000	1	0.3837
1237	98000	466000	-1	0.1559
1238	102000	466000	-1	0.1465
1239	106000	466000	-3	0.103
1240	110000	466000	-2	0.1375
1241	114000	466000	-4	0.1189
1242	118000	466000	-2	0.1199
1243	122000	466000	-1	0.1239
1244	126000	466000	0	0.1398
1245	130000	466000	0	0.1602
1246	134000	466000	-1	0.098
1247	138000	466000	0	0.1314
1248	142000	466000	11	0.0357
1249	146000	466000	11	0.1354
1250	150000	466000	1	0.1829
1251	154000	466000	2	0.3463
1252	158000	466000	3	0.3557
1253	162000	466000	4	0.1455
1254	166000	466000	9	0.2092
1255	170000	466000	14	0.2551
1256	174000	466000	17	0.2603
1257	178000	466000	26	0.0746
1258	182000	466000	35	0.0437
1259	186000	466000	60	0.0027
1260	190000	466000	56	0.0655
1261	194000	466000	24	0.3973
1262	198000	466000	10	0.272
1263	202000	466000	7	0.1186
1264	206000	466000	7	0.2109
1265	210000	466000	6	0.2206
1266	214000	466000	10	0.3455
1267	218000	466000	10	0.3335
1268	222000	466000	11	0.3738
1269	226000	466000	13	0.2305
1270	230000	466000	12	0.0936
1271	234000	466000	14	0.2399
1272	238000	466000	16	0.2134
1273	242000	466000	17	0.1883
1274	246000	466000	22	0.2043
1275	250000	466000	28	0.3258
1276	254000	466000	33	0.1666
1277	258000	466000	43	0.2933
1278	262000	466000	44	0.0849
1279	82000	462000	0	0.0496
1280	86000	462000	8	0.1556
1281	90000	462000	0	0.2546
1282	94000	462000	0	0.3654
1283	98000	462000	0	0.2513
1284	102000	462000	0	0.2483
1285	106000	462000	0	0.304
1286	110000	462000	-3	0.1129
1287	114000	462000	-1	0.1585
1288	118000	462000	-1	0.1143
1289	122000	462000	0	0.0954
1290	126000	462000	0	0.1144
1291	130000	462000	0	0.2505
1292	134000	462000	0	0.116
1293	138000	462000	0	0.1097
1294	142000	462000	9	0.1704
1295	146000	462000	13	0.1806
1296	150000	462000	15	0.075
1297	154000	462000	11	0.3102
1298	158000	462000	3	0.2733
1299	162000	462000	4	0.1465
1300	166000	462000	8	0.2074
1301	170000	462000	12	0.308
1302	174000	462000	14	0.3692
1303	178000	462000	21	0.2895
1304	182000	462000	34	0.02
1305	186000	462000	47	0
1306	190000	462000	86	0.0074
1307	194000	462000	53	0.1013
1308	198000	462000	20	0.1766
1309	202000	462000	9	0.1374
1310	206000	462000	7	0.1711
1311	210000	462000	7	0.3409
1312	214000	462000	9	0.4086
1313	218000	462000	14	0.2376
1314	222000	462000	14	0.2563
1315	226000	462000	15	0.2127
1316	230000	462000	13	0.1631
1317	234000	462000	15	0.3521
1318	238000	462000	19	0.3814
1319	242000	462000	20	0.3785
1320	246000	462000	27	0.2844
1321	250000	462000	32	0.1625
1322	254000	462000	35	0.1147
1323	258000	462000	43	0.1464
1324	78000	458000	0	0.2192
1325	82000	458000	7	0.2222
1326	86000	458000	1	0.2571
1327	90000	458000	0	0.1492
1328	94000	458000	-1	0.1295
1329	98000	458000	-1	0.1036
1330	102000	458000	-1	0.1517
1331	106000	458000	-1	0.2039
1332	110000	458000	-1	0.1308
1333	114000	458000	-1	0.0953
1334	118000	458000	-1	0.1077
1335	122000	458000	0	0.1289
1336	126000	458000	0	0.1478
1337	130000	458000	0	0.3699
1338	134000	458000	2	0.4904
1339	138000	458000	3	0.2902
1340	142000	458000	6	0.2252
1341	146000	458000	14	0.1636
1342	150000	458000	27	0.1938
1343	154000	458000	15	0.0176
1344	158000	458000	3	0.2382
1345	162000	458000	5	0.2478
1346	166000	458000	8	0.1755
1347	170000	458000	11	0.3731
1348	174000	458000	17	0.2619
1349	178000	458000	21	0.3707
1350	182000	458000	31	0.1371
1351	186000	458000	47	0
1352	190000	458000	70	0.0674
1353	194000	458000	77	0.0331
1354	198000	458000	40	0.1459
1355	202000	458000	15	0.3012
1356	206000	458000	9	0.3499
1357	210000	458000	7	0.2922
1358	214000	458000	8	0.3534
1359	218000	458000	13	0.398
1360	222000	458000	15	0.2837
1361	226000	458000	15	0.2528
1362	230000	458000	16	0.3584
1363	234000	458000	16	0.268
1364	238000	458000	18	0.3111
1365	242000	458000	24	0.3441
1366	246000	458000	26	0.2762
1367	250000	458000	32	0.1163
1368	74000	454000	0	0.1197
1369	78000	454000	4	0.3619
1370	82000	454000	3	0.436
1371	86000	454000	0	0.4264
1372	90000	454000	-4	0.1564
1373	94000	454000	-1	0.3184
1374	98000	454000	-4	0.1936
1375	102000	454000	-4	0.1514
1376	106000	454000	-1	0.1218
1377	110000	454000	-1	0.1951
1378	114000	454000	0	0.1437
1379	118000	454000	0	0.2189
1380	122000	454000	0	0.2812
1381	126000	454000	0	0.1533
1382	130000	454000	0	0.2608
1383	134000	454000	2	0.4647
1384	138000	454000	4	0.362
1385	142000	454000	3	0.3265
1386	146000	454000	9	0.2658
1387	150000	454000	21	0.0425
1388	154000	454000	14	0.1523
1389	158000	454000	4	0.2081
1390	162000	454000	6	0.196
1391	166000	454000	8	0.3621
1392	170000	454000	10	0.4084
1393	174000	454000	33	0.0714
1394	178000	454000	34	0.0484
1395	182000	454000	33	0.0054
1396	186000	454000	42	0.0072
1397	190000	454000	72	0.1116
1398	194000	454000	84	0.0046
1399	198000	454000	61	0.0062
1400	202000	454000	30	0.1734
1401	206000	454000	10	0.3111
1402	210000	454000	7	0.2712
1403	214000	454000	8	0.4098
1404	218000	454000	12	0.4196
1405	222000	454000	15	0.3871
1406	226000	454000	18	0.3309
1407	230000	454000	17	0.4042
1408	234000	454000	17	0.1284
1409	238000	454000	19	0.1291
1410	242000	454000	29	0.1041
1411	246000	454000	29	0.1613
1412	70000	450000	0	0.1321
1413	74000	450000	0	0.1624
1414	78000	450000	0	0.3391
1415	82000	450000	1	0.3704
1416	86000	450000	-1	0.319
1417	90000	450000	-2	0.1699
1418	94000	450000	-3	0.2932
1419	98000	450000	-3	0.2045
1420	102000	450000	-4	0.1406
1421	106000	450000	-1	0.289
1422	110000	450000	0	0.2009
1423	114000	450000	-1	0.1094
1424	118000	450000	0	0.1459
1425	122000	450000	0	0.1298
1426	126000	450000	0	0.1542
1427	130000	450000	0	0.1566
1428	134000	450000	2	0.3919
1429	138000	450000	2	0.3576
1430	142000	450000	2	0.2289
1431	146000	450000	2	0.2833
1432	150000	450000	10	0.1601
1433	154000	450000	23	0.0771
1434	158000	450000	14	0.1004
1435	162000	450000	8	0.1052
1436	166000	450000	7	0.3721
1437	170000	450000	8	0.4921
1438	174000	450000	21	0.3706
1439	178000	450000	30	0.0162
1440	182000	450000	36	0.0064
1441	186000	450000	43	0.0865
1442	190000	450000	49	0.1489
1443	194000	450000	72	0.0054
1444	198000	450000	83	0.0032
1445	202000	450000	42	0.0854
1446	206000	450000	8	0.2682
1447	210000	450000	8	0.366
1448	214000	450000	9	0.4317
1449	218000	450000	13	0.4375
1450	222000	450000	17	0.3244
1451	226000	450000	16	0.3958
1452	230000	450000	16	0.3382
1453	234000	450000	18	0.0953
1454	238000	450000	22	0.1733
1455	242000	450000	29	0.1004
1456	246000	450000	34	0.0913
1457	250000	450000	36	0.1678
1458	62000	446000	0	0.1564
1459	66000	446000	0	0.141
1460	70000	446000	1	0.1769
1461	74000	446000	0	0.2344
1462	78000	446000	0	0.1423
1463	82000	446000	0	0.3336
1464	86000	446000	0	0.3868
1465	90000	446000	-2	0.2133
1466	94000	446000	-4	0.2346
1467	98000	446000	-4	0.2124
1468	102000	446000	-5	0.171
1469	106000	446000	-2	0.2566
1470	110000	446000	0	0.2102
1471	114000	446000	-1	0.1308
1472	118000	446000	-1	0.1278
1473	122000	446000	0	0.1222
1474	126000	446000	0	0.1523
1475	130000	446000	0	0.2139
1476	134000	446000	2	0.3359
1477	138000	446000	0	0.2833
1478	142000	446000	1	0.2757
1479	146000	446000	2	0.2555
1480	150000	446000	3	0.2478
1481	154000	446000	4	0.2164
1482	158000	446000	7	0.1826
1483	162000	446000	25	0.0929
1484	166000	446000	10	0.2411
1485	170000	446000	6	0.2348
1486	174000	446000	14	0.358
1487	178000	446000	34	0.0427
1488	182000	446000	31	0.1346
1489	186000	446000	45	0.1852
1490	190000	446000	56	0.2918
1491	194000	446000	40	0.2593
1492	198000	446000	13	0.2124
1493	202000	446000	8	0.2095
1494	206000	446000	9	0.2444
1495	210000	446000	10	0.3192
1496	214000	446000	11	0.3534
1497	218000	446000	12	0.422
1498	222000	446000	16	0.4354
1499	226000	446000	17	0.4095
1500	230000	446000	17	0.2177
1501	234000	446000	18	0.1435
1502	238000	446000	23	0.1935
1503	242000	446000	30	0.1448
1504	246000	446000	32	0.2806
1505	250000	446000	38	0.2862
1506	254000	446000	47	0.1683
1507	62000	442000	2	0.5851
1508	66000	442000	1	0.6084
1509	70000	442000	0	0.47
1510	74000	442000	0	0.1928
1511	78000	442000	0	0.1227
1512	82000	442000	-2	0.1304
1513	86000	442000	-1	0.1494
1514	90000	442000	-3	0.3116
1515	94000	442000	-2	0.2874
1516	98000	442000	-3	0.3709
1517	102000	442000	-3	0.265
1518	106000	442000	-1	0.1213
1519	110000	442000	-1	0.1194
1520	114000	442000	-1	0.1231
1521	118000	442000	0	0.1456
1522	122000	442000	0	0.1677
1523	126000	442000	0	0.3391
1524	130000	442000	0	0.3098
1525	134000	442000	0	0.277
1526	138000	442000	0	0.1766
1527	142000	442000	1	0.199
1528	146000	442000	3	0.2853
1529	150000	442000	4	0.3058
1530	154000	442000	4	0.3287
1531	158000	442000	5	0.3082
1532	162000	442000	5	0.3272
1533	166000	442000	10	0.2239
1534	170000	442000	7	0.1365
1535	174000	442000	8	0.3075
1536	178000	442000	9	0.2332
1537	182000	442000	10	0.2122
1538	186000	442000	8	0.2615
1539	190000	442000	11	0.3471
1540	194000	442000	11	0.3979
1541	198000	442000	9	0.3168
1542	202000	442000	8	0.1153
1543	206000	442000	9	0.3242
1544	210000	442000	12	0.4217
1545	214000	442000	11	0.449
1546	218000	442000	14	0.4398
1547	222000	442000	16	0.4225
1548	226000	442000	17	0.3841
1549	230000	442000	18	0.125
1550	234000	442000	19	0.1888
1551	238000	442000	30	0.0989
1552	242000	442000	29	0.1551
1553	246000	442000	37	0.3824
1554	250000	442000	42	0.2258
1555	254000	442000	48	0.1506
1556	58000	438000	0	0.1436
1557	62000	438000	0	0.2843
1558	66000	438000	1	0.3227
1559	70000	438000	0	0.4236
1560	74000	438000	1	0.4918
1561	78000	438000	0	0.2529
1562	82000	438000	0	0.2577
1563	86000	438000	1	0.4271
1564	90000	438000	2	0.437
1565	94000	438000	3	0.3895
1566	98000	438000	0	0.3774
1567	102000	438000	0	0.3035
1568	106000	438000	-1	0.1247
1569	110000	438000	-1	0.1318
1570	114000	438000	0	0.2109
1571	118000	438000	0	0.265
1572	122000	438000	0	0.2047
1573	126000	438000	0	0.1208
1574	130000	438000	0	0.1285
1575	134000	438000	0	0.1966
1576	138000	438000	0	0.1868
1577	142000	438000	0	0.3091
1578	146000	438000	1	0.1946
1579	150000	438000	3	0.2066
1580	154000	438000	3	0.1428
1581	158000	438000	4	0.2526
1582	162000	438000	4	0.2265
1583	166000	438000	6	0.3145
1584	170000	438000	6	0.3321
1585	174000	438000	6	0.2235
1586	178000	438000	7	0.1965
1587	182000	438000	7	0.1401
1588	186000	438000	7	0.2568
1589	190000	438000	8	0.1878
1590	194000	438000	10	0.238
1591	198000	438000	10	0.2667
1592	202000	438000	10	0.3797
1593	206000	438000	11	0.4341
1594	210000	438000	14	0.3803
1595	214000	438000	15	0.2414
1596	218000	438000	12	0.4393
1597	222000	438000	14	0.4383
1598	226000	438000	16	0.3124
1599	230000	438000	18	0.333
1600	234000	438000	20	0.337
1601	238000	438000	28	0.2284
1602	242000	438000	35	0.1744
1603	246000	438000	45	0.2456
1604	250000	438000	47	0.1546
1605	62000	434000	0	0.1038
1606	66000	434000	0	0.2085
1607	70000	434000	0	0.2276
1608	74000	434000	0	0.4512
1609	78000	434000	3	0.6025
1610	82000	434000	2	0.6247
1611	86000	434000	2	0.6127
1612	90000	434000	2	0.5985
1613	94000	434000	1	0.4697
1614	98000	434000	0	0.4445
1615	102000	434000	0	0.3649
1616	106000	434000	0	0.2247
1617	110000	434000	-1	0.1669
1618	114000	434000	-1	0.0968
1619	118000	434000	-1	0.1177
1620	122000	434000	0	0.1218
1621	126000	434000	0	0.1301
1622	130000	434000	0	0.1004
1623	134000	434000	0	0.2173
1624	138000	434000	0	0.2675
1625	142000	434000	1	0.2678
1626	146000	434000	2	0.2724
1627	150000	434000	3	0.3588
1628	154000	434000	4	0.3083
1629	158000	434000	5	0.4654
1630	162000	434000	6	0.2991
1631	166000	434000	6	0.3756
1632	170000	434000	6	0.3475
1633	174000	434000	7	0.3143
1634	178000	434000	8	0.2894
1635	182000	434000	8	0.2262
1636	186000	434000	8	0.3383
1637	190000	434000	9	0.3357
1638	194000	434000	9	0.3778
1639	198000	434000	11	0.3261
1640	202000	434000	11	0.3092
1641	206000	434000	11	0.2856
1642	210000	434000	25	0.1152
1643	214000	434000	26	0.1929
1644	218000	434000	13	0.4346
1645	222000	434000	13	0.4237
1646	226000	434000	14	0.2454
1647	230000	434000	17	0.3768
1648	234000	434000	20	0.3119
1649	238000	434000	32	0.1398
1650	58000	430000	0	0.0777
1651	62000	430000	0	0.1212
1652	66000	430000	0	0.2581
1653	70000	430000	0	0.3478
1654	74000	430000	-1	0.2079
1655	78000	430000	0	0.2714
1656	82000	430000	0	0.4297
1657	86000	430000	0	0.3346
1658	90000	430000	0	0.3074
1659	94000	430000	0	0.3678
1660	98000	430000	0	0.3387
1661	102000	430000	0	0.2916
1662	106000	430000	0	0.3613
1663	110000	430000	-1	0.1229
1664	114000	430000	-1	0.1351
1665	118000	430000	-1	0.108
1666	122000	430000	-1	0.1345
1667	126000	430000	0	0.2422
1668	130000	430000	0	0.1149
1669	134000	430000	0	0.0953
1670	138000	430000	0	0.1606
1671	142000	430000	1	0.1507
1672	146000	430000	2	0.1701
1673	150000	430000	3	0.3357
1674	154000	430000	3	0.3439
1675	158000	430000	4	0.3046
1676	162000	430000	4	0.1059
1677	166000	430000	5	0.1975
1678	170000	430000	5	0.2556
1679	174000	430000	6	0.2406
1680	178000	430000	7	0.228
1681	182000	430000	8	0.2951
1682	186000	430000	10	0.4306
1683	190000	430000	9	0.2293
1684	194000	430000	9	0.2447
1685	198000	430000	10	0.1407
1686	202000	430000	11	0.2608
1687	206000	430000	12	0.3683
1688	210000	430000	13	0.1756
1689	214000	430000	15	0.2478
1690	218000	430000	13	0.2471
1691	222000	430000	14	0.234
1692	226000	430000	16	0.1411
1693	230000	430000	17	0.2112
1694	50000	426000	0	0.0772
1695	54000	426000	1	0.2709
1696	58000	426000	0	0.1269
1697	62000	426000	0	0.2693
1698	66000	426000	0	0.4897
1699	70000	426000	0	0.4511
1700	74000	426000	0	0.1204
1701	78000	426000	0	0.1604
1702	82000	426000	0	0.2274
1703	86000	426000	0	0.2231
1704	90000	426000	0	0.2623
1705	94000	426000	0	0.2062
1706	98000	426000	0	0.2439
1707	102000	426000	0	0.4128
1708	106000	426000	0	0.4321
1709	110000	426000	0	0.4142
1710	114000	426000	0	0.2558
1711	118000	426000	0	0.2785
1712	122000	426000	0	0.3417
1713	126000	426000	1	0.4482
1714	130000	426000	0	0.2856
1715	134000	426000	0	0.2628
1716	138000	426000	1	0.3022
1717	142000	426000	2	0.2613
1718	146000	426000	3	0.3348
1719	150000	426000	3	0.3026
1720	154000	426000	3	0.3182
1721	158000	426000	4	0.2444
1722	162000	426000	4	0.1555
1723	166000	426000	5	0.1965
1724	170000	426000	6	0.2602
1725	174000	426000	6	0.2693
1726	178000	426000	8	0.2984
1727	182000	426000	9	0.4041
1728	186000	426000	19	0.4087
1729	190000	426000	56	0.1585
1730	194000	426000	11	0.1354
1731	50000	422000	0	0.1238
1732	54000	422000	0	0.0887
1733	58000	422000	0	0.0913
1734	62000	422000	0	0.0772
1735	66000	422000	0	0.1216
1736	70000	422000	0	0.3571
1737	74000	422000	0	0.4955
1738	78000	422000	0	0.1263
1739	82000	422000	0	0.1024
1740	86000	422000	0	0.0953
1741	90000	422000	0	0.1187
1742	94000	422000	-1	0.1276
1743	98000	422000	-1	0.1269
1744	102000	422000	0	0.423
1745	106000	422000	0	0.3341
1746	110000	422000	0	0.218
1747	114000	422000	0	0.1835
1748	118000	422000	0	0.1981
1749	122000	422000	0	0.1578
1750	126000	422000	0	0.1937
1751	130000	422000	0	0.3162
1752	134000	422000	0	0.2142
1753	138000	422000	1	0.162
1754	142000	422000	1	0.1851
1755	146000	422000	2	0.2169
1756	150000	422000	3	0.2771
1757	154000	422000	2	0.1692
1758	158000	422000	3	0.1418
1759	162000	422000	4	0.2096
1760	166000	422000	6	0.3259
1761	170000	422000	6	0.1502
1762	174000	422000	7	0.3382
1763	178000	422000	7	0.3223
1764	182000	422000	9	0.1356
1765	186000	422000	11	0.3156
1766	190000	422000	61	0.082
1767	194000	422000	24	0.3367
1768	42000	418000	0	0.098
1769	46000	418000	0	0.1748
1770	50000	418000	0	0.1523
1771	54000	418000	0	0.1044
1772	58000	418000	0	0.0768
1773	62000	418000	0	0.0523
1774	66000	418000	0	0.1242
1775	70000	418000	0	0.1728
1776	74000	418000	0	0.2277
1777	78000	418000	0	0.3963
1778	82000	418000	0	0.1992
1779	86000	418000	0	0.1527
1780	90000	418000	0	0.1615
1781	94000	418000	0	0.0953
1782	98000	418000	-1	0.1636
1783	102000	418000	-1	0.1741
1784	106000	418000	0	0.1889
1785	110000	418000	0	0.332
1786	114000	418000	2	0.176
1787	118000	418000	0	0.1198
1788	122000	418000	0	0.1105
1789	126000	418000	0	0.1006
1790	130000	418000	0	0.1301
1791	134000	418000	0	0.1125
1792	138000	418000	2	0.2638
1793	142000	418000	2	0.2254
1794	146000	418000	2	0.2878
1795	150000	418000	2	0.2091
1796	154000	418000	2	0.1364
1797	158000	418000	2	0.1522
1798	162000	418000	6	0.339
1799	166000	418000	11	0.4307
1800	170000	418000	14	0.26
1801	174000	418000	9	0.3817
1802	178000	418000	9	0.3864
1803	182000	418000	9	0.2852
1804	186000	418000	9	0.3325
1805	190000	418000	16	0.1979
1806	194000	418000	28	0.2344
1807	198000	418000	40	0.0526
1808	38000	414000	6	0.0614
1809	42000	414000	0	0.128
1810	46000	414000	0	0.0916
1811	50000	414000	0	0.0948
1812	54000	414000	0	0.0988
1813	58000	414000	0	0.0952
1814	62000	414000	0	0.0891
1815	66000	414000	0	0.1093
1816	70000	414000	0	0.11
1817	74000	414000	0	0.1348
1818	78000	414000	0	0.1871
1819	82000	414000	0	0.4271
1820	86000	414000	0	0.5019
1821	90000	414000	0	0.4302
1822	94000	414000	0	0.2908
1823	98000	414000	0	0.2674
1824	102000	414000	0	0.4192
1825	106000	414000	0	0.3721
1826	110000	414000	0	0.2526
1827	114000	414000	0	0.287
1828	118000	414000	1	0.3676
1829	122000	414000	0	0.217
1830	126000	414000	0	0.1622
1831	130000	414000	0	0.235
1832	134000	414000	0	0.1706
1833	138000	414000	1	0.1548
1834	142000	414000	1	0.2633
1835	146000	414000	2	0.317
1836	150000	414000	4	0.4269
1837	154000	414000	5	0.3271
1838	158000	414000	5	0.3549
1839	162000	414000	6	0.4311
1840	166000	414000	10	0.3826
1841	170000	414000	20	0.216
1842	174000	414000	18	0.2975
1843	178000	414000	16	0.3373
1844	182000	414000	10	0.4083
1845	186000	414000	10	0.4037
1846	190000	414000	11	0.3776
1847	194000	414000	12	0.3413
1848	198000	414000	12	0.3193
1849	38000	410000	0	0.1012
1850	42000	410000	0	0.0961
1851	46000	410000	0	0.0953
1852	50000	410000	0	0.0924
1853	54000	410000	0	0.1154
1854	58000	410000	0	0.1001
1855	62000	410000	0	0.1081
1856	66000	410000	0	0.1697
1857	70000	410000	0	0.2632
1858	74000	410000	0	0.1229
1859	78000	410000	0	0.0953
1860	82000	410000	0	0.1104
1861	86000	410000	0	0.1693
1862	90000	410000	-1	0.1632
1863	94000	410000	0	0.2806
1864	98000	410000	2	0.5014
1865	102000	410000	0	0.3044
1866	106000	410000	0	0.1785
1867	110000	410000	0	0.2255
1868	114000	410000	0	0.4031
1869	118000	410000	0	0.4363
1870	122000	410000	0	0.1864
1871	126000	410000	0	0.1815
1872	130000	410000	1	0.3264
1873	134000	410000	4	0.2637
1874	138000	410000	4	0.2785
1875	142000	410000	3	0.238
1876	146000	410000	3	0.2234
1877	150000	410000	5	0.3806
1878	154000	410000	4	0.4466
1879	158000	410000	6	0.3632
1880	162000	410000	7	0.3752
1881	166000	410000	9	0.4065
1882	170000	410000	17	0.3495
1883	174000	410000	21	0.3677
1884	178000	410000	18	0.4067
1885	182000	410000	17	0.3213
1886	186000	410000	10	0.3238
1887	190000	410000	11	0.4271
1888	194000	410000	12	0.337
1889	198000	410000	15	0.1774
1890	202000	410000	14	0.1318
1891	50000	406000	0	0.095
1892	54000	406000	0	0.191
1893	58000	406000	0	0.1144
1894	62000	406000	0	0.1112
1895	66000	406000	0	0.101
1896	70000	406000	0	0.1496
1897	74000	406000	0	0.1154
1898	78000	406000	0	0.0953
1899	82000	406000	0	0.0963
1900	86000	406000	0	0.2137
1901	90000	406000	0	0.1386
1902	94000	406000	0	0.107
1903	98000	406000	0	0.1673
1904	102000	406000	0	0.2195
1905	106000	406000	0	0.1801
1906	110000	406000	0	0.233
1907	114000	406000	1	0.3115
1908	118000	406000	5	0.397
1909	122000	406000	2	0.3629
1910	126000	406000	2	0.3335
1911	130000	406000	6	0.2581
1912	134000	406000	13	0.1151
1913	138000	406000	11	0.2042
1914	142000	406000	7	0.2322
1915	146000	406000	7	0.3075
1916	150000	406000	6	0.392
1917	154000	406000	6	0.4293
1918	158000	406000	7	0.396
1919	162000	406000	8	0.3797
1920	166000	406000	8	0.4069
1921	170000	406000	10	0.4149
1922	174000	406000	19	0.4961
1923	178000	406000	20	0.4014
1924	182000	406000	19	0.3394
1925	186000	406000	15	0.2512
1926	190000	406000	14	0.339
1927	194000	406000	14	0.3421
1928	198000	406000	15	0.2345
1929	202000	406000	16	0.2667
1930	206000	406000	16	0.1338
1931	30000	402000	0	0.069
1932	34000	402000	0	0.1049
1933	38000	402000	0	0.1138
1934	42000	402000	0	0.1036
1935	46000	402000	0	0.0995
1936	50000	402000	0	0.1088
1937	54000	402000	0	0.0953
1938	58000	402000	0	0.1036
1939	62000	402000	0	0.0981
1940	66000	402000	0	0.1171
1941	70000	402000	0	0.1048
1942	74000	402000	0	0.1479
1943	78000	402000	-1	0.1084
1944	82000	402000	0	0.1522
1945	86000	402000	0	0.101
1946	90000	402000	0	0.2388
1947	94000	402000	0	0.2436
1948	98000	402000	0	0.3528
1949	102000	402000	0	0.3192
1950	106000	402000	1	0.4175
1951	110000	402000	2	0.5227
1952	114000	402000	3	0.4299
1953	118000	402000	8	0.2554
1954	122000	402000	8	0.2855
1955	126000	402000	5	0.226
1956	130000	402000	9	0.2577
1957	134000	402000	12	0.3024
1958	138000	402000	10	0.4321
1959	142000	402000	8	0.3938
1960	146000	402000	6	0.3711
1961	150000	402000	7	0.324
1962	154000	402000	7	0.369
1963	158000	402000	9	0.4219
1964	162000	402000	10	0.4667
1965	166000	402000	10	0.4768
1966	170000	402000	10	0.4258
1967	174000	402000	14	0.4304
1968	178000	402000	20	0.3544
1969	182000	402000	22	0.3679
1970	186000	402000	22	0.2905
1971	190000	402000	19	0.4264
1972	194000	402000	16	0.3757
1973	198000	402000	14	0.3188
1974	202000	402000	17	0.1337
1975	206000	402000	21	0.2646
1976	22000	398000	0	0.1159
1977	26000	398000	0	0.1741
1978	30000	398000	0	0.2173
1979	34000	398000	0	0.2277
1980	38000	398000	0	0.113
1981	42000	398000	0	0.0948
1982	46000	398000	0	0.1133
1983	50000	398000	0	0.1022
1984	54000	398000	0	0.0953
1985	58000	398000	0	0.0953
1986	62000	398000	0	0.1006
1987	66000	398000	-1	0.119
1988	70000	398000	-2	0.0982
1989	74000	398000	0	0.1691
1990	78000	398000	0	0.1422
1991	82000	398000	0	0.2859
1992	86000	398000	0	0.1854
1993	90000	398000	0	0.3559
1994	94000	398000	3	0.4452
1995	98000	398000	5	0.3836
1996	102000	398000	6	0.4859
1997	106000	398000	5	0.3976
1998	110000	398000	4	0.4241
1999	114000	398000	5	0.3753
2000	118000	398000	6	0.4315
2001	122000	398000	12	0.4118
2002	126000	398000	9	0.3621
2003	130000	398000	15	0.3302
2004	134000	398000	14	0.4642
2005	138000	398000	12	0.4292
2006	142000	398000	11	0.2891
2007	146000	398000	10	0.1301
2008	150000	398000	8	0.4151
2009	154000	398000	9	0.4154
2010	158000	398000	9	0.4239
2011	162000	398000	11	0.4102
2012	166000	398000	11	0.4263
2013	170000	398000	12	0.3943
2014	174000	398000	13	0.3949
2015	178000	398000	21	0.3937
2016	182000	398000	24	0.3476
2017	186000	398000	25	0.2801
2018	190000	398000	24	0.3199
2019	194000	398000	23	0.2874
2020	198000	398000	17	0.2923
2021	202000	398000	14	0.2224
2022	206000	398000	20	0.0825
2023	22000	394000	0	0.1317
2024	26000	394000	0	0.2147
2025	30000	394000	0	0.1956
2026	34000	394000	0	0.3614
2027	38000	394000	0	0.1023
2028	42000	394000	0	0.0916
2029	46000	394000	0	0.1118
2030	50000	394000	0	0.1972
2031	54000	394000	0	0.1189
2032	58000	394000	0	0.2054
2033	62000	394000	0	0.1061
2034	66000	394000	0	0.1008
2035	70000	394000	0	0.1182
2036	74000	394000	0	0.2533
2037	78000	394000	4	0.366
2038	82000	394000	2	0.4105
2039	86000	394000	3	0.4296
2040	90000	394000	5	0.4629
2041	94000	394000	7	0.4212
2042	98000	394000	11	0.383
2043	102000	394000	9	0.3978
2044	106000	394000	7	0.405
2045	110000	394000	6	0.3343
2046	114000	394000	6	0.3523
2047	118000	394000	11	0.2694
2048	122000	394000	16	0.2854
2049	126000	394000	14	0.4116
2050	130000	394000	15	0.3658
2051	134000	394000	15	0.3375
2052	138000	394000	14	0.2493
2053	142000	394000	10	0.3844
2054	146000	394000	10	0.3676
2055	150000	394000	12	0.3739
2056	154000	394000	13	0.3049
2057	158000	394000	13	0.4181
2058	162000	394000	13	0.364
2059	166000	394000	13	0.3585
2060	170000	394000	14	0.4238
2061	174000	394000	14	0.4206
2062	178000	394000	20	0.3462
2063	182000	394000	30	0.0687
2064	186000	394000	28	0.1271
2065	190000	394000	30	0.2225
2066	194000	394000	24	0.2625
2067	198000	394000	24	0.4029
2068	202000	394000	18	0.3386
2069	206000	394000	17	0.1917
2070	210000	394000	23	0.092
2071	26000	390000	0	0.1733
2072	30000	390000	0	0.309
2073	34000	390000	0	0.3778
2074	38000	390000	0	0.1987
2075	42000	390000	0	0.1104
2076	46000	390000	0	0.2588
2077	50000	390000	0	0.298
2078	54000	390000	0	0.2847
2079	58000	390000	-1	0.3334
2080	62000	390000	0	0.243
2081	74000	390000	0	0.1201
2082	78000	390000	3	0.4433
2083	82000	390000	10	0.2665
2084	86000	390000	8	0.4166
2085	90000	390000	7	0.4259
2086	94000	390000	11	0.2605
2087	98000	390000	12	0.2318
2088	102000	390000	10	0.3187
2089	106000	390000	8	0.4259
2090	110000	390000	6	0.3882
2091	114000	390000	9	0.2821
2092	118000	390000	12	0.4207
2093	122000	390000	23	0.2115
2094	126000	390000	22	0.342
2095	130000	390000	19	0.2203
2096	134000	390000	17	0.2243
2097	138000	390000	14	0.3567
2098	142000	390000	12	0.2956
2099	146000	390000	14	0.3592
2100	150000	390000	16	0.3863
2101	154000	390000	17	0.3668
2102	158000	390000	18	0.3156
2103	162000	390000	16	0.415
2104	166000	390000	15	0.401
2105	170000	390000	18	0.3168
2106	174000	390000	17	0.3815
2107	178000	390000	20	0.3225
2108	182000	390000	24	0.3692
2109	186000	390000	27	0.4114
2110	190000	390000	30	0.3542
2111	194000	390000	28	0.4101
2112	198000	390000	25	0.3766
2113	202000	390000	22	0.4062
2114	206000	390000	18	0.3172
2115	210000	390000	19	0.255
2116	214000	390000	32	0.1128
2117	26000	386000	0	0.1303
2118	30000	386000	0	0.3314
2119	34000	386000	0	0.1995
2120	38000	386000	2	0.441
2121	42000	386000	0	0.1803
2122	46000	386000	0	0.2475
2123	50000	386000	0	0.1645
2124	54000	386000	0	0.1332
2125	58000	386000	0	0.2209
2126	62000	386000	0	0.1607
2127	74000	386000	0	0.1934
2128	78000	386000	0	0.115
2129	82000	386000	18	0.1644
2130	86000	386000	13	0.1869
2131	90000	386000	12	0.3104
2132	94000	386000	13	0.3098
2133	98000	386000	12	0.3479
2134	102000	386000	10	0.4164
2135	106000	386000	10	0.3326
2136	110000	386000	9	0.3416
2137	114000	386000	13	0.2371
2138	118000	386000	16	0.4046
2139	122000	386000	22	0.3642
2140	126000	386000	23	0.3341
2141	130000	386000	23	0.2101
2142	134000	386000	26	0.0491
2143	138000	386000	18	0.393
2144	142000	386000	17	0.2507
2145	146000	386000	19	0.3034
2146	150000	386000	21	0.1843
2147	154000	386000	19	0.5027
2148	158000	386000	19	0.3611
2149	162000	386000	18	0.4304
2150	166000	386000	17	0.3964
2151	170000	386000	18	0.373
2152	174000	386000	18	0.4829
2153	178000	386000	22	0.349
2154	182000	386000	25	0.3883
2155	186000	386000	28	0.4238
2156	190000	386000	31	0.344
2157	194000	386000	30	0.3767
2158	198000	386000	27	0.2733
2159	202000	386000	24	0.3567
2160	206000	386000	23	0.1938
2161	210000	386000	20	0.2486
2162	214000	386000	31	0.1097
2163	26000	382000	0	0.1156
2164	30000	382000	0	0.108
2165	38000	382000	0	0.122
2166	42000	382000	0	0.1374
2167	46000	382000	0	0.2539
2168	50000	382000	0	0.1396
2169	54000	382000	0	0.0953
2170	58000	382000	0	0.0936
2171	62000	382000	0	0.0994
2172	66000	382000	0	0.1231
2173	70000	382000	0	0.1081
2174	74000	382000	0	0.1562
2175	78000	382000	0	0.1161
2176	82000	382000	19	0.3187
2177	86000	382000	18	0.2184
2178	98000	382000	13	0.1924
2179	102000	382000	12	0.272
2180	106000	382000	12	0.2204
2181	110000	382000	13	0.2483
2182	114000	382000	15	0.2864
2183	118000	382000	18	0.3336
2184	122000	382000	25	0.3342
2185	126000	382000	26	0.289
2186	130000	382000	27	0.2448
2187	134000	382000	28	0.0907
2188	138000	382000	27	0.1536
2189	142000	382000	24	0.2121
2190	146000	382000	23	0.3073
2191	150000	382000	25	0.2263
2192	154000	382000	22	0.4112
2193	158000	382000	19	0.469
2194	162000	382000	19	0.4176
2195	166000	382000	20	0.4225
2196	170000	382000	24	0.1638
2197	174000	382000	23	0.3134
2198	178000	382000	22	0.3873
2199	182000	382000	25	0.3621
2200	186000	382000	29	0.3917
2201	190000	382000	32	0.1071
2202	194000	382000	31	0.3742
2203	198000	382000	28	0.4126
2204	202000	382000	25	0.3783
2205	206000	382000	24	0.2855
2206	210000	382000	20	0.2677
2207	214000	382000	23	0.1574
2208	14000	378000	0	0.1033
2209	18000	378000	1	0.0983
2210	22000	378000	0	0.1172
2211	26000	378000	0	0.1204
2212	30000	378000	0	0.1126
2213	34000	378000	0	0.0947
2214	38000	378000	0	0.0937
2215	42000	378000	0	0.0953
2216	46000	378000	0	0.0953
2217	50000	378000	0	0.0953
2218	54000	378000	0	0.0953
2219	58000	378000	0	0.1343
2220	62000	378000	0	0.1076
2221	66000	378000	0	0.0953
2222	70000	378000	0	0.0953
2223	74000	378000	0	0.1447
2224	78000	378000	0	0.1893
2225	82000	378000	12	0.1226
2226	86000	378000	23	0.042
2227	122000	378000	24	0.2852
2228	134000	378000	33	0.1084
2229	138000	378000	27	0.395
2230	142000	378000	28	0.4305
2231	146000	378000	26	0.4188
2232	150000	378000	26	0.3763
2233	154000	378000	25	0.2788
2234	158000	378000	20	0.3874
2235	162000	378000	24	0.1338
2236	166000	378000	24	0.2557
2237	170000	378000	23	0.1602
2238	174000	378000	25	0.1893
2239	178000	378000	25	0.4206
2240	182000	378000	25	0.3499
2241	186000	378000	28	0.2881
2242	190000	378000	32	0.2596
2243	194000	378000	33	0.3264
2244	198000	378000	31	0.3667
2245	202000	378000	27	0.3475
2246	206000	378000	24	0.3633
2247	210000	378000	22	0.3977
2248	214000	378000	36	0.2169
2249	14000	374000	1	0.144
2250	18000	374000	0	0.0953
2251	22000	374000	0	0.1327
2252	26000	374000	0	0.1059
2253	30000	374000	0	0.0984
2254	34000	374000	0	0.0966
2255	38000	374000	0	0.1047
2256	42000	374000	0	0.3495
2257	46000	374000	0	0.2673
2258	50000	374000	0	0.1108
2259	54000	374000	0	0.0953
2260	58000	374000	0	0.1005
2261	62000	374000	0	0.0974
2262	66000	374000	0	0.0953
2263	70000	374000	2	0.0953
2264	74000	374000	1	0.1204
2265	82000	374000	4	0.2977
2266	86000	374000	13	0.2807
2267	138000	374000	30	0.3454
2268	142000	374000	31	0.3899
2269	146000	374000	30	0.3441
2270	150000	374000	29	0.4058
2271	154000	374000	28	0.2791
2272	158000	374000	24	0.3503
2273	162000	374000	26	0.236
2274	166000	374000	26	0.2666
2275	170000	374000	25	0.3595
2276	174000	374000	26	0.3264
2277	178000	374000	26	0.4292
2278	182000	374000	26	0.3595
2279	186000	374000	28	0.2257
2280	190000	374000	33	0.3706
2281	194000	374000	34	0.3945
2282	198000	374000	30	0.3861
2283	202000	374000	28	0.1532
2284	206000	374000	22	0.2477
2285	210000	374000	34	0.35
2286	214000	374000	44	0.1004
2287	14000	370000	0	0.1791
2288	18000	370000	0	0.094
2289	22000	370000	0	0.0851
2290	26000	370000	0	0.0953
2291	30000	370000	0	0.125
2292	34000	370000	0	0.1014
2293	38000	370000	0	0.0941
2294	42000	370000	0	0.1112
2295	46000	370000	0	0.3294
2296	50000	370000	0	0.1479
2297	54000	370000	0	0.1056
2298	58000	370000	0	0.1094
2299	62000	370000	0	0.0949
2300	66000	370000	0	0.0932
2301	70000	370000	1	0.0953
2302	138000	370000	28	0.2295
2303	142000	370000	39	0.0805
2304	146000	370000	40	0.024
2305	150000	370000	32	0.3402
2306	154000	370000	29	0.3263
2307	158000	370000	29	0.2116
2308	162000	370000	28	0.1921
2309	166000	370000	26	0.2976
2310	170000	370000	28	0.3202
2311	174000	370000	32	0.1798
2312	178000	370000	27	0.3461
2313	182000	370000	28	0.2878
2314	186000	370000	29	0.3682
2315	190000	370000	31	0.3231
2316	194000	370000	32	0.266
2317	198000	370000	34	0.2343
2318	202000	370000	28	0.1739
2319	206000	370000	24	0.4075
2320	210000	370000	50	0.1892
2321	18000	366000	0	0.2097
2322	22000	366000	0	0.118
2323	26000	366000	0	0.1753
2324	38000	366000	0	0.1448
2325	42000	366000	0	0.1366
2326	46000	366000	0	0.3026
2327	50000	366000	0	0.1831
2328	54000	366000	0	0.1139
2329	58000	366000	1	0.0911
2330	62000	366000	1	0.2478
2331	66000	366000	1	0.1953
2332	142000	366000	41	0.1273
2333	146000	366000	41	0.0474
2334	150000	366000	36	0.3345
2335	154000	366000	34	0.3195
2336	158000	366000	31	0.2394
2337	162000	366000	31	0.2353
2338	166000	366000	30	0.3193
2339	170000	366000	30	0.3617
2340	174000	366000	34	0.2121
2341	178000	366000	31	0.2496
2342	182000	366000	32	0.1815
2343	186000	366000	30	0.3116
2344	190000	366000	30	0.1542
2345	194000	366000	29	0.2269
2346	198000	366000	28	0.2224
2347	202000	366000	25	0.2501
2348	206000	366000	26	0.1983
2349	22000	362000	1	0.3508
2350	42000	362000	0	0.2257
2351	46000	362000	0	0.2184
2352	50000	362000	1	0.1675
2353	54000	362000	1	0.1918
2354	58000	362000	2	0.2454
2355	62000	362000	5	0.3225
2356	146000	362000	45	0.1426
2357	150000	362000	45	0.2564
2358	166000	362000	34	0.4036
2359	170000	362000	33	0.2568
2360	174000	362000	35	0.2865
2361	178000	362000	33	0.3224
2362	182000	362000	30	0.12
2363	186000	362000	29	0.4054
2364	190000	362000	29	0.3453
2365	194000	362000	28	0.1419
2366	198000	362000	20	0.1706
2367	202000	362000	26	0.1491
2368	46000	358000	3	0.328
2369	50000	358000	2	0.2936
2370	54000	358000	2	0.2245
2371	170000	358000	35	0.1659
2372	174000	358000	33	0.3238
2373	178000	358000	31	0.3731
2374	182000	358000	29	0.3781
2375	186000	358000	28	0.4316
2376	190000	358000	28	0.2802
2377	194000	358000	23	0.1866
2378	198000	358000	22	0.3508
2379	202000	358000	29	0.1277
2380	174000	354000	34	0.2726
2381	178000	354000	31	0.3329
2382	182000	354000	30	0.3501
2383	186000	354000	28	0.4135
2384	190000	354000	23	0.2954
2385	194000	354000	20	0.305
2386	198000	354000	24	0.2725
2387	202000	354000	30	0.1997
2388	206000	354000	66	0.0754
2389	210000	354000	83	0.0816
2390	186000	350000	23	0.2403
2391	190000	350000	26	0.2675
2392	194000	350000	28	0.1801
2393	198000	350000	29	0.1128
2394	202000	350000	29	0.196
2395	206000	350000	43	0.1344
2396	186000	346000	26	0.2568
2397	190000	346000	29	0.324
2398	194000	346000	29	0.3699
2399	198000	346000	37	0.2379
2400	202000	346000	33	0.2162
2401	182000	342000	30	0.2948
2402	186000	342000	28	0.4366
2403	190000	342000	32	0.3411
2404	194000	342000	50	0.1481
2405	182000	338000	32	0.3459
2406	186000	338000	35	0.3994
2407	190000	338000	39	0.2652
2408	194000	338000	55	0.1267
2409	182000	334000	47	0.3193
2410	186000	334000	56	0.424
2411	190000	334000	53	0.3039
2412	194000	334000	61	0.1214
2413	198000	334000	71	0.1621
2414	178000	330000	39	0.3687
2415	182000	330000	63	0.4917
2416	186000	330000	67	0.4382
2417	190000	330000	93	0.1766
2418	194000	330000	88	0.1676
2419	198000	330000	78	0.2659
2420	178000	326000	41	0.325
2421	182000	326000	104	0.4341
2422	186000	326000	115	0.4207
2423	190000	326000	90	0.3174
2424	194000	326000	92	0.4052
2425	198000	326000	106	0.167
2426	202000	326000	122	0.2251
2427	174000	322000	59	0.3548
2428	178000	322000	45	0.4081
2429	182000	322000	98	0.3757
2430	186000	322000	128	0.3974
2431	190000	322000	109	0.181
2432	194000	322000	93	0.3173
2433	198000	322000	134	0.3567
2434	202000	322000	132	0.3359
2435	174000	318000	71	0.3398
2436	178000	318000	50	0.445
2437	182000	318000	112	0.3036
2438	186000	318000	136	0.2747
2439	190000	318000	121	0.3404
2440	194000	318000	168	0.4283
2441	198000	318000	168	0.4288
2442	202000	318000	158	0.2702
2443	174000	314000	92	0.2054
2444	178000	314000	51	0.4082
2445	182000	314000	128	0.381
2446	186000	314000	164	0.4357
2447	190000	314000	135	0.3384
2448	194000	314000	134	0.2601
2449	198000	314000	177	0.3053
2450	178000	310000	57	0.4286
2451	182000	310000	130	0.3084
2452	186000	310000	178	0.3316
2453	190000	310000	183	0.2183
2454	194000	310000	162	0.0849
2455	198000	310000	196	0.1296
2456	178000	306000	77	0.3182
2457	186000	306000	200	0.2365
2458	190000	306000	209	0.2535
2459	194000	306000	178	0.322
2460	198000	306000	226	0.2015
