ID	XLAMB	YLAMB	ALT	BETA
1	226000	618000	0	0.0498343
2	230000	618000	0	0.0544927
3	234000	618000	0	0.0589641
4	206000	614000	0	0.0522992
5	210000	614000	0	0.0428444
6	214000	614000	0	0.0430791
7	218000	614000	0	0.0413451
8	174000	610000	0	0.0573751
9	178000	610000	0	0.0616388
10	182000	610000	0	0.0570339
11	186000	610000	0	0.0551335
12	190000	610000	0	0.0487267
13	206000	610000	0	0.0411588
14	210000	610000	0	0.0471479
15	242000	610000	0	0.0922429
16	246000	610000	0	0.0834187
17	250000	610000	0	0.107217
18	158000	606000	0	0.051717
19	162000	606000	0	0.0439778
20	166000	606000	0	0.058801
21	170000	606000	0	0.0651213
22	174000	606000	0	0.0913
23	178000	606000	0	0.063509
24	182000	606000	0	0.0853642
25	186000	606000	0	0.0638731
26	190000	606000	0	0.0613606
27	194000	606000	0	0.0634442
28	206000	606000	0	0.0599646
29	210000	606000	0	0.0634442
30	226000	606000	0	0.0681308
31	230000	606000	0	0.0753304
32	234000	606000	0	0.0886425
33	238000	606000	0	0.117368
34	242000	606000	0	0.126513
35	246000	606000	0	0.133603
36	250000	606000	0	0.197342
37	254000	606000	0	0.20043
38	142000	602000	0	0.0551697
39	146000	602000	0	0.0373889
40	150000	602000	2	0.0470598
41	154000	602000	1	0.0625101
42	158000	602000	0	0.0442594
43	186000	602000	0	0.0634442
44	190000	602000	0	0.0646454
45	194000	602000	0	0.0808804
46	198000	602000	0	0.0960037
47	202000	602000	0	0.0978608
48	206000	602000	0	0.0795106
49	210000	602000	0	0.0824146
50	214000	602000	0	0.109316
51	218000	602000	0	0.0916121
52	222000	602000	0	0.118973
53	226000	602000	0	0.125612
54	230000	602000	0	0.129062
55	234000	602000	0	0.135384
56	238000	602000	0	0.135581
57	242000	602000	0	0.134793
58	246000	602000	0	0.129006
59	250000	602000	0	0.133156
60	254000	602000	0	0.105847
61	142000	598000	2	0.0276792
62	146000	598000	0	0.0820658
63	150000	598000	0	0.0845149
64	182000	598000	0	0.066721
65	186000	598000	0	0.0960601
66	190000	598000	0	0.126212
67	194000	598000	0	0.129921
68	198000	598000	0	0.130435
69	202000	598000	0	0.129385
70	206000	598000	0	0.11044
71	210000	598000	0	0.0419057
72	214000	598000	0	0.10838
73	218000	598000	0	0.132945
74	222000	598000	0	0.134455
75	226000	598000	0	0.132969
76	230000	598000	0	0.132667
77	234000	598000	0	0.126368
78	238000	598000	0	0.133024
79	242000	598000	0	0.126368
80	246000	598000	0	0.127522
81	250000	598000	0	0.124108
82	254000	598000	0	0.120981
83	138000	594000	0	0.0634442
84	174000	594000	0	0.0709378
85	178000	594000	0	0.0925373
86	182000	594000	0	0.125016
87	186000	594000	0	0.130442
88	190000	594000	0	0.126368
89	194000	594000	0	0.187751
90	198000	594000	0	0.158839
91	202000	594000	0	0.126368
92	206000	594000	0	0.107814
93	210000	594000	0	0.0787034
94	214000	594000	0	0.100791
95	218000	594000	0	0.125549
96	222000	594000	0	0.125223
97	226000	594000	0	0.126704
98	230000	594000	0	0.147078
99	234000	594000	0	0.127214
100	238000	594000	-1	0.127994
101	242000	594000	0	0.130626
102	246000	594000	0	0.135029
103	250000	594000	0	0.126103
104	254000	594000	0	0.169966
105	258000	594000	0	0.318301
106	262000	594000	0	0.191344
107	130000	590000	0	0.0410797
108	134000	590000	0	0.0534305
109	138000	590000	0	0.0544436
110	170000	590000	0	0.1127
111	174000	590000	0	0.128092
112	178000	590000	0	0.126368
113	182000	590000	0	0.134402
114	186000	590000	0	0.12986
115	190000	590000	0	0.125361
116	194000	590000	0	0.139006
117	198000	590000	0	0.134844
118	202000	590000	0	0.129486
119	206000	590000	0	0.13834
120	210000	590000	0	0.126368
121	214000	590000	0	0.12633
122	218000	590000	0	0.150318
123	222000	590000	0	0.128816
124	226000	590000	0	0.128484
125	230000	590000	0	0.128895
126	234000	590000	0	0.139533
127	238000	590000	-1	0.134977
128	242000	590000	-1	0.13718
129	246000	590000	-1	0.121298
130	250000	590000	-1	0.107403
131	254000	590000	-2	0.120399
132	258000	590000	-2	0.128316
133	262000	590000	-2	0.156122
134	266000	590000	-1	0.127942
135	270000	590000	0	0.065674
136	126000	586000	0	0.0416558
137	166000	586000	0	0.112776
138	170000	586000	0	0.136595
139	174000	586000	0	0.156555
140	178000	586000	0	0.134741
141	182000	586000	0	0.141408
142	186000	586000	0	0.126368
143	190000	586000	0	0.133031
144	194000	586000	-1	0.121718
145	198000	586000	0	0.142339
146	202000	586000	1	0.131432
147	206000	586000	0	0.159865
148	210000	586000	0	0.127098
149	214000	586000	0	0.127652
150	218000	586000	0	0.15094
151	222000	586000	0	0.183645
152	226000	586000	0	0.13094
153	230000	586000	0	0.153861
154	234000	586000	0	0.145938
155	238000	586000	-1	0.124819
156	242000	586000	-1	0.122763
157	246000	586000	-1	0.121107
158	250000	586000	-2	0.120141
159	254000	586000	-2	0.134067
160	258000	586000	-3	0.125891
161	262000	586000	-2	0.129144
162	266000	586000	-1	0.124328
163	270000	586000	0	0.0885755
164	274000	586000	0	0.0700186
165	122000	582000	0	0.0296485
166	126000	582000	0	0.0532258
167	158000	582000	0	0.0731286
168	162000	582000	0	0.124811
169	166000	582000	0	0.132642
170	170000	582000	0	0.126665
171	174000	582000	0	0.140087
172	178000	582000	0	0.246292
173	182000	582000	0	0.202407
174	186000	582000	-1	0.128136
175	190000	582000	-1	0.118901
176	194000	582000	0	0.149821
177	198000	582000	0	0.152327
178	202000	582000	0	0.1578
179	206000	582000	0	0.129611
180	210000	582000	0	0.130699
181	214000	582000	0	0.140142
182	218000	582000	0	0.133845
183	222000	582000	0	0.125011
184	226000	582000	0	0.130696
185	230000	582000	0	0.275712
186	234000	582000	1	0.330878
187	238000	582000	0	0.290403
188	242000	582000	-1	0.103938
189	246000	582000	-1	0.0933643
190	250000	582000	-1	0.133262
191	254000	582000	-2	0.127165
192	258000	582000	-2	0.12371
193	262000	582000	-1	0.126539
194	266000	582000	0	0.131356
195	270000	582000	0	0.128274
196	274000	582000	-1	0.126514
197	278000	582000	0	0.124764
198	118000	578000	0	0.0560727
199	122000	578000	0	0.063354
200	158000	578000	0	0.231341
201	162000	578000	0	0.15343
202	166000	578000	0	0.219599
203	170000	578000	0	0.129758
204	174000	578000	0	0.131651
205	178000	578000	0	0.177971
206	182000	578000	0	0.284882
207	186000	578000	-1	0.250527
208	190000	578000	-1	0.125977
209	194000	578000	0	0.174909
210	198000	578000	0	0.129877
211	202000	578000	1	0.152971
212	206000	578000	0	0.188383
213	210000	578000	0	0.153533
214	214000	578000	0	0.131495
215	218000	578000	0	0.128377
216	222000	578000	0	0.186213
217	226000	578000	0	0.102806
218	230000	578000	0	0.130384
219	234000	578000	0	0.17161
220	238000	578000	0	0.190567
221	242000	578000	0	0.177105
222	246000	578000	0	0.209156
223	250000	578000	0	0.131309
224	254000	578000	0	0.172024
225	258000	578000	-1	0.137807
226	262000	578000	0	0.149313
227	266000	578000	-2	0.112951
228	270000	578000	-1	0.126154
229	274000	578000	-1	0.118969
230	278000	578000	-1	0.138601
231	118000	574000	0	0.0462984
232	122000	574000	0	0.0742479
233	158000	574000	0	0.146876
234	162000	574000	0	0.126368
235	166000	574000	0	0.128589
236	170000	574000	0	0.131484
237	174000	574000	0	0.126368
238	178000	574000	0	0.126368
239	182000	574000	0	0.142393
240	186000	574000	-1	0.146466
241	190000	574000	-1	0.11928
242	194000	574000	0	0.125829
243	198000	574000	0	0.122771
244	202000	574000	0	0.120619
245	206000	574000	2	0.126368
246	210000	574000	2	0.119382
247	214000	574000	1	0.168459
248	218000	574000	1	0.127712
249	222000	574000	2	0.177916
250	226000	574000	0	0.201227
251	230000	574000	0	0.139246
252	234000	574000	1	0.145573
253	238000	574000	2	0.142868
254	242000	574000	0	0.103572
255	246000	574000	0	0.166285
256	250000	574000	0	0.178734
257	254000	574000	0	0.154354
258	258000	574000	-1	0.13867
259	262000	574000	-1	0.135193
260	266000	574000	0	0.250465
261	270000	574000	-1	0.120216
262	274000	574000	-2	0.123158
263	114000	570000	0	0.053918
264	118000	570000	0	0.153736
265	122000	570000	0	0.101085
266	154000	570000	0	0.0834842
267	158000	570000	0	0.124641
268	162000	570000	0	0.132984
269	166000	570000	0	0.1268
270	170000	570000	0	0.134988
271	174000	570000	0	0.126368
272	178000	570000	0	0.130196
273	182000	570000	0	0.128899
274	186000	570000	-1	0.141402
275	190000	570000	0	0.0862238
276	194000	570000	0	0.107369
277	198000	570000	0	0.1532
278	202000	570000	1	0.326949
279	206000	570000	2	0.227404
280	210000	570000	2	0.126444
281	214000	570000	3	0.130856
282	218000	570000	3	0.127725
283	222000	570000	4	0.119391
284	226000	570000	3	0.109168
285	230000	570000	2	0.122709
286	234000	570000	3	0.194959
287	238000	570000	3	0.119678
288	242000	570000	0	0.116308
289	246000	570000	0	0.125323
290	250000	570000	0	0.120549
291	254000	570000	0	0.274089
292	258000	570000	0	0.151288
293	262000	570000	0	0.142234
294	266000	570000	-1	0.148272
295	270000	570000	-1	0.121328
296	274000	570000	0	0.130371
297	278000	570000	0	0.123687
298	110000	566000	0	0.0514255
299	114000	566000	0	0.0960354
300	118000	566000	0	0.119797
301	122000	566000	0	0.0931043
302	150000	566000	0	0.0634442
303	154000	566000	0	0.107999
304	158000	566000	0	0.127236
305	162000	566000	0	0.153902
306	166000	566000	0	0.138875
307	170000	566000	0	0.128872
308	174000	566000	0	0.127797
309	178000	566000	0	0.126368
310	182000	566000	0	0.132363
311	186000	566000	0	0.157474
312	190000	566000	0	0.121369
313	194000	566000	-1	0.123553
314	198000	566000	-1	0.133226
315	202000	566000	1	0.135051
316	206000	566000	1	0.138082
317	210000	566000	3	0.101568
318	214000	566000	5	0.103261
319	218000	566000	5	0.143931
320	222000	566000	5	0.117525
321	226000	566000	8	0.118098
322	230000	566000	7	0.10001
323	234000	566000	6	0.141085
324	238000	566000	6	0.134608
325	242000	566000	8	0.10574
326	246000	566000	0	0.122973
327	250000	566000	0	0.125536
328	254000	566000	0	0.165475
329	258000	566000	0	0.131662
330	262000	566000	0	0.157546
331	266000	566000	0	0.122695
332	270000	566000	0	0.129581
333	274000	566000	0	0.124331
334	278000	566000	0	0.139598
335	110000	562000	0	0.0422462
336	114000	562000	0	0.137136
337	118000	562000	0	0.135016
338	146000	562000	0	0.0634442
339	154000	562000	0	0.0634251
340	158000	562000	0	0.131181
341	162000	562000	0	0.146133
342	166000	562000	0	0.135897
343	170000	562000	0	0.188213
344	174000	562000	0	0.195032
345	178000	562000	-1	0.109105
346	182000	562000	0	0.120054
347	186000	562000	0	0.155173
348	190000	562000	0	0.126565
349	194000	562000	-1	0.12739
350	198000	562000	-1	0.125884
351	202000	562000	2	0.0812794
352	206000	562000	3	0.112615
353	210000	562000	4	0.120909
354	214000	562000	5	0.112868
355	218000	562000	5	0.112651
356	222000	562000	7	0.12366
357	226000	562000	9	0.137406
358	230000	562000	10	0.117945
359	234000	562000	10	0.159933
360	238000	562000	7	0.104822
361	242000	562000	10	0.0992825
362	246000	562000	9	0.103331
363	250000	562000	1	0.110945
364	254000	562000	2	0.130304
365	258000	562000	1	0.130653
366	262000	562000	1	0.131462
367	266000	562000	2	0.132855
368	270000	562000	0	0.117601
369	274000	562000	1	0.128814
370	278000	562000	1	0.127622
371	110000	558000	0	0.0336608
372	114000	558000	0	0.0879599
373	142000	558000	0	0.0915498
374	154000	558000	0	0.0636716
375	158000	558000	0	0.122207
376	162000	558000	0	0.123698
377	166000	558000	0	0.119367
378	170000	558000	0	0.136733
379	174000	558000	0	0.215445
380	178000	558000	0	0.114854
381	182000	558000	0	0.115995
382	186000	558000	0	0.125775
383	190000	558000	0	0.107582
384	194000	558000	-1	0.124414
385	198000	558000	-1	0.157225
386	202000	558000	0	0.155057
387	206000	558000	3	0.131734
388	210000	558000	3	0.126881
389	214000	558000	4	0.13926
390	218000	558000	6	0.123955
391	222000	558000	9	0.0596051
392	226000	558000	10	0.0756473
393	230000	558000	10	0.128287
394	234000	558000	11	0.297665
395	238000	558000	10	0.107871
396	242000	558000	11	0.100482
397	246000	558000	17	0.14289
398	250000	558000	2	0.114814
399	254000	558000	2	0.12359
400	258000	558000	3	0.127218
401	262000	558000	3	0.126335
402	266000	558000	2	0.126368
403	270000	558000	1	0.117084
404	274000	558000	2	0.127622
405	278000	558000	3	0.0882813
406	110000	554000	0	0.0954646
407	114000	554000	0	0.171036
408	138000	554000	0	0.0634442
409	158000	554000	0	0.150251
410	162000	554000	0	0.115698
411	166000	554000	0	0.113392
412	170000	554000	0	0.169325
413	174000	554000	0	0.11859
414	178000	554000	0	0.116508
415	182000	554000	0	0.191423
416	186000	554000	0	0.173581
417	190000	554000	0	0.344314
418	194000	554000	0	0.156051
419	198000	554000	0	0.126368
420	202000	554000	1	0.125029
421	206000	554000	2	0.101799
422	210000	554000	4	0.123636
423	214000	554000	5	0.128234
424	218000	554000	6	0.167462
425	222000	554000	9	0.0959476
426	226000	554000	10	0.130629
427	230000	554000	12	0.0793372
428	234000	554000	10	0.140665
429	238000	554000	12	0.114331
430	242000	554000	14	0.0982989
431	246000	554000	24	0.0415449
432	250000	554000	16	0.0976775
433	254000	554000	4	0.122366
434	258000	554000	4	0.14225
435	262000	554000	5	0.22392
436	266000	554000	4	0.123796
437	270000	554000	5	0.109731
438	274000	554000	4	0.113584
439	110000	550000	0	0.0942089
440	114000	550000	0	0.370563
441	126000	550000	0	0.0725973
442	130000	550000	0	0.109475
443	134000	550000	0	0.0636318
444	154000	550000	0	0.0658076
445	158000	550000	0	0.122047
446	162000	550000	0	0.108467
447	166000	550000	0	0.0916481
448	170000	550000	0	0.124146
449	174000	550000	0	0.120926
450	178000	550000	0	0.122425
451	182000	550000	0	0.129549
452	186000	550000	0	0.116229
453	190000	550000	0	0.151205
454	194000	550000	1	0.176916
455	198000	550000	0	0.113052
456	202000	550000	0	0.11583
457	206000	550000	2	0.117351
458	210000	550000	3	0.124076
459	214000	550000	7	0.088512
460	218000	550000	15	0.00655297
461	222000	550000	10	0.114654
462	226000	550000	12	0.123156
463	230000	550000	13	0.0826131
464	234000	550000	14	0.0818588
465	238000	550000	14	0.100602
466	242000	550000	17	0.0913246
467	246000	550000	17	0.0666146
468	250000	550000	16	0.126455
469	254000	550000	5	0.152948
470	258000	550000	6	0.157029
471	262000	550000	6	0.129166
472	266000	550000	7	0.199101
473	270000	550000	6	0.119382
474	274000	550000	7	0.117834
475	110000	546000	0	0.0970615
476	114000	546000	0	0.211529
477	118000	546000	0	0.101055
478	122000	546000	0	0.0719317
479	126000	546000	0	0.127043
480	130000	546000	0	0.101242
481	134000	546000	0	0.0594005
482	154000	546000	0	0.0882768
483	158000	546000	0	0.122816
484	162000	546000	0	0.108676
485	166000	546000	0	0.122629
486	170000	546000	0	0.108169
487	174000	546000	0	0.121485
488	178000	546000	0	0.125313
489	182000	546000	0	0.0782426
490	186000	546000	0	0.103394
491	190000	546000	0	0.119912
492	194000	546000	0	0.151099
493	198000	546000	0	0.149733
494	202000	546000	0	0.126361
495	206000	546000	2	0.134378
496	210000	546000	4	0.0955463
497	214000	546000	8	0.0414601
498	218000	546000	17	0.00802157
499	222000	546000	11	0.0812459
500	226000	546000	12	0.0946928
501	230000	546000	13	0.115304
502	234000	546000	14	0.101435
503	238000	546000	16	0.0694774
504	242000	546000	22	0.0436345
505	246000	546000	15	0.0884865
506	250000	546000	17	0.106278
507	254000	546000	19	0.0953566
508	258000	546000	7	0.126004
509	262000	546000	7	0.136263
510	266000	546000	8	0.183205
511	270000	546000	8	0.10792
512	110000	542000	0	0.0956366
513	114000	542000	0	0.162399
514	118000	542000	0	0.134726
515	122000	542000	0	0.110222
516	126000	542000	-1	0.122964
517	130000	542000	-3	0.137995
518	134000	542000	-3	0.117273
519	154000	542000	0	0.0901673
520	158000	542000	0	0.121992
521	162000	542000	0	0.10995
522	166000	542000	3	0.0773855
523	170000	542000	0	0.116653
524	174000	542000	0	0.12994
525	178000	542000	0	0.134165
526	182000	542000	-1	0.116591
527	186000	542000	0	0.120134
528	190000	542000	-1	0.113804
529	194000	542000	0	0.163952
530	198000	542000	0	0.134828
531	202000	542000	0	0.120926
532	206000	542000	3	0.105216
533	210000	542000	5	0.102957
534	214000	542000	6	0.107074
535	218000	542000	11	0.081631
536	222000	542000	9	0.108338
537	226000	542000	9	0.123616
538	230000	542000	12	0.179484
539	234000	542000	13	0.124281
540	238000	542000	15	0.131341
541	242000	542000	16	0.0971717
542	246000	542000	18	0.0970939
543	250000	542000	16	0.0731276
544	254000	542000	22	0.0952915
545	258000	542000	8	0.133054
546	262000	542000	9	0.138923
547	266000	542000	10	0.128237
548	270000	542000	10	0.142916
549	110000	538000	0	0.104471
550	114000	538000	0	0.133525
551	118000	538000	0	0.131079
552	122000	538000	-1	0.126915
553	126000	538000	-2	0.131007
554	130000	538000	-3	0.199706
555	134000	538000	-4	0.126368
556	138000	538000	0	0.0705373
557	166000	538000	0	0.0865601
558	170000	538000	0	0.0636824
559	174000	538000	0	0.0985687
560	178000	538000	-1	0.160894
561	182000	538000	0	0.12198
562	186000	538000	0	0.126368
563	190000	538000	0	0.0911729
564	194000	538000	0	0.150136
565	198000	538000	3	0.128797
566	202000	538000	8	0.103804
567	206000	538000	1	0.11397
568	210000	538000	1	0.124288
569	214000	538000	5	0.0900639
570	218000	538000	6	0.116974
571	222000	538000	10	0.0907106
572	226000	538000	16	0.0365672
573	230000	538000	13	0.104081
574	234000	538000	14	0.101758
575	238000	538000	14	0.123711
576	242000	538000	16	0.113412
577	246000	538000	17	0.0960723
578	250000	538000	17	0.0892627
579	254000	538000	18	0.110074
580	258000	538000	20	0.112133
581	262000	538000	11	0.128185
582	266000	538000	12	0.158253
583	270000	538000	12	0.135292
584	106000	534000	0	0.093253
585	110000	534000	0	0.115485
586	114000	534000	0	0.194065
587	118000	534000	0	0.132822
588	122000	534000	0	0.128594
589	126000	534000	-2	0.126368
590	130000	534000	-3	0.133163
591	134000	534000	-4	0.12603
592	170000	534000	0	0.0795598
593	174000	534000	-3	0.13132
594	178000	534000	-3	0.123591
595	182000	534000	0	0.0679236
596	186000	534000	0	0.117539
597	190000	534000	0	0.0910222
598	194000	534000	0	0.0647818
599	198000	534000	0	0.116961
600	202000	534000	0	0.191514
601	206000	534000	1	0.162775
602	210000	534000	6	0.098356
603	214000	534000	7	0.0850117
604	218000	534000	4	0.120127
605	222000	534000	9	0.0415226
606	226000	534000	11	0.0727582
607	230000	534000	12	0.129362
608	234000	534000	13	0.110101
609	238000	534000	15	0.0958913
610	242000	534000	15	0.093726
611	246000	534000	15	0.127
612	250000	534000	16	0.123317
613	254000	534000	16	0.119527
614	258000	534000	23	0.257193
615	262000	534000	14	0.115374
616	266000	534000	13	0.129533
617	270000	534000	14	0.129796
618	106000	530000	0	0.11497
619	110000	530000	0	0.13069
620	114000	530000	0	0.130705
621	118000	530000	0	0.129921
622	122000	530000	0	0.166602
623	126000	530000	-1	0.126368
624	130000	530000	-2	0.142763
625	134000	530000	-1	0.173278
626	138000	530000	0	0.0944644
627	142000	530000	0	0.0890616
628	146000	530000	0	0.111406
629	170000	530000	-3	0.109286
630	174000	530000	-3	0.129985
631	178000	530000	-3	0.131612
632	182000	530000	-2	0.122345
633	186000	530000	-2	0.123805
634	190000	530000	0	0.120432
635	194000	530000	0	0.088917
636	198000	530000	-1	0.11857
637	202000	530000	-1	0.105699
638	206000	530000	0	0.126631
639	210000	530000	0	0.118306
640	214000	530000	0	0.126035
641	218000	530000	1	0.141772
642	222000	530000	7	0.118177
643	226000	530000	11	0.102728
644	230000	530000	12	0.165719
645	234000	530000	13	0.103334
646	238000	530000	14	0.0936349
647	242000	530000	14	0.0784188
648	246000	530000	13	0.123717
649	250000	530000	13	0.122403
650	254000	530000	14	0.141166
651	258000	530000	18	0.289406
652	262000	530000	20	0.206448
653	266000	530000	15	0.125078
654	270000	530000	16	0.12162
655	106000	526000	3	0.0665593
656	110000	526000	0	0.16499
657	114000	526000	0	0.194868
658	118000	526000	0	0.137867
659	122000	526000	0	0.124507
660	126000	526000	0	0.172953
661	130000	526000	0	0.136821
662	134000	526000	-1	0.132826
663	138000	526000	-1	0.179867
664	142000	526000	-2	0.122495
665	146000	526000	-1	0.137248
666	150000	526000	0	0.0674376
667	170000	526000	-3	0.112145
668	174000	526000	-3	0.130177
669	178000	526000	-3	0.165164
670	182000	526000	-2	0.173798
671	186000	526000	-2	0.154892
672	190000	526000	-2	0.129376
673	194000	526000	0	0.128059
674	198000	526000	0	0.0820723
675	202000	526000	-1	0.111434
676	206000	526000	0	0.133334
677	210000	526000	0	0.202475
678	214000	526000	1	0.13621
679	218000	526000	1	0.126988
680	222000	526000	8	0.0646949
681	226000	526000	8	0.174007
682	230000	526000	11	0.322442
683	234000	526000	12	0.131817
684	238000	526000	13	0.150118
685	242000	526000	12	0.118818
686	246000	526000	12	0.136601
687	250000	526000	11	0.125432
688	254000	526000	13	0.141991
689	258000	526000	14	0.13953
690	262000	526000	18	0.149744
691	266000	526000	16	0.127081
692	106000	522000	11	0.00203927
693	110000	522000	0	0.127592
694	114000	522000	0	0.179192
695	118000	522000	0	0.261685
696	122000	522000	-1	0.158341
697	126000	522000	-1	0.133566
698	130000	522000	0	0.161009
699	134000	522000	-1	0.184968
700	138000	522000	0	0.162409
701	142000	522000	0	0.176141
702	146000	522000	0	0.202221
703	170000	522000	-1	0.0954222
704	174000	522000	-4	0.127539
705	178000	522000	-3	0.202942
706	182000	522000	-3	0.153061
707	186000	522000	-2	0.126132
708	190000	522000	-1	0.083238
709	194000	522000	0	0.144928
710	198000	522000	0	0.0802926
711	202000	522000	0	0.0755288
712	206000	522000	0	0.160713
713	210000	522000	0	0.204296
714	214000	522000	1	0.128845
715	218000	522000	2	0.132833
716	222000	522000	3	0.123586
717	226000	522000	10	0.121288
718	230000	522000	10	0.125894
719	234000	522000	11	0.113641
720	238000	522000	9	0.125065
721	242000	522000	9	0.120572
722	246000	522000	10	0.190577
723	250000	522000	9	0.120862
724	254000	522000	11	0.151291
725	258000	522000	13	0.127833
726	262000	522000	15	0.123225
727	266000	522000	17	0.0742718
728	102000	518000	0	0.0538988
729	106000	518000	4	0.0648063
730	110000	518000	0	0.197613
731	114000	518000	0	0.22624
732	118000	518000	-1	0.18006
733	122000	518000	-1	0.127761
734	126000	518000	-1	0.126445
735	130000	518000	-2	0.148383
736	134000	518000	0	0.245164
737	138000	518000	0	0.134241
738	142000	518000	0	0.126294
739	170000	518000	0	0.184844
740	174000	518000	-3	0.14053
741	178000	518000	-3	0.135801
742	182000	518000	-2	0.120469
743	186000	518000	-2	0.148139
744	190000	518000	-1	0.126233
745	194000	518000	-1	0.0911255
746	198000	518000	0	0.100267
747	202000	518000	0	0.127102
748	206000	518000	0	0.126758
749	210000	518000	0	0.193328
750	214000	518000	1	0.108963
751	218000	518000	2	0.117484
752	222000	518000	3	0.115871
753	226000	518000	7	0.119222
754	230000	518000	8	0.126368
755	234000	518000	9	0.131829
756	238000	518000	8	0.153919
757	242000	518000	8	0.134367
758	246000	518000	8	0.309869
759	250000	518000	10	0.124714
760	254000	518000	11	0.137264
761	258000	518000	12	0.127596
762	262000	518000	14	0.119621
763	266000	518000	15	0.130299
764	102000	514000	0	0.0608133
765	106000	514000	1	0.11708
766	110000	514000	2	0.188448
767	114000	514000	-2	0.242732
768	118000	514000	-3	0.130803
769	122000	514000	-2	0.13221
770	126000	514000	-2	0.159726
771	130000	514000	0	0.0995741
772	138000	514000	0	0.0756046
773	170000	514000	0	0.0726732
774	174000	514000	-1	0.0922312
775	178000	514000	-1	0.103157
776	182000	514000	-1	0.0933244
777	186000	514000	0	0.109862
778	190000	514000	0	0.104052
779	194000	514000	0	0.10662
780	198000	514000	0	0.15268
781	202000	514000	0	0.185303
782	206000	514000	0	0.126368
783	210000	514000	0	0.154873
784	214000	514000	1	0.10087
785	218000	514000	3	0.103901
786	222000	514000	4	0.117591
787	226000	514000	4	0.140252
788	230000	514000	5	0.179531
789	234000	514000	6	0.1255
790	238000	514000	7	0.124312
791	242000	514000	8	0.133923
792	246000	514000	9	0.127982
793	102000	510000	0	0.0378579
794	106000	510000	2	0.0974784
795	110000	510000	0	0.142997
796	114000	510000	-2	0.125651
797	118000	510000	-1	0.129383
798	122000	510000	-3	0.126368
799	126000	510000	-2	0.126377
800	130000	510000	0	0.114459
801	166000	510000	-3	0.102439
802	170000	510000	-3	0.117709
803	174000	510000	-3	0.159477
804	178000	510000	-3	0.114124
805	182000	510000	-1	0.0661325
806	186000	510000	0	0.154209
807	190000	510000	0	0.253876
808	194000	510000	0	0.138099
809	198000	510000	0	0.126368
810	202000	510000	0	0.181473
811	206000	510000	0	0.126792
812	210000	510000	0	0.128558
813	214000	510000	1	0.160109
814	218000	510000	2	0.132596
815	222000	510000	4	0.119059
816	226000	510000	5	0.122565
817	230000	510000	5	0.123812
818	234000	510000	7	0.0948355
819	238000	510000	8	0.255705
820	242000	510000	9	0.142267
821	246000	510000	10	0.126368
822	102000	506000	4	0.0580069
823	106000	506000	2	0.1253
824	110000	506000	0	0.133375
825	114000	506000	0	0.11678
826	118000	506000	-2	0.134946
827	122000	506000	-3	0.13534
828	126000	506000	-2	0.127344
829	130000	506000	-1	0.125789
830	158000	506000	0	0.105336
831	162000	506000	0	0.12495
832	166000	506000	-3	0.225104
833	170000	506000	-4	0.134721
834	174000	506000	-4	0.139008
835	178000	506000	-3	0.237617
836	182000	506000	-3	0.116105
837	186000	506000	0	0.0744863
838	190000	506000	0	0.21743
839	194000	506000	0	0.148954
840	198000	506000	0	0.136449
841	202000	506000	0	0.172717
842	206000	506000	0	0.171141
843	210000	506000	0	0.177997
844	214000	506000	1	0.123019
845	218000	506000	3	0.123442
846	222000	506000	5	0.099491
847	226000	506000	6	0.145597
848	230000	506000	7	0.0800181
849	234000	506000	9	0.0693222
850	238000	506000	7	0.130613
851	242000	506000	11	0.134405
852	246000	506000	26	0.0657634
853	102000	502000	9	0.172321
854	106000	502000	3	0.210089
855	110000	502000	0	0.169094
856	114000	502000	0	0.26684
857	118000	502000	0	0.132096
858	122000	502000	-2	0.131077
859	126000	502000	0	0.224488
860	130000	502000	-2	0.191906
861	134000	502000	0	0.154329
862	158000	502000	-1	0.250853
863	162000	502000	-1	0.211655
864	166000	502000	-3	0.110098
865	170000	502000	-4	0.122201
866	174000	502000	-3	0.119976
867	178000	502000	-3	0.13977
868	182000	502000	-3	0.126368
869	186000	502000	0	0.0825274
870	190000	502000	0	0.129171
871	194000	502000	0	0.12149
872	198000	502000	0	0.142991
873	202000	502000	2	0.295383
874	206000	502000	1	0.283908
875	210000	502000	1	0.117926
876	214000	502000	4	0.1568
877	218000	502000	6	0.0851601
878	222000	502000	7	0.0898476
879	226000	502000	11	0.0701999
880	230000	502000	13	0.0334789
881	234000	502000	6	0.100449
882	238000	502000	7	0.127457
883	242000	502000	14	0.121349
884	246000	502000	23	0.11965
885	98000	498000	0	0.112664
886	102000	498000	8	0.420924
887	106000	498000	1	0.340904
888	110000	498000	-1	0.140079
889	114000	498000	0	0.169089
890	118000	498000	0	0.132127
891	122000	498000	0	0.109332
892	126000	498000	-1	0.117688
893	130000	498000	0	0.140587
894	134000	498000	0	0.0771245
895	138000	498000	0	0.0692646
896	150000	498000	0	0.0634442
897	154000	498000	-3	0.0609403
898	158000	498000	-1	0.0436496
899	162000	498000	-4	0.189649
900	166000	498000	-4	0.129298
901	170000	498000	-4	0.126079
902	174000	498000	-3	0.134033
903	178000	498000	-3	0.170821
904	182000	498000	-2	0.121842
905	186000	498000	0	0.13703
906	190000	498000	0	0.128976
907	194000	498000	1	0.12691
908	198000	498000	7	0.14417
909	202000	498000	3	0.158701
910	206000	498000	0	0.151271
911	210000	498000	1	0.119125
912	214000	498000	2	0.097902
913	218000	498000	4	0.100627
914	222000	498000	5	0.0940388
915	226000	498000	8	0.0921956
916	230000	498000	6	0.134804
917	234000	498000	7	0.164564
918	238000	498000	8	0.139753
919	242000	498000	12	0.101394
920	246000	498000	17	0.121578
921	250000	498000	24	0.12581
922	254000	498000	48	0.0804052
923	262000	498000	20	0.12609
924	98000	494000	0	0.0409487
925	102000	494000	11	0.0462075
926	106000	494000	1	0.136936
927	110000	494000	0	0.100931
928	114000	494000	0	0.326596
929	118000	494000	1	0.304301
930	122000	494000	0	0.166035
931	126000	494000	-1	0.126513
932	130000	494000	0	0.163665
933	134000	494000	0	0.0795037
934	138000	494000	0	0.0634753
935	142000	494000	0	0.0634442
936	146000	494000	0	0.0764532
937	150000	494000	-3	0.0407157
938	154000	494000	-3	0.0290354
939	158000	494000	-3	0.0795528
940	162000	494000	-3	0.119207
941	166000	494000	-4	0.102957
942	170000	494000	-3	0.12202
943	174000	494000	-3	0.116598
944	178000	494000	-2	0.0798366
945	182000	494000	0	0.0635705
946	186000	494000	1	0.161087
947	190000	494000	6	0.109471
948	194000	494000	17	0.0326249
949	198000	494000	37	0.0513943
950	202000	494000	5	0.115215
951	206000	494000	1	0.11883
952	210000	494000	1	0.131478
953	214000	494000	4	0.142751
954	218000	494000	5	0.139959
955	222000	494000	6	0.126211
956	226000	494000	6	0.119548
957	230000	494000	6	0.126368
958	234000	494000	8	0.127944
959	238000	494000	8	0.149238
960	242000	494000	10	0.126342
961	246000	494000	14	0.135254
962	250000	494000	22	0.131585
963	254000	494000	45	0.114837
964	258000	494000	39	0.125909
965	262000	494000	20	0.126368
966	266000	494000	22	0.181009
967	98000	490000	5	0.0352559
968	102000	490000	9	0.114048
969	106000	490000	0	0.275582
970	110000	490000	0	0.221368
971	114000	490000	0	0.470513
972	118000	490000	2	0.474577
973	122000	490000	2	0.331584
974	126000	490000	0	0.175514
975	130000	490000	0	0.103937
976	134000	490000	0	0.0642232
977	138000	490000	0	0.0672707
978	142000	490000	-2	0.110792
979	146000	490000	-2	0.27095
980	150000	490000	-3	0.173194
981	154000	490000	-4	0.115716
982	158000	490000	-3	0.126368
983	162000	490000	-3	0.106838
984	166000	490000	-3	0.123272
985	170000	490000	-2	0.0807783
986	174000	490000	-1	0.0697662
987	178000	490000	-1	0.0785762
988	182000	490000	2	0.139988
989	186000	490000	12	0.0560969
990	190000	490000	25	0.0661219
991	194000	490000	35	0
992	198000	490000	19	0.103566
993	202000	490000	2	0.127525
994	206000	490000	2	0.143365
995	210000	490000	2	0.126368
996	214000	490000	4	0.161322
997	218000	490000	5	0.173622
998	222000	490000	7	0.124414
999	226000	490000	17	0.0685593
1000	230000	490000	8	0.121411
1001	234000	490000	9	0.112428
1002	238000	490000	9	0.221647
1003	242000	490000	9	0.162891
1004	246000	490000	13	0.125852
1005	250000	490000	18	0.149226
1006	254000	490000	24	0.121894
1007	258000	490000	24	0.1216
1008	262000	490000	22	0.100473
1009	266000	490000	24	0.157623
1010	270000	490000	27	0.14471
1011	94000	486000	0	0.0557205
1012	98000	486000	9	0.0402823
1013	102000	486000	4	0.170645
1014	106000	486000	0	0.191156
1015	110000	486000	-4	0.232853
1016	114000	486000	0	0.216189
1017	118000	486000	3	0.237628
1018	122000	486000	5	0.323213
1019	126000	486000	0	0.278424
1020	130000	486000	0	0.0847366
1021	134000	486000	0	0.0634442
1022	138000	486000	0	0.0935797
1023	142000	486000	-1	0.272451
1024	146000	486000	-2	0.211174
1025	150000	486000	-4	0.129962
1026	154000	486000	-4	0.126368
1027	158000	486000	-4	0.150028
1028	162000	486000	-3	0.237509
1029	166000	486000	-2	0.104653
1030	170000	486000	-1	0.147711
1031	174000	486000	1	0.184212
1032	178000	486000	6	0.0924009
1033	182000	486000	18	0.0946047
1034	186000	486000	26	0.000731936
1035	190000	486000	36	0.00932728
1036	194000	486000	25	0.0855703
1037	198000	486000	8	0.135152
1038	202000	486000	2	0.109633
1039	206000	486000	2	0.124306
1040	210000	486000	3	0.121481
1041	214000	486000	4	0.139068
1042	218000	486000	8	0.114347
1043	222000	486000	9	0.108685
1044	226000	486000	29	0.0351306
1045	230000	486000	10	0.208209
1046	234000	486000	10	0.113582
1047	238000	486000	11	0.302449
1048	242000	486000	12	0.295427
1049	246000	486000	12	0.125642
1050	250000	486000	13	0.132314
1051	254000	486000	16	0.130386
1052	258000	486000	22	0.126711
1053	262000	486000	30	0.104796
1054	266000	486000	29	0.103616
1055	270000	486000	29	0.10553
1056	94000	482000	6	0.0281209
1057	98000	482000	7	0.0408269
1058	102000	482000	0	0.16148
1059	106000	482000	-2	0.169757
1060	110000	482000	-3	0.358506
1061	114000	482000	-1	0.445785
1062	118000	482000	1	0.160111
1063	122000	482000	0	0.258497
1064	126000	482000	1	0.268341
1065	130000	482000	0	0.206366
1066	134000	482000	0	0.144066
1067	138000	482000	0	0.171108
1068	142000	482000	-1	0.128564
1069	146000	482000	-1	0.101971
1070	150000	482000	-2	0.0878973
1071	154000	482000	-3	0.12288
1072	158000	482000	-3	0.0869868
1073	162000	482000	0	0.0206429
1074	166000	482000	-1	0.151587
1075	170000	482000	4	0.223877
1076	174000	482000	16	0.0651973
1077	178000	482000	24	0.000189255
1078	182000	482000	31	0.0278309
1079	186000	482000	42	0.0146551
1080	190000	482000	33	0.0249464
1081	194000	482000	15	0.120389
1082	198000	482000	5	0.128447
1083	202000	482000	2	0.126299
1084	206000	482000	4	0.119084
1085	210000	482000	5	0.113526
1086	214000	482000	6	0.122744
1087	218000	482000	8	0.126627
1088	222000	482000	13	0.0875371
1089	226000	482000	41	0.00170709
1090	230000	482000	10	0.217045
1091	234000	482000	10	0.160958
1092	238000	482000	9	0.129366
1093	242000	482000	11	0.191358
1094	246000	482000	13	0.16974
1095	250000	482000	14	0.134491
1096	254000	482000	19	0.1313
1097	258000	482000	31	0.177434
1098	262000	482000	56	0.150815
1099	266000	482000	33	0.119616
1100	94000	478000	3	0.10679
1101	98000	478000	0	0.143439
1102	102000	478000	-4	0.190808
1103	106000	478000	-3	0.235235
1104	110000	478000	-3	0.392273
1105	114000	478000	-2	0.41143
1106	118000	478000	-1	0.217793
1107	122000	478000	-1	0.16165
1108	126000	478000	0	0.287837
1109	130000	478000	0	0.152598
1110	134000	478000	0	0.0930745
1111	138000	478000	1	0.169111
1112	142000	478000	9	0.0923133
1113	146000	478000	3	0.227587
1114	150000	478000	-1	0.0824429
1115	154000	478000	-3	0.118462
1116	158000	478000	-3	0.107421
1117	162000	478000	-1	0.0318432
1118	166000	478000	1	0.0813461
1119	170000	478000	14	0.129274
1120	174000	478000	32	0.0182175
1121	178000	478000	25	0.054458
1122	182000	478000	33	0.0578283
1123	186000	478000	65	0
1124	190000	478000	40	0.0142163
1125	194000	478000	15	0.145716
1126	198000	478000	3	0.146411
1127	202000	478000	3	0.143251
1128	206000	478000	6	0.142849
1129	210000	478000	6	0.109953
1130	214000	478000	7	0.118763
1131	218000	478000	9	0.112815
1132	222000	478000	10	0.130909
1133	226000	478000	21	0.102827
1134	230000	478000	16	0.0974073
1135	234000	478000	14	0.132829
1136	238000	478000	10	0.139269
1137	242000	478000	13	0.0949383
1138	246000	478000	19	0.106362
1139	250000	478000	16	0.290218
1140	254000	478000	23	0.155091
1141	258000	478000	35	0.319657
1142	262000	478000	51	0.10871
1143	266000	478000	36	0.128349
1144	90000	474000	0	0.105232
1145	94000	474000	0	0.169506
1146	98000	474000	0	0.164549
1147	102000	474000	-3	0.170642
1148	106000	474000	-3	0.174155
1149	110000	474000	-1	0.113868
1150	114000	474000	-2	0.237907
1151	118000	474000	-3	0.183285
1152	122000	474000	-2	0.118206
1153	126000	474000	-1	0.114585
1154	130000	474000	0	0.129717
1155	134000	474000	0	0.0948481
1156	138000	474000	4	0.148146
1157	142000	474000	13	0.124145
1158	146000	474000	2	0.178383
1159	150000	474000	0	0.125694
1160	154000	474000	0	0.131932
1161	158000	474000	0	0.0625426
1162	162000	474000	0	0.142168
1163	166000	474000	3	0.125866
1164	170000	474000	18	0.141897
1165	174000	474000	50	0.000866456
1166	178000	474000	31	0.0344398
1167	182000	474000	34	0.0641974
1168	186000	474000	75	0
1169	190000	474000	52	0.00677101
1170	194000	474000	15	0.182378
1171	198000	474000	4	0.169808
1172	202000	474000	4	0.160716
1173	206000	474000	5	0.160895
1174	210000	474000	7	0.384002
1175	214000	474000	8	0.149325
1176	218000	474000	10	0.118029
1177	222000	474000	10	0.126368
1178	226000	474000	11	0.117108
1179	230000	474000	17	0.125855
1180	234000	474000	14	0.112518
1181	238000	474000	11	0.215626
1182	242000	474000	13	0.119462
1183	246000	474000	18	0.12275
1184	250000	474000	19	0.376954
1185	254000	474000	28	0.238838
1186	258000	474000	42	0.160949
1187	262000	474000	45	0.113135
1188	266000	474000	37	0.170311
1189	270000	474000	39	0.0916361
1190	90000	470000	1	0.221756
1191	94000	470000	0	0.192744
1192	98000	470000	0	0.121379
1193	102000	470000	-3	0.167167
1194	106000	470000	-3	0.138273
1195	110000	470000	-3	0.12909
1196	114000	470000	-2	0.130469
1197	118000	470000	-3	0.188381
1198	122000	470000	-4	0.1999
1199	126000	470000	-1	0.108156
1200	130000	470000	0	0.116866
1201	134000	470000	0	0.0919588
1202	138000	470000	4	0.18496
1203	142000	470000	9	0.159391
1204	146000	470000	7	0.146164
1205	150000	470000	0	0.161363
1206	154000	470000	0	0.196657
1207	158000	470000	0	0.142358
1208	162000	470000	2	0.230796
1209	166000	470000	9	0.10433
1210	170000	470000	15	0.0874671
1211	174000	470000	30	0.0221709
1212	178000	470000	36	0.100072
1213	182000	470000	37	0.0319252
1214	186000	470000	67	0.00769144
1215	190000	470000	68	0.0134354
1216	194000	470000	19	0.255677
1217	198000	470000	8	0.202126
1218	202000	470000	5	0.148289
1219	206000	470000	6	0.130425
1220	210000	470000	6	0.11123
1221	214000	470000	8	0.104976
1222	218000	470000	10	0.119056
1223	222000	470000	11	0.116707
1224	226000	470000	12	0.120954
1225	230000	470000	13	0.121414
1226	234000	470000	13	0.110795
1227	238000	470000	14	0.126643
1228	242000	470000	16	0.139506
1229	246000	470000	21	0.0946513
1230	250000	470000	25	0.111352
1231	254000	470000	30	0.316523
1232	258000	470000	42	0.262663
1233	262000	470000	42	0.196584
1234	86000	466000	8	0.0420838
1235	90000	466000	0	0.322183
1236	94000	466000	1	0.267552
1237	98000	466000	-1	0.154327
1238	102000	466000	-1	0.157346
1239	106000	466000	-3	0.119857
1240	110000	466000	-2	0.129369
1241	114000	466000	-4	0.142372
1242	118000	466000	-2	0.121247
1243	122000	466000	-1	0.131388
1244	126000	466000	0	0.163625
1245	130000	466000	0	0.114215
1246	134000	466000	-1	0.0682694
1247	138000	466000	0	0.131332
1248	142000	466000	11	0.0306264
1249	146000	466000	11	0.116223
1250	150000	466000	1	0.157092
1251	154000	466000	2	0.270858
1252	158000	466000	3	0.285075
1253	162000	466000	4	0.148303
1254	166000	466000	9	0.128642
1255	170000	466000	14	0.190829
1256	174000	466000	17	0.105368
1257	178000	466000	26	0.0400149
1258	182000	466000	35	0.011069
1259	186000	466000	60	0.00357445
1260	190000	466000	56	0.0334459
1261	194000	466000	24	0.284256
1262	198000	466000	10	0.210642
1263	202000	466000	7	0.112929
1264	206000	466000	7	0.108658
1265	210000	466000	6	0.103023
1266	214000	466000	10	0.106972
1267	218000	466000	10	0.117566
1268	222000	466000	11	0.152046
1269	226000	466000	13	0.161952
1270	230000	466000	12	0.124124
1271	234000	466000	14	0.117546
1272	238000	466000	16	0.123219
1273	242000	466000	17	0.12475
1274	246000	466000	22	0.172319
1275	250000	466000	28	0.127068
1276	254000	466000	33	0.100609
1277	258000	466000	43	0.138215
1278	262000	466000	44	0.0978105
1279	82000	462000	0	0.0327493
1280	86000	462000	8	0.0840151
1281	90000	462000	0	0.184043
1282	94000	462000	0	0.289955
1283	98000	462000	0	0.240241
1284	102000	462000	0	0.250117
1285	106000	462000	0	0.217077
1286	110000	462000	-3	0.130406
1287	114000	462000	-1	0.128199
1288	118000	462000	-1	0.108133
1289	122000	462000	0	0.126417
1290	126000	462000	0	0.135425
1291	130000	462000	0	0.173599
1292	134000	462000	0	0.119233
1293	138000	462000	0	0.126094
1294	142000	462000	9	0.121194
1295	146000	462000	13	0.151071
1296	150000	462000	15	0.0616173
1297	154000	462000	11	0.217125
1298	158000	462000	3	0.226351
1299	162000	462000	4	0.129791
1300	166000	462000	8	0.135313
1301	170000	462000	12	0.212302
1302	174000	462000	14	0.131349
1303	178000	462000	21	0.0944185
1304	182000	462000	34	0.0138018
1305	186000	462000	47	0
1306	190000	462000	86	0.00101475
1307	194000	462000	53	0.0317987
1308	198000	462000	20	0.0792334
1309	202000	462000	9	0.124084
1310	206000	462000	7	0.123087
1311	210000	462000	7	0.251818
1312	214000	462000	9	0.161024
1313	218000	462000	14	0.0700897
1314	222000	462000	14	0.0825265
1315	226000	462000	15	0.121731
1316	230000	462000	13	0.126242
1317	234000	462000	15	0.137851
1318	238000	462000	19	0.15447
1319	242000	462000	20	0.13171
1320	246000	462000	27	0.134604
1321	250000	462000	32	0.0945793
1322	254000	462000	35	0.108676
1323	258000	462000	43	0.138436
1324	78000	458000	0	0.148082
1325	82000	458000	7	0.104946
1326	86000	458000	1	0.161193
1327	90000	458000	0	0.136208
1328	94000	458000	-1	0.132637
1329	98000	458000	-1	0.129378
1330	102000	458000	-1	0.161232
1331	106000	458000	-1	0.172051
1332	110000	458000	-1	0.140653
1333	114000	458000	-1	0.121479
1334	118000	458000	-1	0.130883
1335	122000	458000	0	0.135466
1336	126000	458000	0	0.135594
1337	130000	458000	0	0.290998
1338	134000	458000	2	0.396419
1339	138000	458000	3	0.201012
1340	142000	458000	6	0.1683
1341	146000	458000	14	0.115802
1342	150000	458000	27	0.182953
1343	154000	458000	15	0.0202448
1344	158000	458000	3	0.165233
1345	162000	458000	5	0.12605
1346	166000	458000	8	0.129547
1347	170000	458000	11	0.128127
1348	174000	458000	17	0.0799177
1349	178000	458000	21	0.111016
1350	182000	458000	31	0.0537703
1351	186000	458000	47	0
1352	190000	458000	70	0.0273123
1353	194000	458000	77	0.0307665
1354	198000	458000	40	0.0586396
1355	202000	458000	15	0.163406
1356	206000	458000	9	0.116608
1357	210000	458000	7	0.14307
1358	214000	458000	8	0.143062
1359	218000	458000	13	0.143247
1360	222000	458000	15	0.097419
1361	226000	458000	15	0.124099
1362	230000	458000	16	0.129864
1363	234000	458000	16	0.162899
1364	238000	458000	18	0.126368
1365	242000	458000	24	0.25423
1366	246000	458000	26	0.12349
1367	250000	458000	32	0.122271
1368	74000	454000	0	0.0654593
1369	78000	454000	4	0.213983
1370	82000	454000	3	0.303695
1371	86000	454000	0	0.314984
1372	90000	454000	-4	0.12512
1373	94000	454000	-1	0.222789
1374	98000	454000	-4	0.15019
1375	102000	454000	-4	0.164015
1376	106000	454000	-1	0.132517
1377	110000	454000	-1	0.178233
1378	114000	454000	0	0.148488
1379	118000	454000	0	0.197638
1380	122000	454000	0	0.222355
1381	126000	454000	0	0.165861
1382	130000	454000	0	0.203061
1383	134000	454000	2	0.376626
1384	138000	454000	4	0.245893
1385	142000	454000	3	0.233838
1386	146000	454000	9	0.132934
1387	150000	454000	21	0.0225278
1388	154000	454000	14	0.0706265
1389	158000	454000	4	0.171466
1390	162000	454000	6	0.155716
1391	166000	454000	8	0.147435
1392	170000	454000	10	0.141424
1393	174000	454000	33	0.0609562
1394	178000	454000	34	0.0214401
1395	182000	454000	33	0.000606013
1396	186000	454000	42	0.00738869
1397	190000	454000	72	0.115318
1398	194000	454000	84	0.00593063
1399	198000	454000	61	0.000693089
1400	202000	454000	30	0.0686033
1401	206000	454000	10	0.129972
1402	210000	454000	7	0.131073
1403	214000	454000	8	0.12383
1404	218000	454000	12	0.125475
1405	222000	454000	15	0.110409
1406	226000	454000	18	0.0995918
1407	230000	454000	17	0.133645
1408	234000	454000	17	0.125999
1409	238000	454000	19	0.156496
1410	242000	454000	29	0.134571
1411	246000	454000	29	0.126366
1412	70000	450000	0	0.0863401
1413	74000	450000	0	0.12291
1414	78000	450000	0	0.228494
1415	82000	450000	1	0.259051
1416	86000	450000	-1	0.214283
1417	90000	450000	-2	0.148993
1418	94000	450000	-3	0.238666
1419	98000	450000	-3	0.191524
1420	102000	450000	-4	0.149494
1421	106000	450000	-1	0.246523
1422	110000	450000	0	0.129382
1423	114000	450000	-1	0.124129
1424	118000	450000	0	0.157017
1425	122000	450000	0	0.141607
1426	126000	450000	0	0.156125
1427	130000	450000	0	0.149002
1428	134000	450000	2	0.280089
1429	138000	450000	2	0.295979
1430	142000	450000	2	0.154976
1431	146000	450000	2	0.156067
1432	150000	450000	10	0.104417
1433	154000	450000	23	0.0344487
1434	158000	450000	14	0.0489462
1435	162000	450000	8	0.0999411
1436	166000	450000	7	0.246553
1437	170000	450000	8	0.306888
1438	174000	450000	21	0.240619
1439	178000	450000	30	0.0181523
1440	182000	450000	36	0.00854416
1441	186000	450000	43	0.0500039
1442	190000	450000	49	0.142056
1443	194000	450000	72	0.00078934
1444	198000	450000	83	0.000803355
1445	202000	450000	42	0.0645178
1446	206000	450000	8	0.139257
1447	210000	450000	8	0.122762
1448	214000	450000	9	0.126339
1449	218000	450000	13	0.152492
1450	222000	450000	17	0.091299
1451	226000	450000	16	0.114327
1452	230000	450000	16	0.126368
1453	234000	450000	18	0.126368
1454	238000	450000	22	0.165648
1455	242000	450000	29	0.122605
1456	246000	450000	34	0.116737
1457	250000	450000	36	0.167494
1458	62000	446000	0	0.114648
1459	66000	446000	0	0.0600676
1460	70000	446000	1	0.135637
1461	74000	446000	0	0.205189
1462	78000	446000	0	0.161133
1463	82000	446000	0	0.252411
1464	86000	446000	0	0.308434
1465	90000	446000	-2	0.172957
1466	94000	446000	-4	0.172838
1467	98000	446000	-4	0.146438
1468	102000	446000	-5	0.179528
1469	106000	446000	-2	0.222929
1470	110000	446000	0	0.167801
1471	114000	446000	-1	0.139363
1472	118000	446000	-1	0.138251
1473	122000	446000	0	0.132244
1474	126000	446000	0	0.162478
1475	130000	446000	0	0.160054
1476	134000	446000	2	0.23222
1477	138000	446000	0	0.170566
1478	142000	446000	1	0.149994
1479	146000	446000	2	0.125362
1480	150000	446000	3	0.12928
1481	154000	446000	4	0.114559
1482	158000	446000	7	0.108408
1483	162000	446000	25	0.0592572
1484	166000	446000	10	0.17451
1485	170000	446000	6	0.134555
1486	174000	446000	14	0.176691
1487	178000	446000	34	0.0359358
1488	182000	446000	31	0.11818
1489	186000	446000	45	0.0676113
1490	190000	446000	56	0.157133
1491	194000	446000	40	0.158712
1492	198000	446000	13	0.13344
1493	202000	446000	8	0.141066
1494	206000	446000	9	0.160464
1495	210000	446000	10	0.115724
1496	214000	446000	11	0.10599
1497	218000	446000	12	0.12543
1498	222000	446000	16	0.166266
1499	226000	446000	17	0.121308
1500	230000	446000	17	0.126368
1501	234000	446000	18	0.144107
1502	238000	446000	23	0.195065
1503	242000	446000	30	0.0999003
1504	246000	446000	32	0.137853
1505	250000	446000	38	0.119146
1506	254000	446000	47	0.113407
1507	62000	442000	2	0.470969
1508	66000	442000	1	0.341958
1509	70000	442000	0	0.247287
1510	74000	442000	0	0.195251
1511	78000	442000	0	0.136394
1512	82000	442000	-2	0.124092
1513	86000	442000	-1	0.111322
1514	90000	442000	-3	0.284707
1515	94000	442000	-2	0.193542
1516	98000	442000	-3	0.266168
1517	102000	442000	-3	0.188056
1518	106000	442000	-1	0.126913
1519	110000	442000	-1	0.135179
1520	114000	442000	-1	0.136521
1521	118000	442000	0	0.143932
1522	122000	442000	0	0.133071
1523	126000	442000	0	0.144601
1524	130000	442000	0	0.143735
1525	134000	442000	0	0.212823
1526	138000	442000	0	0.125269
1527	142000	442000	1	0.122875
1528	146000	442000	3	0.130525
1529	150000	442000	4	0.175293
1530	154000	442000	4	0.134785
1531	158000	442000	5	0.127955
1532	162000	442000	5	0.127811
1533	166000	442000	10	0.129159
1534	170000	442000	7	0.122591
1535	174000	442000	8	0.197427
1536	178000	442000	9	0.160943
1537	182000	442000	10	0.148967
1538	186000	442000	8	0.15898
1539	190000	442000	11	0.205519
1540	194000	442000	11	0.304603
1541	198000	442000	9	0.273512
1542	202000	442000	8	0.126648
1543	206000	442000	9	0.128319
1544	210000	442000	12	0.136749
1545	214000	442000	11	0.209758
1546	218000	442000	14	0.270734
1547	222000	442000	16	0.123236
1548	226000	442000	17	0.115802
1549	230000	442000	18	0.129945
1550	234000	442000	19	0.128284
1551	238000	442000	30	0.127141
1552	242000	442000	29	0.116517
1553	246000	442000	37	0.220891
1554	250000	442000	42	0.123475
1555	254000	442000	48	0.116755
1556	58000	438000	0	0.0836107
1557	62000	438000	0	0.202812
1558	66000	438000	1	0.171153
1559	70000	438000	0	0.28148
1560	74000	438000	1	0.253596
1561	78000	438000	0	0.160215
1562	82000	438000	0	0.14445
1563	86000	438000	1	0.317737
1564	90000	438000	2	0.315802
1565	94000	438000	3	0.229922
1566	98000	438000	0	0.222184
1567	102000	438000	0	0.181191
1568	106000	438000	-1	0.127167
1569	110000	438000	-1	0.133078
1570	114000	438000	0	0.148317
1571	118000	438000	0	0.179522
1572	122000	438000	0	0.124607
1573	126000	438000	0	0.139963
1574	130000	438000	0	0.127177
1575	134000	438000	0	0.133847
1576	138000	438000	0	0.129608
1577	142000	438000	0	0.227368
1578	146000	438000	1	0.132484
1579	150000	438000	3	0.130317
1580	154000	438000	3	0.124451
1581	158000	438000	4	0.174402
1582	162000	438000	4	0.131929
1583	166000	438000	6	0.142526
1584	170000	438000	6	0.157277
1585	174000	438000	6	0.1559
1586	178000	438000	7	0.154123
1587	182000	438000	7	0.160615
1588	186000	438000	7	0.182968
1589	190000	438000	8	0.164731
1590	194000	438000	10	0.153697
1591	198000	438000	10	0.144258
1592	202000	438000	10	0.210595
1593	206000	438000	11	0.17993
1594	210000	438000	14	0.120013
1595	214000	438000	15	0.0920654
1596	218000	438000	12	0.14604
1597	222000	438000	14	0.180719
1598	226000	438000	16	0.12072
1599	230000	438000	18	0.176314
1600	234000	438000	20	0.130669
1601	238000	438000	28	0.195246
1602	242000	438000	35	0.127006
1603	246000	438000	45	0.104789
1604	250000	438000	47	0.117107
1605	62000	434000	0	0.0513623
1606	66000	434000	0	0.117841
1607	70000	434000	0	0.150542
1608	74000	434000	0	0.222955
1609	78000	434000	3	0.478043
1610	82000	434000	2	0.478633
1611	86000	434000	2	0.476148
1612	90000	434000	2	0.427907
1613	94000	434000	1	0.300065
1614	98000	434000	0	0.278444
1615	102000	434000	0	0.227403
1616	106000	434000	0	0.15648
1617	110000	434000	-1	0.127306
1618	114000	434000	-1	0.126891
1619	118000	434000	-1	0.134551
1620	122000	434000	0	0.133102
1621	126000	434000	0	0.14697
1622	130000	434000	0	0.12822
1623	134000	434000	0	0.181852
1624	138000	434000	0	0.13025
1625	142000	434000	1	0.140813
1626	146000	434000	2	0.154561
1627	150000	434000	3	0.158236
1628	154000	434000	4	0.126501
1629	158000	434000	5	0.300069
1630	162000	434000	6	0.14762
1631	166000	434000	6	0.203593
1632	170000	434000	6	0.194989
1633	174000	434000	7	0.127818
1634	178000	434000	8	0.135656
1635	182000	434000	8	0.146786
1636	186000	434000	8	0.209605
1637	190000	434000	9	0.185257
1638	194000	434000	9	0.150897
1639	198000	434000	11	0.111024
1640	202000	434000	11	0.118102
1641	206000	434000	11	0.123437
1642	210000	434000	25	0.0718044
1643	214000	434000	26	0.127799
1644	218000	434000	13	0.136715
1645	222000	434000	13	0.193367
1646	226000	434000	14	0.129007
1647	230000	434000	17	0.123207
1648	234000	434000	20	0.126368
1649	238000	434000	32	0.124724
1650	58000	430000	0	0.0533402
1651	62000	430000	0	0.0733022
1652	66000	430000	0	0.117044
1653	70000	430000	0	0.185654
1654	74000	430000	-1	0.127535
1655	78000	430000	0	0.23365
1656	82000	430000	0	0.273126
1657	86000	430000	0	0.198218
1658	90000	430000	0	0.266517
1659	94000	430000	0	0.269332
1660	98000	430000	0	0.30353
1661	102000	430000	0	0.187987
1662	106000	430000	0	0.306918
1663	110000	430000	-1	0.131646
1664	114000	430000	-1	0.140972
1665	118000	430000	-1	0.130988
1666	122000	430000	-1	0.140191
1667	126000	430000	0	0.212132
1668	130000	430000	0	0.119865
1669	134000	430000	0	0.116225
1670	138000	430000	0	0.126563
1671	142000	430000	1	0.142211
1672	146000	430000	2	0.148356
1673	150000	430000	3	0.187161
1674	154000	430000	3	0.139092
1675	158000	430000	4	0.117351
1676	162000	430000	4	0.125767
1677	166000	430000	5	0.132479
1678	170000	430000	5	0.130868
1679	174000	430000	6	0.127837
1680	178000	430000	7	0.179013
1681	182000	430000	8	0.206557
1682	186000	430000	10	0.269006
1683	190000	430000	9	0.120799
1684	194000	430000	9	0.131373
1685	198000	430000	10	0.10518
1686	202000	430000	11	0.118223
1687	206000	430000	12	0.15548
1688	210000	430000	13	0.12295
1689	214000	430000	15	0.21627
1690	218000	430000	13	0.157946
1691	222000	430000	14	0.132052
1692	226000	430000	16	0.118855
1693	230000	430000	17	0.186004
1694	50000	426000	0	0.0623167
1695	54000	426000	1	0.0860113
1696	58000	426000	0	0.108523
1697	62000	426000	0	0.143519
1698	66000	426000	0	0.0946027
1699	70000	426000	0	0.122693
1700	74000	426000	0	0.117784
1701	78000	426000	0	0.134474
1702	82000	426000	0	0.15913
1703	86000	426000	0	0.163035
1704	90000	426000	0	0.194461
1705	94000	426000	0	0.138968
1706	98000	426000	0	0.174142
1707	102000	426000	0	0.306724
1708	106000	426000	0	0.236817
1709	110000	426000	0	0.305742
1710	114000	426000	0	0.163923
1711	118000	426000	0	0.169392
1712	122000	426000	0	0.149773
1713	126000	426000	1	0.218505
1714	130000	426000	0	0.151444
1715	134000	426000	0	0.141803
1716	138000	426000	1	0.125601
1717	142000	426000	2	0.116417
1718	146000	426000	3	0.174962
1719	150000	426000	3	0.117421
1720	154000	426000	3	0.116248
1721	158000	426000	4	0.137708
1722	162000	426000	4	0.123
1723	166000	426000	5	0.134985
1724	170000	426000	6	0.114813
1725	174000	426000	6	0.122578
1726	178000	426000	8	0.212953
1727	182000	426000	9	0.319627
1728	186000	426000	19	0.258745
1729	190000	426000	56	0.0889879
1730	194000	426000	11	0.114154
1731	50000	422000	0	0.096753
1732	54000	422000	0	0.0537814
1733	58000	422000	0	0.0607508
1734	62000	422000	0	0.0837914
1735	66000	422000	0	0.127514
1736	70000	422000	0	0.111595
1737	74000	422000	0	0.0771412
1738	78000	422000	0	0.108288
1739	82000	422000	0	0.125624
1740	86000	422000	0	0.126368
1741	90000	422000	0	0.134856
1742	94000	422000	-1	0.13377
1743	98000	422000	-1	0.134363
1744	102000	422000	0	0.329467
1745	106000	422000	0	0.214863
1746	110000	422000	0	0.137244
1747	114000	422000	0	0.0857763
1748	118000	422000	0	0.135077
1749	122000	422000	0	0.165916
1750	126000	422000	0	0.128478
1751	130000	422000	0	0.165056
1752	134000	422000	0	0.130136
1753	138000	422000	1	0.133824
1754	142000	422000	1	0.147631
1755	146000	422000	2	0.206999
1756	150000	422000	3	0.138316
1757	154000	422000	2	0.121312
1758	158000	422000	3	0.127488
1759	162000	422000	4	0.191642
1760	166000	422000	6	0.288314
1761	170000	422000	6	0.134124
1762	174000	422000	7	0.15756
1763	178000	422000	7	0.152033
1764	182000	422000	9	0.120873
1765	186000	422000	11	0.139764
1766	190000	422000	61	0.0479685
1767	194000	422000	24	0.161821
1768	42000	418000	0	0.0560089
1769	46000	418000	0	0.159561
1770	50000	418000	0	0.122428
1771	54000	418000	0	0.0786772
1772	58000	418000	0	0.0557004
1773	62000	418000	0	0.0502965
1774	66000	418000	0	0.135217
1775	70000	418000	0	0.159902
1776	74000	418000	0	0.130392
1777	78000	418000	0	0.0638424
1778	82000	418000	0	0.0802658
1779	86000	418000	0	0.126029
1780	90000	418000	0	0.17327
1781	94000	418000	0	0.126368
1782	98000	418000	-1	0.170427
1783	102000	418000	-1	0.13441
1784	106000	418000	0	0.0740196
1785	110000	418000	0	0.0777451
1786	114000	418000	2	0.0747351
1787	118000	418000	0	0.0877512
1788	122000	418000	0	0.12916
1789	126000	418000	0	0.124626
1790	130000	418000	0	0.126691
1791	134000	418000	0	0.13152
1792	138000	418000	2	0.163158
1793	142000	418000	2	0.135727
1794	146000	418000	2	0.176953
1795	150000	418000	2	0.141374
1796	154000	418000	2	0.125788
1797	158000	418000	2	0.127181
1798	162000	418000	6	0.171769
1799	166000	418000	11	0.317485
1800	170000	418000	14	0.101111
1801	174000	418000	9	0.140529
1802	178000	418000	9	0.137999
1803	182000	418000	9	0.123668
1804	186000	418000	9	0.176701
1805	190000	418000	16	0.104757
1806	194000	418000	28	0.0901911
1807	198000	418000	40	0.0222889
1808	38000	414000	6	0.040406
1809	42000	414000	0	0.102634
1810	46000	414000	0	0.10312
1811	50000	414000	0	0.122263
1812	54000	414000	0	0.126969
1813	58000	414000	0	0.107478
1814	62000	414000	0	0.0657753
1815	66000	414000	0	0.102844
1816	70000	414000	0	0.123529
1817	74000	414000	0	0.153181
1818	78000	414000	0	0.11694
1819	82000	414000	0	0.0814089
1820	86000	414000	0	0.127104
1821	90000	414000	0	0.108239
1822	94000	414000	0	0.105455
1823	98000	414000	0	0.0906568
1824	102000	414000	0	0.15667
1825	106000	414000	0	0.127661
1826	110000	414000	0	0.107875
1827	114000	414000	0	0.118868
1828	118000	414000	1	0.205526
1829	122000	414000	0	0.179718
1830	126000	414000	0	0.144623
1831	130000	414000	0	0.216456
1832	134000	414000	0	0.155042
1833	138000	414000	1	0.145167
1834	142000	414000	1	0.151709
1835	146000	414000	2	0.272055
1836	150000	414000	4	0.331649
1837	154000	414000	5	0.201179
1838	158000	414000	5	0.130416
1839	162000	414000	6	0.133936
1840	166000	414000	10	0.152136
1841	170000	414000	20	0.0603926
1842	174000	414000	18	0.111413
1843	178000	414000	16	0.100652
1844	182000	414000	10	0.122263
1845	186000	414000	10	0.150844
1846	190000	414000	11	0.204287
1847	194000	414000	12	0.15209
1848	198000	414000	12	0.149405
1849	38000	410000	0	0.0656224
1850	42000	410000	0	0.0786579
1851	46000	410000	0	0.0634568
1852	50000	410000	0	0.0825305
1853	54000	410000	0	0.126626
1854	58000	410000	0	0.127718
1855	62000	410000	0	0.109659
1856	66000	410000	0	0.13219
1857	70000	410000	0	0.24561
1858	74000	410000	0	0.102468
1859	78000	410000	0	0.122438
1860	82000	410000	0	0.115531
1861	86000	410000	0	0.165725
1862	90000	410000	-1	0.13588
1863	94000	410000	0	0.110062
1864	98000	410000	2	0.403299
1865	102000	410000	0	0.305934
1866	106000	410000	0	0.192451
1867	110000	410000	0	0.134224
1868	114000	410000	0	0.153673
1869	118000	410000	0	0.297767
1870	122000	410000	0	0.13655
1871	126000	410000	0	0.144564
1872	130000	410000	1	0.264339
1873	134000	410000	4	0.195001
1874	138000	410000	4	0.173897
1875	142000	410000	3	0.164533
1876	146000	410000	3	0.179161
1877	150000	410000	5	0.218784
1878	154000	410000	4	0.201853
1879	158000	410000	6	0.118815
1880	162000	410000	7	0.118665
1881	166000	410000	9	0.117966
1882	170000	410000	17	0.134525
1883	174000	410000	21	0.143587
1884	178000	410000	18	0.163055
1885	182000	410000	17	0.134119
1886	186000	410000	10	0.133888
1887	190000	410000	11	0.146093
1888	194000	410000	12	0.178153
1889	198000	410000	15	0.110593
1890	202000	410000	14	0.129515
1891	50000	406000	0	0.064341
1892	54000	406000	0	0.169852
1893	58000	406000	0	0.127548
1894	62000	406000	0	0.112592
1895	66000	406000	0	0.101321
1896	70000	406000	0	0.160363
1897	74000	406000	0	0.0719365
1898	78000	406000	0	0.0787999
1899	82000	406000	0	0.104893
1900	86000	406000	0	0.201303
1901	90000	406000	0	0.150623
1902	94000	406000	0	0.131518
1903	98000	406000	0	0.177939
1904	102000	406000	0	0.216213
1905	106000	406000	0	0.151137
1906	110000	406000	0	0.143208
1907	114000	406000	1	0.115636
1908	118000	406000	5	0.271481
1909	122000	406000	2	0.169817
1910	126000	406000	2	0.146978
1911	130000	406000	6	0.128136
1912	134000	406000	13	0.0452196
1913	138000	406000	11	0.0596846
1914	142000	406000	7	0.0918225
1915	146000	406000	7	0.137346
1916	150000	406000	6	0.147696
1917	154000	406000	6	0.163517
1918	158000	406000	7	0.123484
1919	162000	406000	8	0.13329
1920	166000	406000	8	0.139688
1921	170000	406000	10	0.161886
1922	174000	406000	19	0.305056
1923	178000	406000	20	0.23829
1924	182000	406000	19	0.120059
1925	186000	406000	15	0.111542
1926	190000	406000	14	0.134325
1927	194000	406000	14	0.194364
1928	198000	406000	15	0.0944866
1929	202000	406000	16	0.0861891
1930	206000	406000	16	0.127761
1931	30000	402000	0	0.057557
1932	34000	402000	0	0.0788857
1933	38000	402000	0	0.104013
1934	42000	402000	0	0.0939107
1935	46000	402000	0	0.105042
1936	50000	402000	0	0.0891965
1937	54000	402000	0	0.0634442
1938	58000	402000	0	0.0785861
1939	62000	402000	0	0.104713
1940	66000	402000	0	0.114728
1941	70000	402000	0	0.100018
1942	74000	402000	0	0.125777
1943	78000	402000	-1	0.138131
1944	82000	402000	0	0.165899
1945	86000	402000	0	0.126981
1946	90000	402000	0	0.158836
1947	94000	402000	0	0.153646
1948	98000	402000	0	0.145829
1949	102000	402000	0	0.129034
1950	106000	402000	1	0.137894
1951	110000	402000	2	0.398385
1952	114000	402000	3	0.301658
1953	118000	402000	8	0.150067
1954	122000	402000	8	0.185974
1955	126000	402000	5	0.170005
1956	130000	402000	9	0.256845
1957	134000	402000	12	0.135319
1958	138000	402000	10	0.161799
1959	142000	402000	8	0.15273
1960	146000	402000	6	0.122769
1961	150000	402000	7	0.126892
1962	154000	402000	7	0.112678
1963	158000	402000	9	0.156868
1964	162000	402000	10	0.278335
1965	166000	402000	10	0.283249
1966	170000	402000	10	0.146333
1967	174000	402000	14	0.153483
1968	178000	402000	20	0.125729
1969	182000	402000	22	0.119294
1970	186000	402000	22	0.0820523
1971	190000	402000	19	0.135249
1972	194000	402000	16	0.12087
1973	198000	402000	14	0.132071
1974	202000	402000	17	0.0993638
1975	206000	402000	21	0.262303
1976	22000	398000	0	0.0826961
1977	26000	398000	0	0.117231
1978	30000	398000	0	0.131335
1979	34000	398000	0	0.0959565
1980	38000	398000	0	0.109479
1981	42000	398000	0	0.111154
1982	46000	398000	0	0.11439
1983	50000	398000	0	0.108908
1984	54000	398000	0	0.0635645
1985	58000	398000	0	0.0703519
1986	62000	398000	0	0.11615
1987	66000	398000	-1	0.142007
1988	70000	398000	-2	0.127404
1989	74000	398000	0	0.130046
1990	78000	398000	0	0.12249
1991	82000	398000	0	0.128169
1992	86000	398000	0	0.129979
1993	90000	398000	0	0.285241
1994	94000	398000	3	0.168956
1995	98000	398000	5	0.13853
1996	102000	398000	6	0.325464
1997	106000	398000	5	0.152528
1998	110000	398000	4	0.239805
1999	114000	398000	5	0.220098
2000	118000	398000	6	0.161279
2001	122000	398000	12	0.289872
2002	126000	398000	9	0.246537
2003	130000	398000	15	0.226827
2004	134000	398000	14	0.332843
2005	138000	398000	12	0.206338
2006	142000	398000	11	0.149701
2007	146000	398000	10	0.0340785
2008	150000	398000	8	0.195226
2009	154000	398000	9	0.137192
2010	158000	398000	9	0.136915
2011	162000	398000	11	0.142311
2012	166000	398000	11	0.124503
2013	170000	398000	12	0.113863
2014	174000	398000	13	0.127828
2015	178000	398000	21	0.177556
2016	182000	398000	24	0.103229
2017	186000	398000	25	0.111665
2018	190000	398000	24	0.100234
2019	194000	398000	23	0.0975673
2020	198000	398000	17	0.103135
2021	202000	398000	14	0.103313
2022	206000	398000	20	0.0770392
2023	22000	394000	0	0.100721
2024	26000	394000	0	0.128869
2025	30000	394000	0	0.135314
2026	34000	394000	0	0.136661
2027	38000	394000	0	0.0893822
2028	42000	394000	0	0.117093
2029	46000	394000	0	0.125094
2030	50000	394000	0	0.158272
2031	54000	394000	0	0.112935
2032	58000	394000	0	0.112612
2033	62000	394000	0	0.0644902
2034	66000	394000	0	0.0963789
2035	70000	394000	0	0.127521
2036	74000	394000	0	0.208265
2037	78000	394000	4	0.184219
2038	82000	394000	2	0.121883
2039	86000	394000	3	0.138171
2040	90000	394000	5	0.32099
2041	94000	394000	7	0.24028
2042	98000	394000	11	0.165463
2043	102000	394000	9	0.123494
2044	106000	394000	7	0.122337
2045	110000	394000	6	0.110851
2046	114000	394000	6	0.113229
2047	118000	394000	11	0.0853923
2048	122000	394000	16	0.0848561
2049	126000	394000	14	0.15486
2050	130000	394000	15	0.201382
2051	134000	394000	15	0.190654
2052	138000	394000	14	0.0873434
2053	142000	394000	10	0.133344
2054	146000	394000	10	0.106456
2055	150000	394000	12	0.10714
2056	154000	394000	13	0.092929
2057	158000	394000	13	0.121748
2058	162000	394000	13	0.126652
2059	166000	394000	13	0.106361
2060	170000	394000	14	0.169724
2061	174000	394000	14	0.146806
2062	178000	394000	20	0.109603
2063	182000	394000	30	0.0299372
2064	186000	394000	28	0.136514
2065	190000	394000	30	0.137029
2066	194000	394000	24	0.144585
2067	198000	394000	24	0.278171
2068	202000	394000	18	0.151978
2069	206000	394000	17	0.0880696
2070	210000	394000	23	0.0728508
2071	26000	390000	0	0.110279
2072	30000	390000	0	0.181973
2073	34000	390000	0	0.309243
2074	38000	390000	0	0.207072
2075	42000	390000	0	0.131851
2076	46000	390000	0	0.139052
2077	50000	390000	0	0.226203
2078	54000	390000	0	0.14922
2079	58000	390000	-1	0.142122
2080	62000	390000	0	0.138311
2081	74000	390000	0	0.0974907
2082	78000	390000	3	0.356393
2083	82000	390000	10	0.124432
2084	86000	390000	8	0.123971
2085	90000	390000	7	0.13912
2086	94000	390000	11	0.080297
2087	98000	390000	12	0.0998339
2088	102000	390000	10	0.0921655
2089	106000	390000	8	0.128211
2090	110000	390000	6	0.191459
2091	114000	390000	9	0.0985181
2092	118000	390000	12	0.130898
2093	122000	390000	23	0.0550831
2094	126000	390000	22	0.100764
2095	130000	390000	19	0.0984172
2096	134000	390000	17	0.0854335
2097	138000	390000	14	0.15222
2098	142000	390000	12	0.107787
2099	146000	390000	14	0.102002
2100	150000	390000	16	0.165526
2101	154000	390000	17	0.209969
2102	158000	390000	18	0.235728
2103	162000	390000	16	0.249415
2104	166000	390000	15	0.120357
2105	170000	390000	18	0.123768
2106	174000	390000	17	0.166275
2107	178000	390000	20	0.107638
2108	182000	390000	24	0.111166
2109	186000	390000	27	0.183182
2110	190000	390000	30	0.12765
2111	194000	390000	28	0.13104
2112	198000	390000	25	0.119925
2113	202000	390000	22	0.134844
2114	206000	390000	18	0.105798
2115	210000	390000	19	0.0985243
2116	214000	390000	32	0.109698
2117	26000	386000	0	0.0834076
2118	30000	386000	0	0.247227
2119	34000	386000	0	0.145677
2120	38000	386000	2	0.417419
2121	42000	386000	0	0.153036
2122	46000	386000	0	0.130222
2123	50000	386000	0	0.150211
2124	54000	386000	0	0.112344
2125	58000	386000	0	0.161728
2126	62000	386000	0	0.163675
2127	74000	386000	0	0.168412
2128	78000	386000	0	0.0851452
2129	82000	386000	18	0.143402
2130	86000	386000	13	0.104239
2131	90000	386000	12	0.162869
2132	94000	386000	13	0.15652
2133	98000	386000	12	0.108293
2134	102000	386000	10	0.130892
2135	106000	386000	10	0.124716
2136	110000	386000	9	0.170774
2137	114000	386000	13	0.127276
2138	118000	386000	16	0.125617
2139	122000	386000	22	0.118474
2140	126000	386000	23	0.130326
2141	130000	386000	23	0.112516
2142	134000	386000	26	0.0463775
2143	138000	386000	18	0.123125
2144	142000	386000	17	0.122699
2145	146000	386000	19	0.108969
2146	150000	386000	21	0.051384
2147	154000	386000	19	0.401221
2148	158000	386000	19	0.262851
2149	162000	386000	18	0.245378
2150	166000	386000	17	0.187629
2151	170000	386000	18	0.172759
2152	174000	386000	18	0.329168
2153	178000	386000	22	0.229325
2154	182000	386000	25	0.209404
2155	186000	386000	28	0.153934
2156	190000	386000	31	0.11546
2157	194000	386000	30	0.106795
2158	198000	386000	27	0.0981494
2159	202000	386000	24	0.171982
2160	206000	386000	23	0.0980442
2161	210000	386000	20	0.086477
2162	214000	386000	31	0.126297
2163	26000	382000	0	0.0756567
2164	30000	382000	0	0.0769204
2165	38000	382000	0	0.0952819
2166	42000	382000	0	0.10814
2167	46000	382000	0	0.126349
2168	50000	382000	0	0.126072
2169	54000	382000	0	0.0727262
2170	58000	382000	0	0.0647492
2171	62000	382000	0	0.0875589
2172	66000	382000	0	0.12905
2173	70000	382000	0	0.123789
2174	74000	382000	0	0.133973
2175	78000	382000	0	0.126335
2176	82000	382000	19	0.173559
2177	86000	382000	18	0.0839658
2178	98000	382000	13	0.112791
2179	102000	382000	12	0.132998
2180	106000	382000	12	0.125303
2181	110000	382000	13	0.149494
2182	114000	382000	15	0.125899
2183	118000	382000	18	0.103648
2184	122000	382000	25	0.119817
2185	126000	382000	26	0.122341
2186	130000	382000	27	0.122485
2187	134000	382000	28	0.0853419
2188	138000	382000	27	0.0421573
2189	142000	382000	24	0.072379
2190	146000	382000	23	0.0963924
2191	150000	382000	25	0.0756085
2192	154000	382000	22	0.234141
2193	158000	382000	19	0.345714
2194	162000	382000	19	0.271425
2195	166000	382000	20	0.251153
2196	170000	382000	24	0.0722282
2197	174000	382000	23	0.0928669
2198	178000	382000	22	0.147225
2199	182000	382000	25	0.130575
2200	186000	382000	29	0.123762
2201	190000	382000	32	0.0561132
2202	194000	382000	31	0.112292
2203	198000	382000	28	0.129995
2204	202000	382000	25	0.168319
2205	206000	382000	24	0.164925
2206	210000	382000	20	0.109414
2207	214000	382000	23	0.14865
2208	14000	378000	0	0.0695888
2209	18000	378000	1	0.100458
2210	22000	378000	0	0.119863
2211	26000	378000	0	0.13134
2212	30000	378000	0	0.119329
2213	34000	378000	0	0.0797819
2214	38000	378000	0	0.0653976
2215	42000	378000	0	0.0634614
2216	46000	378000	0	0.0782298
2217	50000	378000	0	0.0721415
2218	54000	378000	0	0.0654161
2219	58000	378000	0	0.147384
2220	62000	378000	0	0.0811788
2221	66000	378000	0	0.0652942
2222	70000	378000	0	0.0705184
2223	74000	378000	0	0.0921358
2224	78000	378000	0	0.182017
2225	82000	378000	12	0.094525
2226	86000	378000	23	0.0100214
2227	122000	378000	24	0.12161
2228	134000	378000	33	0.0579037
2229	138000	378000	27	0.125081
2230	142000	378000	28	0.138507
2231	146000	378000	26	0.137532
2232	150000	378000	26	0.112039
2233	154000	378000	25	0.118844
2234	158000	378000	20	0.204637
2235	162000	378000	24	0.0907121
2236	166000	378000	24	0.0917889
2237	170000	378000	23	0.0555789
2238	174000	378000	25	0.0572582
2239	178000	378000	25	0.206444
2240	182000	378000	25	0.135953
2241	186000	378000	28	0.115709
2242	190000	378000	32	0.0922094
2243	194000	378000	33	0.100263
2244	198000	378000	31	0.128185
2245	202000	378000	27	0.208987
2246	206000	378000	24	0.337673
2247	210000	378000	22	0.26499
2248	214000	378000	36	0.186639
2249	14000	374000	1	0.120925
2250	18000	374000	0	0.125602
2251	22000	374000	0	0.133508
2252	26000	374000	0	0.129859
2253	30000	374000	0	0.127506
2254	34000	374000	0	0.126827
2255	38000	374000	0	0.113341
2256	42000	374000	0	0.337072
2257	46000	374000	0	0.22953
2258	50000	374000	0	0.0934514
2259	54000	374000	0	0.122924
2260	58000	374000	0	0.119845
2261	62000	374000	0	0.125074
2262	66000	374000	0	0.0978406
2263	70000	374000	2	0.0644254
2264	74000	374000	1	0.0884008
2265	82000	374000	4	0.162592
2266	86000	374000	13	0.12541
2267	138000	374000	30	0.134894
2268	142000	374000	31	0.18122
2269	146000	374000	30	0.149184
2270	150000	374000	29	0.178304
2271	154000	374000	28	0.101264
2272	158000	374000	24	0.14966
2273	162000	374000	26	0.157312
2274	166000	374000	26	0.0862003
2275	170000	374000	25	0.125209
2276	174000	374000	26	0.0936763
2277	178000	374000	26	0.136242
2278	182000	374000	26	0.105668
2279	186000	374000	28	0.0907912
2280	190000	374000	33	0.138067
2281	194000	374000	34	0.134417
2282	198000	374000	30	0.132649
2283	202000	374000	28	0.134948
2284	206000	374000	22	0.173507
2285	210000	374000	34	0.257439
2286	214000	374000	44	0.0948442
2287	14000	370000	0	0.148463
2288	18000	370000	0	0.122167
2289	22000	370000	0	0.108643
2290	26000	370000	0	0.12615
2291	30000	370000	0	0.125286
2292	34000	370000	0	0.126429
2293	38000	370000	0	0.110998
2294	42000	370000	0	0.127923
2295	46000	370000	0	0.281891
2296	50000	370000	0	0.141573
2297	54000	370000	0	0.130102
2298	58000	370000	0	0.126199
2299	62000	370000	0	0.124209
2300	66000	370000	0	0.123605
2301	70000	370000	1	0.123397
2302	138000	370000	28	0.137817
2303	142000	370000	39	0.0495185
2304	146000	370000	40	0.0213312
2305	150000	370000	32	0.126827
2306	154000	370000	29	0.145436
2307	158000	370000	29	0.0614021
2308	162000	370000	28	0.0516324
2309	166000	370000	26	0.0863825
2310	170000	370000	28	0.127163
2311	174000	370000	32	0.0616908
2312	178000	370000	27	0.11341
2313	182000	370000	28	0.122858
2314	186000	370000	29	0.11632
2315	190000	370000	31	0.114416
2316	194000	370000	32	0.162622
2317	198000	370000	34	0.153093
2318	202000	370000	28	0.0979639
2319	206000	370000	24	0.203425
2320	210000	370000	50	0.152573
2321	18000	366000	0	0.133209
2322	22000	366000	0	0.124931
2323	26000	366000	0	0.124262
2324	38000	366000	0	0.132021
2325	42000	366000	0	0.132799
2326	46000	366000	0	0.264629
2327	50000	366000	0	0.172363
2328	54000	366000	0	0.129504
2329	58000	366000	1	0.118682
2330	62000	366000	1	0.207641
2331	66000	366000	1	0.13305
2332	142000	366000	41	0.0592263
2333	146000	366000	41	0.0625373
2334	150000	366000	36	0.108808
2335	154000	366000	34	0.0941692
2336	158000	366000	31	0.0904884
2337	162000	366000	31	0.0897996
2338	166000	366000	30	0.103511
2339	170000	366000	30	0.125637
2340	174000	366000	34	0.0983559
2341	178000	366000	31	0.201338
2342	182000	366000	32	0.152167
2343	186000	366000	30	0.107614
2344	190000	366000	30	0.0927853
2345	194000	366000	29	0.0946988
2346	198000	366000	28	0.118579
2347	202000	366000	25	0.149743
2348	206000	366000	26	0.0836509
2349	22000	362000	1	0.133704
2350	42000	362000	0	0.155239
2351	46000	362000	0	0.183515
2352	50000	362000	1	0.115424
2353	54000	362000	1	0.122971
2354	58000	362000	2	0.129323
2355	62000	362000	5	0.135341
2356	146000	362000	45	0.114618
2357	150000	362000	45	0.134277
2358	166000	362000	34	0.19297
2359	170000	362000	33	0.150492
2360	174000	362000	35	0.183301
2361	178000	362000	33	0.23391
2362	182000	362000	30	0.118993
2363	186000	362000	29	0.121157
2364	190000	362000	29	0.133383
2365	194000	362000	28	0.104101
2366	198000	362000	20	0.128598
2367	202000	362000	26	0.117679
2368	46000	358000	3	0.19814
2369	50000	358000	2	0.130267
2370	54000	358000	2	0.119095
2371	170000	358000	35	0.0783056
2372	174000	358000	33	0.0948544
2373	178000	358000	31	0.132943
2374	182000	358000	29	0.119828
2375	186000	358000	28	0.128228
2376	190000	358000	28	0.0872617
2377	194000	358000	23	0.16113
2378	198000	358000	22	0.283483
2379	202000	358000	29	0.0851023
2380	174000	354000	34	0.0970895
2381	178000	354000	31	0.1468
2382	182000	354000	30	0.128833
2383	186000	354000	28	0.190578
2384	190000	354000	23	0.139396
2385	194000	354000	20	0.160327
2386	198000	354000	24	0.209498
2387	202000	354000	30	0.184308
2388	206000	354000	66	0.060184
2389	210000	354000	83	0.0872928
2390	186000	350000	23	0.117679
2391	190000	350000	26	0.18629
2392	194000	350000	28	0.12474
2393	198000	350000	29	0.102293
2394	202000	350000	29	0.142015
2395	206000	350000	43	0.0586009
2396	186000	346000	26	0.139669
2397	190000	346000	29	0.204146
2398	194000	346000	29	0.114169
2399	198000	346000	37	0.0924681
2400	202000	346000	33	0.149398
2401	182000	342000	30	0.135453
2402	186000	342000	28	0.217827
2403	190000	342000	32	0.13606
2404	194000	342000	50	0.117
2405	182000	338000	32	0.128001
2406	186000	338000	35	0.21078
2407	190000	338000	39	0.213657
2408	194000	338000	55	0.135303
2409	182000	334000	47	0.249435
2410	186000	334000	56	0.241239
2411	190000	334000	53	0.195132
2412	194000	334000	61	0.112007
2413	198000	334000	71	0.149673
2414	178000	330000	39	0.223967
2415	182000	330000	63	0.350221
2416	186000	330000	67	0.276723
2417	190000	330000	93	0.141774
2418	194000	330000	88	0.154559
2419	198000	330000	78	0.203208
2420	178000	326000	41	0.155532
2421	182000	326000	104	0.234135
2422	186000	326000	115	0.141727
2423	190000	326000	90	0.168988
2424	194000	326000	92	0.260186
2425	198000	326000	106	0.102438
2426	202000	326000	122	0.174544
2427	174000	322000	59	0.238324
2428	178000	322000	45	0.251961
2429	182000	322000	98	0.144278
2430	186000	322000	128	0.138153
2431	190000	322000	109	0.135859
2432	194000	322000	93	0.211553
2433	198000	322000	134	0.217481
2434	202000	322000	132	0.261049
2435	174000	318000	71	0.213061
2436	178000	318000	50	0.293287
2437	182000	318000	112	0.116079
2438	186000	318000	136	0.123013
2439	190000	318000	121	0.132626
2440	194000	318000	168	0.128768
2441	198000	318000	168	0.305539
2442	202000	318000	158	0.196437
2443	174000	314000	92	0.134135
2444	178000	314000	51	0.244626
2445	182000	314000	128	0.117458
2446	186000	314000	164	0.153353
2447	190000	314000	135	0.126269
2448	194000	314000	134	0.133372
2449	198000	314000	177	0.134462
2450	178000	310000	57	0.141291
2451	182000	310000	130	0.124403
2452	186000	310000	178	0.130078
2453	190000	310000	183	0.094791
2454	194000	310000	162	0.100107
2455	198000	310000	196	0.124036
2456	178000	306000	77	0.198008
2457	186000	306000	200	0.116956
2458	190000	306000	209	0.107193
2459	194000	306000	178	0.147617
2460	198000	306000	226	0.114947
