ID	XLAMB	YLAMB	ALT	CorineID
1	226000	618000	0	0.052705
2	230000	618000	0	0.066892
3	234000	618000	0	0.064027
4	206000	614000	0	0.056271
5	210000	614000	0	0.045629
6	214000	614000	0	0.048191
7	218000	614000	0	0.047555
8	174000	610000	0	0.061866
9	178000	610000	0	0.065751
10	182000	610000	0	0.06064
11	186000	610000	0	0.05889
12	190000	610000	0	0.051496
13	206000	610000	0	0.025927
14	210000	610000	0	0.039845
15	242000	610000	0	0.072898
16	246000	610000	0	0.047733
17	250000	610000	0	0.099655
18	158000	606000	0	0.055789
19	162000	606000	0	0.047286
20	166000	606000	0	0.060658
21	170000	606000	0	0.056567
22	174000	606000	0	0.006641
23	178000	606000	0	0.034844
24	182000	606000	0	0.044348
25	186000	606000	0	0.056271
26	190000	606000	0	0.066132
27	194000	606000	0	0.068686
28	206000	606000	0	0.064717
29	210000	606000	0	0.068686
30	226000	606000	0	0.063367
31	230000	606000	0	0.055629
32	234000	606000	0	0.042462
33	238000	606000	0	0.01021
34	242000	606000	0	0.001831
35	246000	606000	0	0.013749
36	250000	606000	0	0.028655
37	254000	606000	0	0.075123
38	142000	602000	0	0.059506
39	146000	602000	0	0.038376
40	150000	602000	2	0.0205
41	154000	602000	1	0.021044
42	158000	602000	0	0.039734
43	186000	602000	0	0.068686
44	190000	602000	0	0.067859
45	194000	602000	0	0.049894
46	198000	602000	0	0.034326
47	202000	602000	0	0.032272
48	206000	602000	0	0.050943
49	210000	602000	0	0.078872
50	214000	602000	0	0.049453
51	218000	602000	0	0.039328
52	222000	602000	0	0.01501
53	226000	602000	0	0.000997
54	230000	602000	0	0
55	234000	602000	0	0.016163
56	238000	602000	0	0.01256
57	242000	602000	0	0.022653
58	246000	602000	0	0.007287
59	250000	602000	0	0.009689
60	254000	602000	0	0.032354
61	142000	598000	2	0.029656
62	146000	598000	0	0.039048
63	150000	598000	0	0.055403
64	182000	598000	0	0.065439
65	186000	598000	0	0.033951
66	190000	598000	0	0.012991
67	194000	598000	0	0.006826
68	198000	598000	0	0.007737
69	202000	598000	0	0.006829
70	206000	598000	0	0.029801
71	210000	598000	0	0.064166
72	214000	598000	0	0.021536
73	218000	598000	0	0.006685
74	222000	598000	0	0.014221
75	226000	598000	0	0.008043
76	230000	598000	0	0.010146
77	234000	598000	0	0
78	238000	598000	0	0.008506
79	242000	598000	0	0
80	246000	598000	0	0.00577
81	250000	598000	0	0
82	254000	598000	0	0.017027
83	138000	594000	0	0.068686
84	174000	594000	0	0.060928
85	178000	594000	0	0.034238
86	182000	594000	0	0.012398
87	186000	594000	0	0.00803
88	190000	594000	0	0
89	194000	594000	0	0.064644
90	198000	594000	0	0.050076
91	202000	594000	0	0
92	206000	594000	0	0.021633
93	210000	594000	0	0.052268
94	214000	594000	0	0.026543
95	218000	594000	0	0.008615
96	222000	594000	0	0
97	226000	594000	0	0
98	230000	594000	0	0.03929
99	234000	594000	0	0.001827
100	238000	594000	-1	0.003954
101	242000	594000	0	0.00743
102	246000	594000	0	0.01105
103	250000	594000	0	0.005942
104	254000	594000	0	0.092765
105	258000	594000	0	0.306637
106	262000	594000	0	0.172081
107	130000	590000	0	0.044287
108	134000	590000	0	0.046405
109	138000	590000	0	0.059083
110	170000	590000	0	0.015466
111	174000	590000	0	0.003896
112	178000	590000	0	0
113	182000	590000	0	0.012234
114	186000	590000	0	0.007737
115	190000	590000	0	0.001185
116	194000	590000	0	0.029006
117	198000	590000	0	0.02111
118	202000	590000	0	0
119	206000	590000	0	0.024991
120	210000	590000	0	0
121	214000	590000	0	0
122	218000	590000	0	0.055514
123	222000	590000	0	0.005912
124	226000	590000	0	0
125	230000	590000	0	0.004259
126	234000	590000	0	0.02215
127	238000	590000	-1	0.015705
128	242000	590000	-1	0.018688
129	246000	590000	-1	0.003615
130	250000	590000	-1	0.011503
131	254000	590000	-2	0.000485
132	258000	590000	-2	0.005171
133	262000	590000	-2	0.09277
134	266000	590000	-1	0.02808
135	270000	590000	0	0.066579
136	126000	586000	0	0.045087
137	166000	586000	0	0.015531
138	170000	586000	0	0.01767
139	174000	586000	0	0.029707
140	178000	586000	0	0.017203
141	182000	586000	0	0.029263
142	186000	586000	0	0
143	190000	586000	0	0.015561
144	194000	586000	-1	0.008752
145	198000	586000	0	0.030687
146	202000	586000	1	0.013326
147	206000	586000	0	0.042443
148	210000	586000	0	0.001674
149	214000	586000	0	0.00137
150	218000	586000	0	0.034264
151	222000	586000	0	0.080192
152	226000	586000	0	0.012554
153	230000	586000	0	0.034224
154	234000	586000	0	0.049829
155	238000	586000	-1	0.021489
156	242000	586000	-1	0.005196
157	246000	586000	-1	0.000886
158	250000	586000	-2	0.013265
159	254000	586000	-2	0.019745
160	258000	586000	-2	0.029505
161	262000	586000	-2	0.006826
162	266000	586000	-1	0.002218
163	270000	586000	0	0.042519
164	274000	586000	0	0.060797
165	122000	582000	1	0.032181
166	126000	582000	0	0.057974
167	158000	582000	0	0.058751
168	162000	582000	0	0.012057
169	166000	582000	0	0.009246
170	170000	582000	0	0.000304
171	174000	582000	0	0.027769
172	178000	582000	0	0.158117
173	182000	582000	0	0.13768
174	186000	582000	-1	0.050496
175	190000	582000	0	0.038055
176	194000	582000	0	0.050557
177	198000	582000	0	0.040419
178	202000	582000	0	0.021703
179	206000	582000	0	0.008043
180	210000	582000	0	0.008638
181	214000	582000	0	0.021234
182	218000	582000	0	0.01362
183	222000	582000	0	0.001557
184	226000	582000	0	0.00137
185	230000	582000	0	0.181513
186	234000	582000	1	0.344062
187	238000	582000	0	0.1501
188	242000	582000	-1	0.016695
189	246000	582000	-1	0.000738
190	250000	582000	-1	0.020776
191	254000	582000	-2	0.002434
192	258000	582000	-2	0.000111
193	262000	582000	-1	0
194	266000	582000	0	0.007884
195	270000	582000	0	0.004856
196	274000	582000	-1	0.000152
197	278000	582000	0	0.004537
198	118000	578000	0	0.058124
199	122000	578000	0	0.067305
200	158000	578000	0	0.143718
201	162000	578000	0	0.0297
202	166000	578000	0	0.123237
203	170000	578000	0	0.006675
204	174000	578000	0	0.015532
205	178000	578000	0	0.063414
206	182000	578000	0	0.240821
207	186000	578000	-1	0.163526
208	190000	578000	-1	0.000664
209	194000	578000	0	0.070131
210	198000	578000	0	0.04979
211	202000	578000	1	0.037177
212	206000	578000	0	0.049927
213	210000	578000	0	0.01194
214	214000	578000	0	0.010447
215	218000	578000	0	0.004257
216	222000	578000	0	0.048521
217	226000	578000	0	0.00791
218	230000	578000	0	0.014198
219	234000	578000	0	0.141732
220	238000	578000	0	0.12396
221	242000	578000	0	0.072761
222	246000	578000	0	0.116657
223	250000	578000	0	0.019258
224	254000	578000	0	0.030947
225	258000	578000	-1	0
226	262000	578000	0	0.063354
227	266000	578000	-2	0.004101
228	270000	578000	-1	0.033852
229	274000	578000	-1	0.012991
230	278000	578000	-1	0.008166
231	118000	574000	0	0.017797
232	122000	574000	0	0.041376
233	158000	574000	0	0.066821
234	162000	574000	0	0
235	166000	574000	0	0.004101
236	170000	574000	0	0.009096
237	174000	574000	0	0
238	178000	574000	0	0
239	182000	574000	0	0.005925
240	186000	574000	-1	0.008785
241	190000	574000	-1	0.019504
242	194000	574000	0	0.017546
243	198000	574000	0	0.008656
244	202000	574000	0	0.016726
245	206000	574000	2	0
246	210000	574000	2	0.00192
247	214000	574000	1	0.051825
248	218000	574000	1	0.003648
249	222000	574000	2	0.0924
250	226000	574000	0	0.088248
251	230000	574000	0	0.024235
252	234000	574000	1	0.064421
253	238000	574000	2	0.024774
254	242000	574000	0	0.035381
255	246000	574000	0	0.094999
256	250000	574000	0	0.075862
257	254000	574000	0	0.066814
258	258000	574000	-1	0.020822
259	262000	574000	-1	0.02096
260	266000	574000	0	0.197104
261	270000	574000	-1	0.002671
262	274000	574000	-2	0.003644
263	114000	570000	0	0.034951
264	118000	570000	0	0.042551
265	122000	570000	0	0.030236
266	154000	570000	0	0.074045
267	158000	570000	0	0.003793
268	162000	570000	0	0.011489
269	166000	570000	0	0.000913
270	170000	570000	0	0.01603
271	174000	570000	0	0
272	178000	570000	0	0.009543
273	182000	570000	0	0.005607
274	186000	570000	-1	0.005856
275	190000	570000	0	0.03317
276	194000	570000	0	0.017479
277	198000	570000	0	0.047833
278	202000	570000	1	0.259947
279	206000	570000	2	0.055815
280	210000	570000	2	0
281	214000	570000	3	0.006379
282	218000	570000	3	0.005918
283	222000	570000	4	0.013948
284	226000	570000	3	0.000166
285	230000	570000	2	0
286	234000	570000	3	0.088914
287	238000	570000	3	0.024489
288	242000	570000	0	0.036061
289	246000	570000	0	0
290	250000	570000	0	1.6E-05
291	254000	570000	0	0.247792
292	258000	570000	0	0.031905
293	262000	570000	0	0.04654
294	266000	570000	-1	0.019165
295	270000	570000	-1	0.008078
296	274000	570000	0	0.021107
297	278000	570000	0	0.001878
298	110000	566000	0	0.055551
299	114000	566000	0	0.009045
300	118000	566000	0	0
301	122000	566000	0	0.037709
302	150000	566000	0	0.068686
303	154000	566000	0	0.080004
304	158000	566000	0	0.001218
305	162000	566000	0	0.014356
306	166000	566000	0	0.021372
307	170000	566000	0	0.003346
308	174000	566000	0	0.001674
309	178000	566000	0	0
310	182000	566000	0	0.012109
311	186000	566000	0	0.043458
312	190000	566000	0	0.002694
313	194000	566000	-1	0.000152
314	198000	566000	-1	0.020295
315	202000	566000	1	0.055485
316	206000	566000	1	0.013522
317	210000	566000	3	0.001674
318	214000	566000	5	0.008194
319	218000	566000	5	0.027117
320	222000	566000	5	0.001605
321	226000	566000	8	0.025129
322	230000	566000	6	0.010313
323	234000	566000	6	0.032446
324	238000	566000	6	0.030323
325	242000	566000	8	0.044795
326	246000	566000	0	0.008794
327	250000	566000	0	0
328	254000	566000	0	0.055129
329	258000	566000	0	0.014827
330	262000	566000	0	0.043044
331	266000	566000	0	0.000771
332	270000	566000	0	0.025594
333	274000	566000	0	0.000304
334	278000	566000	0	0
335	110000	562000	0	0.032022
336	114000	562000	0	0.027761
337	118000	562000	0	0.040669
338	146000	562000	0	0.068686
339	154000	562000	0	0.066296
340	158000	562000	0	0.017914
341	162000	562000	0	0.012573
342	166000	562000	0	0.013011
343	170000	562000	0	0.044248
344	174000	562000	0	0.123232
345	178000	562000	-1	0.015506
346	182000	562000	0	0.038436
347	186000	562000	0	0.044559
348	190000	562000	0	0.010621
349	194000	562000	-1	0.006566
350	198000	562000	-1	9.6E-05
351	202000	562000	2	0.013319
352	206000	562000	3	0
353	210000	562000	4	0.011802
354	214000	562000	5	0
355	218000	562000	5	0
356	222000	562000	7	0.000554
357	226000	562000	9	0
358	230000	562000	10	0
359	234000	562000	10	0.032214
360	238000	562000	7	0.011814
361	242000	562000	10	0
362	246000	562000	10	0.010291
363	250000	562000	1	0
364	254000	562000	2	0.001218
365	258000	562000	1	0.007589
366	262000	562000	1	0
367	266000	562000	2	0.013756
368	270000	562000	0	0.009421
369	274000	562000	1	0.005473
370	278000	562000	1	0.005773
371	110000	558000	0	0.032037
372	114000	558000	0	0.026603
373	142000	558000	0	0.089628
374	154000	558000	0	0.068274
375	158000	558000	0	0.004903
376	162000	558000	0	0.003023
377	166000	558000	0	0.005745
378	170000	558000	0	0.02483
379	174000	558000	0	0.132748
380	178000	558000	0	0.029253
381	182000	558000	0	0.01175
382	186000	558000	0	3.7E-05
383	190000	558000	0	0.020044
384	194000	558000	-1	0.00338
385	198000	558000	0	0.028043
386	202000	558000	0	0.050626
387	206000	558000	3	0.010001
388	210000	558000	3	0.003794
389	214000	558000	4	0.02719
390	218000	558000	5	0.011864
391	222000	558000	9	0.047592
392	226000	558000	10	0.02151
393	230000	558000	10	0.021356
394	234000	558000	11	0.280662
395	238000	558000	11	0.029001
396	242000	558000	11	0.001675
397	246000	558000	17	0.07647
398	250000	558000	2	0.001686
399	254000	558000	2	0.018567
400	258000	558000	3	0.032397
401	262000	558000	3	0.05851
402	266000	558000	2	0
403	270000	558000	1	0.002469
404	274000	558000	2	0.008043
405	278000	558000	3	0.00456
406	110000	554000	0	0.081865
407	114000	554000	0	0.181344
408	138000	554000	0	0.068686
409	158000	554000	0	0.067108
410	162000	554000	0	0.016462
411	166000	554000	0	0.01436
412	170000	554000	0	0.069044
413	174000	554000	0	0.008377
414	178000	554000	0	0.019421
415	182000	554000	0	0.106003
416	186000	554000	0	0.027307
417	190000	554000	0	0.323116
418	194000	554000	0	0.019798
419	198000	554000	0	0
420	202000	554000	1	0.001218
421	206000	554000	2	0
422	210000	554000	4	0
423	214000	554000	5	0.022244
424	218000	554000	6	0.053993
425	222000	554000	9	0.008707
426	226000	554000	10	0.016631
427	230000	554000	12	0.019093
428	234000	554000	10	0.03984
429	238000	554000	12	0.011362
430	242000	554000	14	0.006119
431	246000	554000	24	3.2E-05
432	250000	554000	17	0.008659
433	254000	554000	4	0.000152
434	258000	554000	4	0.027056
435	262000	554000	5	0.128341
436	266000	554000	4	0
437	270000	554000	5	0.003942
438	274000	554000	4	0.00501
439	110000	550000	0	0.071185
440	114000	550000	0	0.303418
441	126000	550000	0	0.059555
442	130000	550000	0	0.074987
443	134000	550000	0	0.068747
444	154000	550000	0	0.071053
445	158000	550000	0	0.00946
446	162000	550000	0	0.018515
447	166000	550000	0	0.037532
448	170000	550000	0	0.033631
449	174000	550000	0	0.020536
450	178000	550000	0	0.019407
451	182000	550000	0	0.011647
452	186000	550000	0	0.013553
453	190000	550000	0	0.06853
454	194000	550000	1	0.109504
455	198000	550000	0	0.008186
456	202000	550000	0	0.004402
457	206000	550000	2	0.011362
458	210000	550000	3	0
459	214000	550000	7	0
460	218000	550000	15	0.000929
461	222000	550000	10	0.002129
462	226000	550000	12	0.030425
463	230000	550000	13	7.4E-05
464	234000	550000	14	0.005321
465	238000	550000	14	0
466	242000	550000	17	0.009091
467	246000	550000	17	2E-06
468	250000	550000	16	0.025885
469	254000	550000	5	0.008798
470	258000	550000	6	0.014443
471	262000	550000	6	0.00577
472	266000	550000	7	0.085814
473	270000	550000	6	0.001993
474	274000	550000	7	0.000305
475	110000	546000	0	0.058616
476	114000	546000	0	0.071883
477	118000	546000	0	0.041535
478	122000	546000	0	0.060241
479	126000	546000	0	0.033735
480	130000	546000	0	0
481	134000	546000	0	0.044534
482	154000	546000	0	0.048644
483	158000	546000	0	0.031152
484	162000	546000	0	0.017809
485	166000	546000	0	0.011339
486	170000	546000	0	0.035575
487	174000	546000	0	0.017206
488	178000	546000	0	0.009626
489	182000	546000	0	0.050656
490	186000	546000	0	0.022943
491	190000	546000	0	0.004496
492	194000	546000	0	0.02918
493	198000	546000	0	0.036683
494	202000	546000	0	0
495	206000	546000	2	0.016454
496	210000	546000	4	0
497	214000	546000	8	0
498	218000	546000	17	0
499	222000	546000	11	0.006322
500	226000	546000	12	0.000775
501	230000	546000	13	0
502	234000	546000	14	0
503	238000	546000	16	0
504	242000	546000	22	0
505	246000	546000	15	0.003208
506	250000	546000	17	1E-05
507	254000	546000	20	0.012554
508	258000	546000	7	0.016912
509	262000	546000	7	0.027473
510	266000	546000	8	0.077057
511	270000	546000	8	0.002457
512	110000	542000	0	0.018251
513	114000	542000	0	0.034135
514	118000	542000	0	0.028142
515	122000	542000	0	0.018715
516	126000	542000	-1	0.004349
517	130000	542000	-3	0.024049
518	134000	542000	-3	0.010466
519	154000	542000	0	0.057505
520	158000	542000	0	0.01867
521	162000	542000	0	0.002433
522	166000	542000	4	0.005316
523	170000	542000	0	0.009876
524	174000	542000	0	0.033044
525	178000	542000	0	0.020889
526	182000	542000	-1	0.015957
527	186000	542000	0	0.013441
528	190000	542000	-1	0.01105
529	194000	542000	0	0.04825
530	198000	542000	0	0.04675
531	202000	542000	0	0.008803
532	206000	542000	3	0
533	210000	542000	5	0.017361
534	214000	542000	6	0
535	218000	542000	11	0.015713
536	222000	542000	9	0.000628
537	226000	542000	9	0
538	230000	542000	12	0.061251
539	234000	542000	13	0
540	238000	542000	15	0.026773
541	242000	542000	16	0
542	246000	542000	18	0.010307
543	250000	542000	16	0
544	254000	542000	22	0.019784
545	258000	542000	8	0.024088
546	262000	542000	9	0.022672
547	266000	542000	10	0.00501
548	270000	542000	10	0.026422
549	110000	538000	0	0.013671
550	114000	538000	0	0.009694
551	118000	538000	0	0.006668
552	122000	538000	-1	0.003829
553	126000	538000	-2	0.006833
554	130000	538000	-3	0.054526
555	134000	538000	-4	0
556	138000	538000	0	0.060875
557	166000	538000	0	0.045162
558	170000	538000	0	0.068479
559	174000	538000	0	0.041276
560	178000	538000	-1	0.059986
561	182000	538000	0	0
562	186000	538000	0	0
563	190000	538000	0	0.032365
564	194000	538000	0	0.019853
565	198000	538000	3	0.00653
566	202000	538000	8	0
567	206000	538000	1	0.004864
568	210000	538000	1	0.013048
569	214000	538000	5	0.003798
570	218000	538000	6	0
571	222000	538000	10	0.020659
572	226000	538000	17	0
573	230000	538000	13	1.1E-05
574	234000	538000	14	0
575	238000	538000	14	0
576	242000	538000	16	0
577	246000	538000	17	2E-06
578	250000	538000	17	1.2E-05
579	254000	538000	18	0.000154
580	258000	538000	21	0.008196
581	262000	538000	11	0.009553
582	266000	538000	12	0.048522
583	270000	538000	12	0.002432
584	106000	534000	0	0.08434
585	110000	534000	0	0.000195
586	114000	534000	0	0.104252
587	118000	534000	0	0.008487
588	122000	534000	0	0.0038
589	126000	534000	-2	0
590	130000	534000	-3	0.013756
591	134000	534000	-4	0.000443
592	170000	534000	0	0.052092
593	174000	534000	-3	0.005079
594	178000	534000	-3	0.001674
595	182000	534000	0	0
596	186000	534000	0	0
597	190000	534000	0	0.030042
598	194000	534000	0	0.028424
599	198000	534000	0	0.00808
600	202000	534000	0	0.089876
601	206000	534000	1	0.062576
602	210000	534000	6	0.035346
603	214000	534000	7	0.019481
604	218000	534000	4	0
605	222000	534000	9	1.1E-05
606	226000	534000	11	0.004097
607	230000	534000	12	0.012038
608	234000	534000	13	0.000478
609	238000	534000	15	0
610	242000	534000	15	0.007012
611	246000	534000	15	0.014678
612	250000	534000	16	0.007892
613	254000	534000	16	0.010297
614	258000	534000	23	0.243248
615	262000	534000	14	0.027568
616	266000	534000	13	0.011344
617	270000	534000	14	0.004737
618	106000	530000	0	0.029753
619	110000	530000	0	0.006668
620	114000	530000	0	0.017969
621	118000	530000	0	0.007589
622	122000	530000	0	0.063387
623	126000	530000	-1	0
624	130000	530000	-2	0
625	134000	530000	-1	0.066208
626	138000	530000	0	0.080943
627	142000	530000	0	0.071209
628	146000	530000	0	0.058512
629	170000	530000	-3	0.019195
630	174000	530000	-3	0.007139
631	178000	530000	-3	0.009392
632	182000	530000	-2	0.002693
633	186000	530000	-2	0
634	190000	530000	0	0.00681
635	194000	530000	0	0.036822
636	198000	530000	-1	0.003791
637	202000	530000	-1	0.031459
638	206000	530000	0	0.002678
639	210000	530000	0	0.0038
640	214000	530000	0	0.006995
641	218000	530000	1	0.020474
642	222000	530000	7	0.015213
643	226000	530000	11	0.002561
644	230000	530000	12	0.058658
645	234000	530000	13	1E-05
646	238000	530000	14	1.5E-05
647	242000	530000	14	0.008336
648	246000	530000	13	0.016471
649	250000	530000	13	0.006442
650	254000	530000	14	0.038684
651	258000	530000	18	0.200277
652	262000	530000	19	0.027111
653	266000	530000	15	0.012343
654	270000	530000	16	0.015189
655	106000	526000	4	0.012966
656	110000	526000	0	0.038937
657	114000	526000	0	0.049239
658	118000	526000	0	0.020957
659	122000	526000	0	0.00169
660	126000	526000	0	0.056436
661	130000	526000	0	0.01766
662	134000	526000	-1	0.013613
663	138000	526000	-1	0.046235
664	142000	526000	-2	0.013021
665	146000	526000	-1	0.028137
666	150000	526000	0	0.069878
667	170000	526000	-3	0.016557
668	174000	526000	-3	0.004259
669	178000	526000	-3	0.077083
670	182000	526000	-2	0.064181
671	186000	526000	-2	0.020936
672	190000	526000	-2	0
673	194000	526000	0	0.010873
674	198000	526000	0	0.045829
675	202000	526000	-1	0.043091
676	206000	526000	0	0.034961
677	210000	526000	0	0.085094
678	214000	526000	1	0.020808
679	218000	526000	1	0.001064
680	222000	526000	9	0.005318
681	226000	526000	8	0.083486
682	230000	526000	11	0.225451
683	234000	526000	12	0.027016
684	238000	526000	13	0.007276
685	242000	526000	12	0.004778
686	246000	526000	12	0.017529
687	250000	526000	11	0.000152
688	254000	526000	13	0.034261
689	258000	526000	14	0.036034
690	262000	526000	18	0.048265
691	266000	526000	16	0.04136
692	106000	522000	12	0.001875
693	110000	522000	0	0.041342
694	114000	522000	0	0.097573
695	118000	522000	0	0.183062
696	122000	522000	-1	0.020925
697	126000	522000	-1	0.015722
698	130000	522000	0	0.023169
699	134000	522000	-1	0.050458
700	138000	522000	0	0.04012
701	142000	522000	0	0.088603
702	146000	522000	0	0.161003
703	170000	522000	-1	0.021974
704	174000	522000	-4	0.006224
705	178000	522000	-3	0.080438
706	182000	522000	-3	0.033924
707	186000	522000	-2	0
708	190000	522000	-1	0.001144
709	194000	522000	0	0.032776
710	198000	522000	0	0.059781
711	202000	522000	-1	0.068221
712	206000	522000	0	0.045699
713	210000	522000	0	0.123085
714	214000	522000	1	0.012261
715	218000	522000	2	0.011321
716	222000	522000	3	0.00192
717	226000	522000	10	0.029381
718	230000	522000	10	0
719	234000	522000	11	0.007128
720	238000	522000	9	0.008363
721	242000	522000	9	0.006149
722	246000	522000	10	0.098818
723	250000	522000	9	4.2E-05
724	254000	522000	11	0.013312
725	258000	522000	13	0.01588
726	262000	522000	15	0.012535
727	266000	522000	17	0.060289
728	102000	518000	0	0.05813
729	106000	518000	2	0
730	110000	518000	0	0.144131
731	114000	518000	0	0.16572
732	118000	518000	-1	0.092572
733	122000	518000	-1	0
734	126000	518000	-1	0.005015
735	130000	518000	-2	0.062431
736	134000	518000	0	0.227928
737	138000	518000	0	0.012783
738	142000	518000	0	0.03397
739	170000	518000	0	0.132305
740	174000	518000	-3	0.014404
741	178000	518000	-3	0.02246
742	182000	518000	-2	0
743	186000	518000	-2	0.010604
744	190000	518000	-2	0.008295
745	194000	518000	-1	0.02551
746	198000	518000	0	0.018966
747	202000	518000	0	0.041688
748	206000	518000	0	0
749	210000	518000	0	0.080404
750	214000	518000	1	0.000761
751	218000	518000	2	0
752	222000	518000	3	1E-05
753	226000	518000	7	0
754	230000	518000	8	0
755	234000	518000	9	0.019614
756	238000	518000	8	0.039006
757	242000	518000	8	0.018009
758	246000	518000	8	0.111081
759	250000	518000	10	0
760	254000	518000	11	0
761	258000	518000	12	0.000914
762	262000	518000	14	0.003059
763	266000	518000	15	0.01458
764	102000	514000	0	0.062562
765	106000	514000	1	0.03123
766	110000	514000	2	0.104864
767	114000	514000	-2	0.170805
768	118000	514000	-3	0.005758
769	122000	514000	-1	0.015874
770	126000	514000	-2	0.031938
771	130000	514000	0	0.046047
772	138000	514000	0	0.059151
773	170000	514000	0	0.058542
774	174000	514000	-1	0.035164
775	178000	514000	-1	0.03558
776	182000	514000	-1	0.031505
777	186000	514000	0	0.020328
778	190000	514000	0	0.026134
779	194000	514000	0	0.023123
780	198000	514000	0	0.049766
781	202000	514000	0	0.078459
782	206000	514000	0	0
783	210000	514000	0	0.021405
784	214000	514000	1	0.001825
785	218000	514000	3	0
786	222000	514000	4	0.011055
787	226000	514000	4	0.035713
788	230000	514000	6	0.048848
789	234000	514000	6	0.019899
790	238000	514000	7	0.001674
791	242000	514000	8	0.018866
792	246000	514000	9	0.011953
793	102000	510000	0	0.040828
794	106000	510000	2	0.015416
795	110000	510000	0	0.04306
796	114000	510000	-2	0.001069
797	118000	510000	-1	0.006984
798	122000	510000	-3	0
799	126000	510000	-2	0
800	130000	510000	0	0.033339
801	166000	510000	-3	0.024768
802	170000	510000	-3	0.00472
803	174000	510000	-3	0.039346
804	178000	510000	-3	0.020924
805	182000	510000	-1	0.033441
806	186000	510000	0	0.025516
807	190000	510000	0	0.171823
808	194000	510000	0	0.021367
809	198000	510000	0	0
810	202000	510000	0	0.088495
811	206000	510000	0	0
812	210000	510000	0	0.004257
813	214000	510000	1	0.035723
814	218000	510000	2	0.013148
815	222000	510000	4	0
816	226000	510000	5	0
817	230000	510000	4	0
818	234000	510000	7	0.000725
819	238000	510000	8	0.156385
820	242000	510000	9	0.014806
821	246000	510000	10	0
822	102000	506000	4	0.061084
823	106000	506000	1	0.065174
824	110000	506000	0	0.05004
825	114000	506000	0	0.009019
826	118000	506000	-2	0.016317
827	122000	506000	-3	0.018567
828	126000	506000	-2	0.003798
829	130000	506000	-1	0.001069
830	158000	506000	0	0.106125
831	162000	506000	0	0.052353
832	166000	506000	-3	0.093449
833	170000	506000	-4	0
834	174000	506000	-4	0.003315
835	178000	506000	-3	0.097633
836	182000	506000	-3	0
837	186000	506000	0	0.006949
838	190000	506000	0	0.095596
839	194000	506000	0	0.037078
840	198000	506000	0	0.008246
841	202000	506000	0	0.101692
842	206000	506000	0	0.044863
843	210000	506000	0	0.003771
844	214000	506000	1	0
845	218000	506000	3	0
846	222000	506000	5	0.001068
847	226000	506000	6	0.051649
848	230000	506000	8	0
849	234000	506000	8	0.001195
850	238000	506000	7	0.005994
851	242000	506000	11	4.8E-05
852	246000	506000	26	0.001387
853	102000	502000	9	0.165992
854	106000	502000	3	0.14899
855	110000	502000	0	0.035269
856	114000	502000	0	0.175661
857	118000	502000	0	0.024363
858	122000	502000	-2	0.002072
859	126000	502000	0	0.188144
860	130000	502000	-2	0.10779
861	134000	502000	0	0.108694
862	158000	502000	-1	0.216978
863	162000	502000	-1	0.168402
864	166000	502000	-3	0.000783
865	170000	502000	-4	0
866	174000	502000	-3	0.006378
867	178000	502000	-3	0.062345
868	182000	502000	-3	0
869	186000	502000	0	0.009187
870	190000	502000	0	0
871	194000	502000	0	0.005739
872	198000	502000	0	0.039028
873	202000	502000	2	0.269468
874	206000	502000	1	0.186827
875	210000	502000	1	0
876	214000	502000	4	0.040566
877	218000	502000	5	1.2E-05
878	222000	502000	8	0.024652
879	226000	502000	11	0.019338
880	230000	502000	14	0
881	234000	502000	6	0.00531
882	238000	502000	7	0.001978
883	242000	502000	14	0.02095
884	246000	502000	23	0.004671
885	98000	498000	0	0.082037
886	102000	498000	8	0.424636
887	106000	498000	1	0.262407
888	110000	498000	-1	0.023828
889	114000	498000	0	0.089082
890	118000	498000	0	0.046396
891	122000	498000	0	0.004938
892	126000	498000	-1	0.01618
893	130000	498000	0	0.032543
894	134000	498000	0	0.059916
895	138000	498000	0	0.063381
896	150000	498000	0	0.068686
897	154000	498000	-3	0.065826
898	158000	498000	-1	0.016244
899	162000	498000	-4	0.07203
900	166000	498000	-4	0.050953
901	170000	498000	-4	0
902	174000	498000	-3	0.013714
903	178000	498000	-3	0.03172
904	182000	498000	-2	0.000628
905	186000	498000	0	0.062449
906	190000	498000	0	0.00501
907	194000	498000	1	0.013891
908	198000	498000	7	0.088542
909	202000	498000	3	0.094328
910	206000	498000	0	0.042995
911	210000	498000	1	0
912	214000	498000	2	0
913	218000	498000	4	0.000152
914	222000	498000	5	0.000457
915	226000	498000	8	0.011212
916	230000	498000	6	0.017914
917	234000	498000	7	0.072132
918	238000	498000	8	0.026017
919	242000	498000	12	0.037809
920	246000	498000	17	0
921	250000	498000	24	0
922	254000	498000	48	0.007136
923	262000	498000	20	0.005925
924	98000	494000	0	0.043739
925	102000	494000	11	0.037345
926	106000	494000	1	0.079924
927	110000	494000	0	0.022141
928	114000	494000	0	0.255516
929	118000	494000	1	0.285744
930	122000	494000	0	0.102927
931	126000	494000	-1	0.000148
932	130000	494000	0	0.023512
933	134000	494000	0	0.050233
934	138000	494000	0	0.068583
935	142000	494000	0	0.068686
936	146000	494000	0	0.046593
937	150000	494000	-3	0.044358
938	154000	494000	-3	0.021189
939	158000	494000	-3	0.007385
940	162000	494000	-3	0.008768
941	166000	494000	-4	0.004147
942	170000	494000	-3	0
943	174000	494000	-3	0.003506
944	178000	494000	-2	0.001851
945	182000	494000	0	0.021484
946	186000	494000	1	0.046248
947	190000	494000	5	0.02018
948	194000	494000	17	0.0195
949	198000	494000	37	0.051638
950	202000	494000	4	0.020057
951	206000	494000	1	0.005008
952	210000	494000	1	0.002434
953	214000	494000	4	0.045595
954	218000	494000	5	0.012861
955	222000	494000	6	0.005473
956	226000	494000	7	0
957	230000	494000	6	0
958	234000	494000	8	0.003039
959	238000	494000	8	0.033186
960	242000	494000	10	0.013385
961	246000	494000	14	0.012854
962	250000	494000	22	0.007287
963	254000	494000	45	0
964	258000	494000	40	0.031457
965	262000	494000	20	0
966	266000	494000	22	0.068854
967	98000	490000	5	0.034541
968	102000	490000	9	0.103835
969	106000	490000	0	0.232682
970	110000	490000	0	0.070958
971	114000	490000	0	0.425643
972	118000	490000	2	0.456393
973	122000	490000	2	0.335788
974	126000	490000	0	0.114774
975	130000	490000	0	0.03061
976	134000	490000	0	0.067997
977	138000	490000	0	0.056398
978	142000	490000	-2	0.089996
979	146000	490000	-2	0.249395
980	150000	490000	-3	0.049507
981	154000	490000	-4	0.009822
982	158000	490000	-3	0
983	162000	490000	-3	0
984	166000	490000	-3	0
985	170000	490000	-2	0.000979
986	174000	490000	-1	0.035868
987	178000	490000	-1	0.041731
988	182000	490000	2	0.037535
989	186000	490000	12	0.003345
990	190000	490000	25	0.05857
991	194000	490000	35	0
992	198000	490000	19	0.059001
993	202000	490000	2	0.006926
994	206000	490000	2	0.047197
995	210000	490000	2	0
996	214000	490000	4	0.061097
997	218000	490000	5	0.061021
998	222000	490000	7	0.004702
999	226000	490000	17	0.026746
1000	230000	490000	8	0.012416
1001	234000	490000	9	0
1002	238000	490000	9	0.113904
1003	242000	490000	9	0.056088
1004	246000	490000	13	0.006379
1005	250000	490000	18	0.019923
1006	254000	490000	24	0
1007	258000	490000	24	0.013435
1008	262000	490000	22	0
1009	266000	490000	24	0.044258
1010	270000	490000	27	0.012116
1011	94000	486000	0	0.060445
1012	98000	486000	9	0.040137
1013	102000	486000	4	0.154476
1014	106000	486000	0	0.125287
1015	110000	486000	-4	0.038063
1016	114000	486000	0	0.139846
1017	118000	486000	3	0.230416
1018	122000	486000	5	0.321026
1019	126000	486000	0	0.254101
1020	130000	486000	0	0.067054
1021	134000	486000	0	0.068686
1022	138000	486000	0	0.026318
1023	142000	486000	-1	0.222561
1024	146000	486000	-2	0.108087
1025	150000	486000	-4	4.1E-05
1026	154000	486000	-4	0
1027	158000	486000	-4	0.03672
1028	162000	486000	-3	0.093137
1029	166000	486000	-3	0.025963
1030	170000	486000	-1	0.128539
1031	174000	486000	1	0.108711
1032	178000	486000	5	0.009251
1033	182000	486000	18	0.071572
1034	186000	486000	26	2E-06
1035	190000	486000	36	0
1036	194000	486000	26	0.051086
1037	198000	486000	7	0.015872
1038	202000	486000	2	0.011653
1039	206000	486000	2	0.010679
1040	210000	486000	3	0
1041	214000	486000	4	0.025337
1042	218000	486000	7	0.012384
1043	222000	486000	9	0.005305
1044	226000	486000	29	0.025126
1045	230000	486000	10	0.135565
1046	234000	486000	10	0.000471
1047	238000	486000	11	0.178391
1048	242000	486000	12	0.266389
1049	246000	486000	12	0.006899
1050	250000	486000	13	0.011965
1051	254000	486000	16	0.01241
1052	258000	486000	22	0.007581
1053	262000	486000	30	0
1054	266000	486000	29	0
1055	270000	486000	29	0.00295
1056	94000	482000	6	0.030507
1057	98000	482000	7	0.004409
1058	102000	482000	0	0.076417
1059	106000	482000	-2	0.095298
1060	110000	482000	-3	0.148707
1061	114000	482000	-1	0.423772
1062	118000	482000	1	0.138138
1063	122000	482000	0	0.228584
1064	126000	482000	1	0.262936
1065	130000	482000	0	0.139905
1066	134000	482000	0	0.040707
1067	138000	482000	0	0.077324
1068	142000	482000	-1	0.112337
1069	146000	482000	-1	0.069221
1070	150000	482000	-2	0.032753
1071	154000	482000	-3	0
1072	158000	482000	-3	0
1073	162000	482000	0	0.013648
1074	166000	482000	-1	0.127144
1075	170000	482000	4	0.135835
1076	174000	482000	16	0.069611
1077	178000	482000	23	0
1078	182000	482000	31	0.028142
1079	186000	482000	44	0
1080	190000	482000	33	0.000163
1081	194000	482000	15	0.017553
1082	198000	482000	5	0.003201
1083	202000	482000	2	0.00856
1084	206000	482000	4	0.014656
1085	210000	482000	5	0
1086	214000	482000	5	0.009845
1087	218000	482000	8	0.005616
1088	222000	482000	13	0
1089	226000	482000	42	0
1090	230000	482000	10	0.093914
1091	234000	482000	10	0.062642
1092	238000	482000	9	0.013665
1093	242000	482000	11	0.068506
1094	246000	482000	13	0.066931
1095	250000	482000	14	0.022139
1096	254000	482000	19	0.004404
1097	258000	482000	31	0.09895
1098	262000	482000	56	0.068763
1099	266000	482000	33	0.011304
1100	94000	478000	3	0.075074
1101	98000	478000	0	0.0499
1102	102000	478000	-4	0.098028
1103	106000	478000	-3	0.125881
1104	110000	478000	-3	0.225329
1105	114000	478000	-2	0.347976
1106	118000	478000	-1	0.159484
1107	122000	478000	-1	0.066596
1108	126000	478000	0	0.242153
1109	130000	478000	0	0.059063
1110	134000	478000	0	0.016485
1111	138000	478000	1	0.119481
1112	142000	478000	10	0.069735
1113	146000	478000	3	0.201977
1114	150000	478000	-1	0.043259
1115	154000	478000	-3	0.010382
1116	158000	478000	-3	1.3E-05
1117	162000	478000	-1	0
1118	166000	478000	1	0.01296
1119	170000	478000	14	0.086221
1120	174000	478000	32	0.018828
1121	178000	478000	24	0
1122	182000	478000	33	0.009709
1123	186000	478000	65	0
1124	190000	478000	41	0
1125	194000	478000	15	0.051488
1126	198000	478000	3	0.010871
1127	202000	478000	3	0.027909
1128	206000	478000	5	0.051477
1129	210000	478000	6	0.0076
1130	214000	478000	7	1.3E-05
1131	218000	478000	9	0
1132	222000	478000	10	0
1133	226000	478000	22	0.030945
1134	230000	478000	15	0.018522
1135	234000	478000	14	0.029855
1136	238000	478000	10	0.01767
1137	242000	478000	13	0.001497
1138	246000	478000	19	0.037805
1139	250000	478000	16	0.196396
1140	254000	478000	23	0.089759
1141	258000	478000	35	0.235025
1142	262000	478000	51	0.020987
1143	266000	478000	36	0.027276
1144	90000	474000	0	0.084399
1145	94000	474000	0	0.071274
1146	98000	474000	0	0.095173
1147	102000	474000	-3	0.042547
1148	106000	474000	-3	0.060853
1149	110000	474000	-1	0.083865
1150	114000	474000	-2	0.110551
1151	118000	474000	-3	0.08874
1152	122000	474000	-2	0.009762
1153	126000	474000	-1	0.031352
1154	130000	474000	0	0.020755
1155	134000	474000	0	0.043161
1156	138000	474000	5	0.058446
1157	142000	474000	14	0.118383
1158	146000	474000	1	0.104155
1159	150000	474000	0	0.000665
1160	154000	474000	0	0.067672
1161	158000	474000	0	0.011485
1162	162000	474000	0	0.05927
1163	166000	474000	3	0.008771
1164	170000	474000	18	0.095123
1165	174000	474000	50	1.1E-05
1166	178000	474000	31	0.002279
1167	182000	474000	34	0.00819
1168	186000	474000	75	0
1169	190000	474000	51	0
1170	194000	474000	15	0.072212
1171	198000	474000	4	0.022146
1172	202000	474000	3	0.041713
1173	206000	474000	5	0.0899
1174	210000	474000	7	0.340738
1175	214000	474000	8	0.045156
1176	218000	474000	10	0.013606
1177	222000	474000	10	0
1178	226000	474000	11	2E-06
1179	230000	474000	17	0.02139
1180	234000	474000	14	0.014452
1181	238000	474000	11	0.104716
1182	242000	474000	13	0.001882
1183	246000	474000	18	0.048258
1184	250000	474000	19	0.312217
1185	254000	474000	28	0.140721
1186	258000	474000	42	0.093456
1187	262000	474000	45	0.00365
1188	266000	474000	36	0.080802
1189	270000	474000	39	0.013786
1190	90000	470000	1	0.133232
1191	94000	470000	0	0.088752
1192	98000	470000	0	0.034057
1193	102000	470000	-3	0.018724
1194	106000	470000	-3	0.046801
1195	110000	470000	-3	0.017805
1196	114000	470000	-3	0.008935
1197	118000	470000	-3	0.097266
1198	122000	470000	-4	0.101033
1199	126000	470000	-1	0.039229
1200	130000	470000	0	0.03504
1201	134000	470000	0	0.079786
1202	138000	470000	4	0.1406
1203	142000	470000	9	0.146009
1204	146000	470000	7	0.09893
1205	150000	470000	0	0.065072
1206	154000	470000	0	0.091321
1207	158000	470000	0	0.000765
1208	162000	470000	3	0.163028
1209	166000	470000	8	0
1210	170000	470000	15	5E-06
1211	174000	470000	30	1.4E-05
1212	178000	470000	36	0.020968
1213	182000	470000	37	0.0097
1214	186000	470000	71	0
1215	190000	470000	69	0.011972
1216	194000	470000	19	0.253724
1217	198000	470000	8	0.101311
1218	202000	470000	5	0.023578
1219	206000	470000	6	0.019851
1220	210000	470000	6	0.022755
1221	214000	470000	8	0
1222	218000	470000	10	0.005164
1223	222000	470000	11	0
1224	226000	470000	12	0
1225	230000	470000	13	0.001675
1226	234000	470000	13	0.008647
1227	238000	470000	14	0.021337
1228	242000	470000	16	0.005761
1229	246000	470000	20	0
1230	250000	470000	25	0.012389
1231	254000	470000	30	0.23347
1232	258000	470000	41	0.232024
1233	262000	470000	42	0.082842
1234	86000	466000	8	0.027539
1235	90000	466000	0	0.267714
1236	94000	466000	1	0.251931
1237	98000	466000	-1	0.027033
1238	102000	466000	-1	0.02036
1239	106000	466000	-3	0.011294
1240	110000	466000	-2	0.032418
1241	114000	466000	-4	0.000304
1242	118000	466000	-2	0.012899
1243	122000	466000	-1	0.016912
1244	126000	466000	0	0.006674
1245	130000	466000	0	0.053506
1246	134000	466000	0	0.060295
1247	138000	466000	0	0.052805
1248	142000	466000	11	0.011364
1249	146000	466000	10	0.102954
1250	150000	466000	1	0.068491
1251	154000	466000	2	0.217791
1252	158000	466000	3	0.144007
1253	162000	466000	4	0.021852
1254	166000	466000	9	0.024209
1255	170000	466000	14	0.114141
1256	174000	466000	17	0.006906
1257	178000	466000	25	0.008194
1258	182000	466000	35	0
1259	186000	466000	64	0
1260	190000	466000	56	0.019316
1261	194000	466000	24	0.273487
1262	198000	466000	10	0.11271
1263	202000	466000	7	0.009327
1264	206000	466000	8	0.008333
1265	210000	466000	6	0.007892
1266	214000	466000	10	0.014513
1267	218000	466000	10	0
1268	222000	466000	11	0.031805
1269	226000	466000	13	0.079521
1270	230000	466000	12	0
1271	234000	466000	14	0
1272	238000	466000	16	0
1273	242000	466000	17	0
1274	246000	466000	22	0.042617
1275	250000	466000	28	0.01552
1276	254000	466000	33	0.008117
1277	258000	466000	42	0.027621
1278	262000	466000	44	0.019584
1279	82000	462000	0	0.035343
1280	86000	462000	8	0.072255
1281	90000	462000	0	0.126841
1282	94000	462000	1	0.23633
1283	98000	462000	0	0.118862
1284	102000	462000	0	0.155177
1285	106000	462000	0	0.177189
1286	110000	462000	-3	0.014056
1287	114000	462000	0	0.065732
1288	118000	462000	-1	0.020255
1289	122000	462000	0	0.000152
1290	126000	462000	0	0.011345
1291	130000	462000	0	0.097992
1292	134000	462000	0	0.028494
1293	138000	462000	0	0.018114
1294	142000	462000	9	0.08286
1295	146000	462000	13	0.141465
1296	150000	462000	15	0.046371
1297	154000	462000	11	0.20667
1298	158000	462000	3	0.144731
1299	162000	462000	4	0.012854
1300	166000	462000	8	0.027951
1301	170000	462000	12	0.17098
1302	174000	462000	15	0.008496
1303	178000	462000	21	0.004707
1304	182000	462000	34	0.005918
1305	186000	462000	48	0
1306	190000	462000	88	2E-05
1307	194000	462000	53	0.010776
1308	198000	462000	20	0.006431
1309	202000	462000	9	0
1310	206000	462000	7	0.000849
1311	210000	462000	7	0.193559
1312	214000	462000	9	0.045837
1313	218000	462000	14	0
1314	222000	462000	14	0.003219
1315	226000	462000	16	0.039103
1316	230000	462000	13	0
1317	234000	462000	15	0.007243
1318	238000	462000	19	0.056791
1319	242000	462000	20	0.010341
1320	246000	462000	27	0.072825
1321	250000	462000	32	0.019045
1322	254000	462000	35	0
1323	258000	462000	43	0.022067
1324	78000	458000	0	0.144315
1325	82000	458000	7	0.089757
1326	86000	458000	1	0.115318
1327	90000	458000	0	0.052576
1328	94000	458000	-1	0.025155
1329	98000	458000	-1	0.005616
1330	102000	458000	-1	0.047338
1331	106000	458000	-1	0.0604
1332	110000	458000	-1	0.026184
1333	114000	458000	-1	0.005895
1334	118000	458000	-1	0.00878
1335	122000	458000	0	0.019494
1336	126000	458000	0	0.031485
1337	130000	458000	0	0.133403
1338	134000	458000	3	0.349889
1339	138000	458000	3	0.155737
1340	142000	458000	6	0.140731
1341	146000	458000	14	0.12584
1342	150000	458000	27	0.103612
1343	154000	458000	15	0.000312
1344	158000	458000	3	0.038498
1345	162000	458000	5	0
1346	166000	458000	8	0.002102
1347	170000	458000	11	0.000609
1348	174000	458000	17	0
1349	178000	458000	21	0.00076
1350	182000	458000	31	0.027364
1351	186000	458000	47	0
1352	190000	458000	70	0.006088
1353	194000	458000	77	0.024574
1354	198000	458000	39	0.01497
1355	202000	458000	15	0.050531
1356	206000	458000	9	0.016486
1357	210000	458000	7	0.046763
1358	214000	458000	8	0.01753
1359	218000	458000	12	0.028982
1360	222000	458000	15	0
1361	226000	458000	15	0.007132
1362	230000	458000	16	0.006791
1363	234000	458000	16	0.056628
1364	238000	458000	18	0
1365	242000	458000	24	0.061529
1366	246000	458000	26	0
1367	250000	458000	32	0.003785
1368	74000	454000	0	0.070236
1369	78000	454000	4	0.21336
1370	82000	454000	3	0.305865
1371	86000	454000	0	0.255853
1372	90000	454000	-4	0.027182
1373	94000	454000	-1	0.19176
1374	98000	454000	-4	0.029784
1375	102000	454000	-4	0.037307
1376	106000	454000	-1	0.012576
1377	110000	454000	-1	0.08075
1378	114000	454000	0	0.038205
1379	118000	454000	0	0.07282
1380	122000	454000	0	0.095481
1381	126000	454000	0	0.016171
1382	130000	454000	0	0.066096
1383	134000	454000	2	0.247795
1384	138000	454000	4	0.221963
1385	142000	454000	3	0.151463
1386	146000	454000	9	0.10446
1387	150000	454000	21	0.021168
1388	154000	454000	14	0.032399
1389	158000	454000	4	0.071661
1390	162000	454000	6	0.049946
1391	166000	454000	8	0.014671
1392	170000	454000	10	0.037677
1393	174000	454000	33	0.00152
1394	178000	454000	35	0.009237
1395	182000	454000	33	6E-06
1396	186000	454000	42	0.005698
1397	190000	454000	72	0.074998
1398	194000	454000	84	0
1399	198000	454000	61	1.9E-05
1400	202000	454000	30	0.024091
1401	206000	454000	10	0.02855
1402	210000	454000	7	0.01493
1403	214000	454000	8	0
1404	218000	454000	12	0.00652
1405	222000	454000	15	0
1406	226000	454000	18	0.010453
1407	230000	454000	17	0.010297
1408	234000	454000	17	0.004255
1409	238000	454000	20	0.016858
1410	242000	454000	29	0
1411	246000	454000	29	0
1412	70000	450000	0	0.072909
1413	74000	450000	1	0.035806
1414	78000	450000	0	0.163649
1415	82000	450000	1	0.185422
1416	86000	450000	-1	0.108871
1417	90000	450000	-2	0.054174
1418	94000	450000	-3	0.180088
1419	98000	450000	-3	0.06868
1420	102000	450000	-4	0.025707
1421	106000	450000	-1	0.155465
1422	110000	450000	0	0.113037
1423	114000	450000	-1	0.017147
1424	118000	450000	0	0.04645
1425	122000	450000	0	0.01678
1426	126000	450000	0	0.036006
1427	130000	450000	0	0.047035
1428	134000	450000	2	0.267395
1429	138000	450000	2	0.218141
1430	142000	450000	2	0.052171
1431	146000	450000	3	0.054959
1432	150000	450000	10	0.061136
1433	154000	450000	26	0.01825
1434	158000	450000	14	0.006227
1435	162000	450000	8	0.010146
1436	166000	450000	7	0.18843
1437	170000	450000	8	0.142362
1438	174000	450000	21	0.232254
1439	178000	450000	29	0.002283
1440	182000	450000	36	0
1441	186000	450000	43	0.032729
1442	190000	450000	49	0.113681
1443	194000	450000	72	0.00209
1444	198000	450000	84	0
1445	202000	450000	44	0.032932
1446	206000	450000	8	0.050965
1447	210000	450000	8	2.3E-05
1448	214000	450000	9	0
1449	218000	450000	13	0.026759
1450	222000	450000	17	0
1451	226000	450000	16	0
1452	230000	450000	16	0
1453	234000	450000	18	0
1454	238000	450000	23	0.061226
1455	242000	450000	29	0.006214
1456	246000	450000	34	0.007086
1457	250000	450000	36	0.047701
1458	62000	446000	0	0.086566
1459	66000	446000	0	0.065896
1460	70000	446000	1	0.059211
1461	74000	446000	0	0.094898
1462	78000	446000	0	0.007685
1463	82000	446000	0	0.114791
1464	86000	446000	0	0.273559
1465	90000	446000	-2	0.036074
1466	94000	446000	-4	0.068698
1467	98000	446000	-4	0.046185
1468	102000	446000	-5	0.006829
1469	106000	446000	-2	0.129076
1470	110000	446000	0	0.093133
1471	114000	446000	-1	0.023455
1472	118000	446000	-1	0.016463
1473	122000	446000	0	0.024681
1474	126000	446000	0	0.031808
1475	130000	446000	0	0.058951
1476	134000	446000	2	0.171051
1477	138000	446000	0	0.02992
1478	142000	446000	1	0.020046
1479	146000	446000	2	0.002225
1480	150000	446000	3	0.012378
1481	154000	446000	4	0
1482	158000	446000	7	0.035028
1483	162000	446000	27	0.031938
1484	166000	446000	10	0.142008
1485	170000	446000	6	0.010894
1486	174000	446000	14	0.119079
1487	178000	446000	35	0.011965
1488	182000	446000	31	0.076454
1489	186000	446000	46	0.033397
1490	190000	446000	59	0.141512
1491	194000	446000	41	0.141864
1492	198000	446000	13	0.060614
1493	202000	446000	8	0.068069
1494	206000	446000	9	0.060132
1495	210000	446000	10	0.000152
1496	214000	446000	11	0.01091
1497	218000	446000	12	0.004103
1498	222000	446000	16	0.035584
1499	226000	446000	17	0
1500	230000	446000	17	0
1501	234000	446000	18	0.035915
1502	238000	446000	24	0.075759
1503	242000	446000	30	0
1504	246000	446000	32	0.02245
1505	250000	446000	38	0
1506	254000	446000	47	0
1507	62000	442000	2	0.246133
1508	66000	442000	1	0.33121
1509	70000	442000	0	0.204399
1510	74000	442000	0	0.038443
1511	78000	442000	0	0.018828
1512	82000	442000	-2	0.015517
1513	86000	442000	-1	0.061422
1514	90000	442000	-3	0.211544
1515	94000	442000	-2	0.1228
1516	98000	442000	-3	0.240739
1517	102000	442000	-3	0.115192
1518	106000	442000	-1	0.00528
1519	110000	442000	-1	0.018539
1520	114000	442000	-1	0.020478
1521	118000	442000	0	0.031479
1522	122000	442000	0	0.018503
1523	126000	442000	0	0.051712
1524	130000	442000	0	0.03467
1525	134000	442000	0	0.115726
1526	138000	442000	0	0.010659
1527	142000	442000	1	0.040515
1528	146000	442000	3	0.046144
1529	150000	442000	4	0.092462
1530	154000	442000	4	0.039294
1531	158000	442000	5	0.028533
1532	162000	442000	5	0.017769
1533	166000	442000	10	0.063528
1534	170000	442000	7	0.033754
1535	174000	442000	9	0.154608
1536	178000	442000	9	0.089082
1537	182000	442000	10	0.076452
1538	186000	442000	8	0.069565
1539	190000	442000	11	0.18176
1540	194000	442000	11	0.251076
1541	198000	442000	8	0.165656
1542	202000	442000	8	0
1543	206000	442000	9	0.007438
1544	210000	442000	12	0.017801
1545	214000	442000	11	0.112212
1546	218000	442000	14	0.215527
1547	222000	442000	16	0
1548	226000	442000	17	0.001218
1549	230000	442000	18	0.007729
1550	234000	442000	19	0.005918
1551	238000	442000	30	0.003241
1552	242000	442000	29	0.002138
1553	246000	442000	37	0.132271
1554	250000	442000	42	0
1555	254000	442000	48	0.002432
1556	58000	438000	0	0.069857
1557	62000	438000	0	0.086786
1558	66000	438000	1	0.116757
1559	70000	438000	0	0.231075
1560	74000	438000	1	0.295687
1561	78000	438000	0	0.085676
1562	82000	438000	0	0.123594
1563	86000	438000	1	0.304429
1564	90000	438000	2	0.303637
1565	94000	438000	3	0.23106
1566	98000	438000	0	0.232406
1567	102000	438000	0	0.144178
1568	106000	438000	-1	0.001368
1569	110000	438000	-1	0.011849
1570	114000	438000	0	0.046539
1571	118000	438000	0	0.078963
1572	122000	438000	0	0.008606
1573	126000	438000	0	0.020425
1574	130000	438000	0	0.010832
1575	134000	438000	0	0.01633
1576	138000	438000	0	0.014641
1577	142000	438000	0	0.101564
1578	146000	438000	1	0.00703
1579	150000	438000	2	0.007437
1580	154000	438000	3	0.006521
1581	158000	438000	4	0.04753
1582	162000	438000	4	0.012171
1583	166000	438000	6	0.02913
1584	170000	438000	6	0.06385
1585	174000	438000	6	0.012528
1586	178000	438000	7	0.023419
1587	182000	438000	7	0.004563
1588	186000	438000	7	0.086147
1589	190000	438000	8	0.056108
1590	194000	438000	10	0.078041
1591	198000	438000	10	0.051325
1592	202000	438000	10	0.128706
1593	206000	438000	11	0.061127
1594	210000	438000	14	0
1595	214000	438000	15	0.001524
1596	218000	438000	12	0.016364
1597	222000	438000	14	0.098294
1598	226000	438000	16	0.002132
1599	230000	438000	18	0.048873
1600	234000	438000	20	0
1601	238000	438000	28	0.080433
1602	242000	438000	35	0.001827
1603	246000	438000	45	0
1604	250000	438000	47	0.010981
1605	62000	434000	0	0.040743
1606	66000	434000	0	0.007283
1607	70000	434000	0	0.046709
1608	74000	434000	0	0.150272
1609	78000	434000	3	0.469693
1610	82000	434000	2	0.473996
1611	86000	434000	2	0.464342
1612	90000	434000	2	0.427196
1613	94000	434000	1	0.299035
1614	98000	434000	0	0.26865
1615	102000	434000	0	0.198567
1616	106000	434000	0	0.077327
1617	110000	434000	-1	0.012844
1618	114000	434000	-1	0.000305
1619	118000	434000	-1	0.01737
1620	122000	434000	0	0.017645
1621	126000	434000	0	0.026868
1622	130000	434000	0	0.0035
1623	134000	434000	0	0.087329
1624	138000	434000	0	0.006524
1625	142000	434000	1	0.043373
1626	146000	434000	2	0.049048
1627	150000	434000	3	0.076453
1628	154000	434000	4	0.011237
1629	158000	434000	5	0.246322
1630	162000	434000	6	0.050318
1631	166000	434000	6	0.09648
1632	170000	434000	6	0.109422
1633	174000	434000	7	0.035103
1634	178000	434000	8	0.030895
1635	182000	434000	8	0.043215
1636	186000	434000	8	0.103127
1637	190000	434000	9	0.078922
1638	194000	434000	9	0.038676
1639	198000	434000	11	0.030933
1640	202000	434000	11	0.016689
1641	206000	434000	11	0.012582
1642	210000	434000	25	0.009086
1643	214000	434000	28	0.050574
1644	218000	434000	13	9.5E-05
1645	222000	434000	13	0.087216
1646	226000	434000	14	0.0038
1647	230000	434000	17	0
1648	234000	434000	20	0
1649	238000	434000	34	0
1650	58000	430000	0	0.053397
1651	62000	430000	0	0.079145
1652	66000	430000	0	0.019696
1653	70000	430000	0	0.08807
1654	74000	430000	-1	0.004581
1655	78000	430000	0	0.1762
1656	82000	430000	0	0.30365
1657	86000	430000	0	0.170764
1658	90000	430000	0	0.169267
1659	94000	430000	0	0.109174
1660	98000	430000	0	0.197649
1661	102000	430000	0	0.14693
1662	106000	430000	0	0.204538
1663	110000	430000	-1	0.013891
1664	114000	430000	-1	0.012717
1665	118000	430000	-1	0.009397
1666	122000	430000	-1	0.028176
1667	126000	430000	0	0.109666
1668	130000	430000	0	0.011505
1669	134000	430000	0	0.008602
1670	138000	430000	0	0.000457
1671	142000	430000	1	0.026007
1672	146000	430000	2	0.027429
1673	150000	430000	3	0.052926
1674	154000	430000	3	0.024778
1675	158000	430000	4	0.030875
1676	162000	430000	4	0.002889
1677	166000	430000	5	0.000912
1678	170000	430000	5	0.01752
1679	174000	430000	6	0.012505
1680	178000	430000	7	0.074449
1681	182000	430000	8	0.145876
1682	186000	430000	10	0.224801
1683	190000	430000	9	0.036752
1684	194000	430000	9	0.053579
1685	198000	430000	10	0.020339
1686	202000	430000	11	0.045854
1687	206000	430000	12	0.059828
1688	210000	430000	13	0.024275
1689	214000	430000	15	0.121528
1690	218000	430000	13	0.028185
1691	222000	430000	14	0.014251
1692	226000	430000	16	0.021517
1693	230000	430000	17	0.053571
1694	50000	426000	0	0.037926
1695	54000	426000	1	0.02152
1696	58000	426000	0	0.016736
1697	62000	426000	0	0.111019
1698	66000	426000	0	0.075641
1699	70000	426000	0	0.097156
1700	74000	426000	0	0.006403
1701	78000	426000	0	0.024561
1702	82000	426000	0	0.076021
1703	86000	426000	0	0.082848
1704	90000	426000	0	0.099013
1705	94000	426000	0	0.043351
1706	98000	426000	0	0.088891
1707	102000	426000	0	0.264216
1708	106000	426000	1	0.245778
1709	110000	426000	0	0.280601
1710	114000	426000	0	0.10409
1711	118000	426000	0	0.119125
1712	122000	426000	0	0.067939
1713	126000	426000	1	0.163259
1714	130000	426000	0	0.057295
1715	134000	426000	1	0.040727
1716	138000	426000	1	0.024978
1717	142000	426000	2	0.031982
1718	146000	426000	3	0.116733
1719	150000	426000	3	0.016052
1720	154000	426000	3	0.028832
1721	158000	426000	4	0.020598
1722	162000	426000	5	0.009603
1723	166000	426000	5	0.052611
1724	170000	426000	6	0.004221
1725	174000	426000	6	0.001624
1726	178000	426000	8	0.10138
1727	182000	426000	9	0.242198
1728	186000	426000	20	0.250679
1729	190000	426000	58	0.071045
1730	194000	426000	12	0.027204
1731	50000	422000	0	0.099431
1732	54000	422000	0	0.066822
1733	58000	422000	0	0.067169
1734	62000	422000	0	0.021753
1735	66000	422000	0	0.011322
1736	70000	422000	0	0.050885
1737	74000	422000	0	0.06762
1738	78000	422000	0	0.019551
1739	82000	422000	0	0
1740	86000	422000	0	0
1741	90000	422000	0	0.016394
1742	94000	422000	-1	0.029778
1743	98000	422000	-1	0.02201
1744	102000	422000	0	0.270732
1745	106000	422000	0	0.169899
1746	110000	422000	0	0.052076
1747	114000	422000	0	0.020705
1748	118000	422000	0	0.03507
1749	122000	422000	0	0.04033
1750	126000	422000	0	0.014092
1751	130000	422000	0	0.055051
1752	134000	422000	0	0.031507
1753	138000	422000	1	0.022882
1754	142000	422000	1	0.021852
1755	146000	422000	2	0.077299
1756	150000	422000	3	0.037048
1757	154000	422000	2	0.023697
1758	158000	422000	3	0.004712
1759	162000	422000	4	0.085889
1760	166000	422000	6	0.152368
1761	170000	422000	6	0.015272
1762	174000	422000	7	0.058729
1763	178000	422000	7	0.045619
1764	182000	422000	9	0.018473
1765	186000	422000	11	0.080583
1766	190000	422000	63	0.013041
1767	194000	422000	24	0.052898
1768	42000	418000	0	0.049677
1769	46000	418000	0	0.115785
1770	50000	418000	0	0.078188
1771	54000	418000	0	0.061168
1772	58000	418000	0	0.063332
1773	62000	418000	0	0.047673
1774	66000	418000	0	0.016446
1775	70000	418000	0	0.046496
1776	74000	418000	0	0.019942
1777	78000	418000	0	0.050487
1778	82000	418000	0	0.015676
1779	86000	418000	0	0.015558
1780	90000	418000	0	0.054767
1781	94000	418000	0	0
1782	98000	418000	-1	0.051108
1783	102000	418000	-1	0.019531
1784	106000	418000	0	0.028768
1785	110000	418000	0	0.041393
1786	114000	418000	2	0.059073
1787	118000	418000	0	0.01623
1788	122000	418000	0	0.015389
1789	126000	418000	0	0.006075
1790	130000	418000	0	0.000913
1791	134000	418000	0	0.008111
1792	138000	418000	2	0.086735
1793	142000	418000	2	0.03541
1794	146000	418000	2	0.07341
1795	150000	418000	2	0.028572
1796	154000	418000	2	0.007157
1797	158000	418000	2	0.005764
1798	162000	418000	6	0.099614
1799	166000	418000	11	0.236594
1800	170000	418000	14	0.030233
1801	174000	418000	9	0.023068
1802	178000	418000	9	0.047307
1803	182000	418000	9	0.022008
1804	186000	418000	9	0.119241
1805	190000	418000	17	0.063794
1806	194000	418000	28	0.011816
1807	198000	418000	40	0.002417
1808	38000	414000	6	0.043451
1809	42000	414000	0	0.016443
1810	46000	414000	0	0.039244
1811	50000	414000	0	0.000813
1812	54000	414000	0	0.003185
1813	58000	414000	0	0.019604
1814	62000	414000	0	0.060197
1815	66000	414000	0	0.040872
1816	70000	414000	0	0.018506
1817	74000	414000	0	0.011495
1818	78000	414000	0	0.017787
1819	82000	414000	0	0.06614
1820	86000	414000	0	0.16188
1821	90000	414000	0	0.074617
1822	94000	414000	0	0.023857
1823	98000	414000	0	0.026259
1824	102000	414000	0	0.103383
1825	106000	414000	0	0.051204
1826	110000	414000	0	0.021603
1827	114000	414000	0	0.040989
1828	118000	414000	1	0.188865
1829	122000	414000	0	0.084472
1830	126000	414000	0	0.018275
1831	130000	414000	0	0.076201
1832	134000	414000	0	0.048439
1833	138000	414000	1	0.052516
1834	142000	414000	1	0.026436
1835	146000	414000	2	0.189392
1836	150000	414000	4	0.298604
1837	154000	414000	5	0.127222
1838	158000	414000	6	0.02297
1839	162000	414000	6	0.014664
1840	166000	414000	10	0.058484
1841	170000	414000	20	0.001364
1842	174000	414000	18	0.020051
1843	178000	414000	16	0.009878
1844	182000	414000	10	0.001876
1845	186000	414000	10	0.024252
1846	190000	414000	11	0.111788
1847	194000	414000	11	0.057855
1848	198000	414000	12	0.01463
1849	38000	410000	0	0.06174
1850	42000	410000	0	0.051138
1851	46000	410000	0	0.067479
1852	50000	410000	0	0.035699
1853	54000	410000	0	0.015959
1854	58000	410000	0	0.000332
1855	62000	410000	0	0.018492
1856	66000	410000	0	0.091523
1857	70000	410000	0	0.234971
1858	74000	410000	0	0.037584
1859	78000	410000	0	0.000922
1860	82000	410000	0	0.025846
1861	86000	410000	0	0.121103
1862	90000	410000	-2	0.025293
1863	94000	410000	0	0.03292
1864	98000	410000	2	0.386216
1865	102000	410000	0	0.230054
1866	106000	410000	0	0.008794
1867	110000	410000	0	0.009392
1868	114000	410000	0	0.041046
1869	118000	410000	0	0.160078
1870	122000	410000	0	0.020648
1871	126000	410000	0	0.031209
1872	130000	410000	1	0.168405
1873	134000	410000	4	0.160907
1874	138000	410000	4	0.111486
1875	142000	410000	3	0.069337
1876	146000	410000	3	0.101136
1877	150000	410000	5	0.187616
1878	154000	410000	4	0.093623
1879	158000	410000	6	0.019016
1880	162000	410000	7	0.003982
1881	166000	410000	9	0
1882	170000	410000	17	0.049892
1883	174000	410000	21	0.058722
1884	178000	410000	18	0.041316
1885	182000	410000	17	0.082153
1886	186000	410000	10	0.016454
1887	190000	410000	11	0.028194
1888	194000	410000	12	0.094927
1889	198000	410000	15	0.040563
1890	202000	410000	14	0.000305
1891	50000	406000	0	0.06947
1892	54000	406000	0	0.098177
1893	58000	406000	0	0.019196
1894	62000	406000	0	0.034439
1895	66000	406000	0	0.038761
1896	70000	406000	0	0.079555
1897	74000	406000	0	0.042943
1898	78000	406000	0	0.037655
1899	82000	406000	0	0.020662
1900	86000	406000	0	0.10575
1901	90000	406000	0	0.030348
1902	94000	406000	0	0.010705
1903	98000	406000	0	0.058267
1904	102000	406000	0	0.103964
1905	106000	406000	0	0.023627
1906	110000	406000	0	0.035179
1907	114000	406000	1	0.007253
1908	118000	406000	5	0.241322
1909	122000	406000	2	0.057698
1910	126000	406000	2	0.041317
1911	130000	406000	6	0.052782
1912	134000	406000	14	0.021799
1913	138000	406000	11	0
1914	142000	406000	7	0.007749
1915	146000	406000	7	0.069773
1916	150000	406000	6	0.060044
1917	154000	406000	5	0.057635
1918	158000	406000	7	0.017685
1919	162000	406000	8	0.035539
1920	166000	406000	8	0.024523
1921	170000	406000	10	0.066223
1922	174000	406000	19	0.159692
1923	178000	406000	20	0.140308
1924	182000	406000	19	0.005179
1925	186000	406000	15	0.016777
1926	190000	406000	14	0.024197
1927	194000	406000	14	0.126611
1928	198000	406000	15	0.014153
1929	202000	406000	15	0
1930	206000	406000	16	0.004707
1931	30000	402000	0	0.035864
1932	34000	402000	0	0.074116
1933	38000	402000	0	0.037543
1934	42000	402000	0	0.041788
1935	46000	402000	0	0.024131
1936	50000	402000	0	0.05372
1937	54000	402000	0	0.068686
1938	58000	402000	0	0.056544
1939	62000	402000	0	0.025702
1940	66000	402000	0	0.031948
1941	70000	402000	0	0.034188
1942	74000	402000	0	0.014619
1943	78000	402000	-1	0.015192
1944	82000	402000	0	0.050152
1945	86000	402000	0	0
1946	90000	402000	0	0.050734
1947	94000	402000	0	0.032954
1948	98000	402000	0	0.028141
1949	102000	402000	0	0.004483
1950	106000	402000	1	0.011485
1951	110000	402000	2	0.297721
1952	114000	402000	3	0.2578
1953	118000	402000	8	0.099579
1954	122000	402000	8	0.1206
1955	126000	402000	5	0.051553
1956	130000	402000	9	0.176298
1957	134000	402000	12	0.074769
1958	138000	402000	10	0.060389
1959	142000	402000	8	0.047005
1960	146000	402000	6	0.006242
1961	150000	402000	7	0.049975
1962	154000	402000	7	0.01076
1963	158000	402000	9	0.062221
1964	162000	402000	10	0.158083
1965	166000	402000	10	0.176641
1966	170000	402000	10	0.022872
1967	174000	402000	14	0.033118
1968	178000	402000	20	0.006977
1969	182000	402000	22	0.000304
1970	186000	402000	21	0
1971	190000	402000	18	0.018866
1972	194000	402000	16	0.004725
1973	198000	402000	13	0.021568
1974	202000	402000	18	0.040645
1975	206000	402000	20	0.154321
1976	22000	398000	0	0.040265
1977	26000	398000	0	0.020869
1978	30000	398000	0	0.007287
1979	34000	398000	0	0.027239
1980	38000	398000	0	0.020631
1981	42000	398000	0	0.016649
1982	46000	398000	0	0.022769
1983	50000	398000	0	0.029368
1984	54000	398000	0	0.068686
1985	58000	398000	0	0.061665
1986	62000	398000	0	0.016834
1987	66000	398000	-1	0.021176
1988	70000	398000	-2	0.001975
1989	74000	398000	0	0.018271
1990	78000	398000	0	0.004076
1991	82000	398000	0	0.025288
1992	86000	398000	0	0.006977
1993	90000	398000	0	0.118223
1994	94000	398000	3	0.01766
1995	98000	398000	6	0.044695
1996	102000	398000	6	0.271435
1997	106000	398000	5	0.029529
1998	110000	398000	4	0.096686
1999	114000	398000	5	0.145069
2000	118000	398000	6	0.049547
2001	122000	398000	12	0.239983
2002	126000	398000	9	0.149803
2003	130000	398000	15	0.206055
2004	134000	398000	14	0.321444
2005	138000	398000	12	0.087972
2006	142000	398000	12	0.106316
2007	146000	398000	10	0
2008	150000	398000	8	0.107539
2009	154000	398000	9	0.031643
2010	158000	398000	9	0.026486
2011	162000	398000	11	0.024036
2012	166000	398000	10	0
2013	170000	398000	12	0.000152
2014	174000	398000	13	0.022746
2015	178000	398000	21	0.069323
2016	182000	398000	24	0
2017	186000	398000	25	0
2018	190000	398000	24	0
2019	194000	398000	23	0.015264
2020	198000	398000	17	0.017088
2021	202000	398000	14	0.019529
2022	206000	398000	19	0.009534
2023	22000	394000	0	0.018469
2024	26000	394000	0	0.006231
2025	30000	394000	0	0.02884
2026	34000	394000	0	0.019095
2027	38000	394000	0	0.032199
2028	42000	394000	0	0.004498
2029	46000	394000	0	0.011796
2030	50000	394000	0	0.080328
2031	54000	394000	0	0.032352
2032	58000	394000	0	0.074132
2033	62000	394000	0	0.061782
2034	66000	394000	0	0.037753
2035	70000	394000	0	0.036058
2036	74000	394000	0	0.077367
2037	78000	394000	4	0.070318
2038	82000	394000	2	0.00456
2039	86000	394000	3	0.02052
2040	90000	394000	4	0.284396
2041	94000	394000	7	0.166802
2042	98000	394000	11	0.077071
2043	102000	394000	9	0.011814
2044	106000	394000	7	0.011802
2045	110000	394000	6	0.001446
2046	114000	394000	6	0.022245
2047	118000	394000	11	0.017502
2048	122000	394000	16	0.01598
2049	126000	394000	14	0.053337
2050	130000	394000	15	0.113741
2051	134000	394000	15	0.138575
2052	138000	394000	14	0.019072
2053	142000	394000	10	0.022265
2054	146000	394000	10	0
2055	150000	394000	12	0
2056	154000	394000	13	0.006079
2057	158000	394000	12	0
2058	162000	394000	13	0.031315
2059	166000	394000	13	0.008505
2060	170000	394000	13	0.054251
2061	174000	394000	14	0.039598
2062	178000	394000	20	0.01509
2063	182000	394000	31	1.7E-05
2064	186000	394000	27	0.040848
2065	190000	394000	31	0.073153
2066	194000	394000	24	0.040576
2067	198000	394000	24	0.182621
2068	202000	394000	17	0.063896
2069	206000	394000	17	0.01713
2070	210000	394000	23	7.4E-05
2071	26000	390000	0	0.022896
2072	30000	390000	0	0.096199
2073	34000	390000	0	0.162274
2074	38000	390000	0	0.098748
2075	42000	390000	0	0.009689
2076	46000	390000	0	0.009264
2077	50000	390000	0	0.095243
2078	54000	390000	0	0.041588
2079	58000	390000	0	0.016705
2080	62000	390000	0	0.082895
2081	74000	390000	0	0.085803
2082	78000	390000	3	0.29828
2083	82000	390000	11	0.068482
2084	86000	390000	8	0.003953
2085	90000	390000	7	0.027797
2086	94000	390000	11	0
2087	98000	390000	12	0
2088	102000	390000	10	0.000914
2089	106000	390000	8	0.008203
2090	110000	390000	6	0.086166
2091	114000	390000	9	0.016296
2092	118000	390000	12	0.012272
2093	122000	390000	23	4.9E-05
2094	126000	390000	22	0.005777
2095	130000	390000	19	0.03452
2096	134000	390000	18	0.013745
2097	138000	390000	14	0.062261
2098	142000	390000	12	8E-06
2099	146000	390000	14	1.1E-05
2100	150000	390000	16	0.071219
2101	154000	390000	17	0.167396
2102	158000	390000	18	0.210226
2103	162000	390000	16	0.172031
2104	166000	390000	14	0.007434
2105	170000	390000	18	0.046403
2106	174000	390000	17	0.10452
2107	178000	390000	20	0.026922
2108	182000	390000	24	0.006391
2109	186000	390000	27	0.084422
2110	190000	390000	30	0.023667
2111	194000	390000	28	0.005917
2112	198000	390000	25	0.025153
2113	202000	390000	22	0.020195
2114	206000	390000	18	0.024991
2115	210000	390000	19	0.021299
2116	214000	390000	32	0.025917
2117	26000	386000	0	0.082515
2118	30000	386000	0	0.205141
2119	34000	386000	0	0.07547
2120	38000	386000	2	0.338192
2121	42000	386000	0	0.031933
2122	46000	386000	0	0.008181
2123	50000	386000	0	0.028444
2124	54000	386000	0	0.030294
2125	58000	386000	0	0.065223
2126	62000	386000	0	0.040585
2127	74000	386000	0	0.144632
2128	78000	386000	0	0.049715
2129	82000	386000	18	0.1097
2130	86000	386000	13	0.007884
2131	90000	386000	12	0.087054
2132	94000	386000	13	0.071333
2133	98000	386000	12	0
2134	102000	386000	10	0.013884
2135	106000	386000	10	0.02319
2136	110000	386000	9	0.051691
2137	114000	386000	13	0.028523
2138	118000	386000	16	0.009985
2139	122000	386000	22	0.015406
2140	126000	386000	24	0.006981
2141	130000	386000	23	0.024391
2142	134000	386000	25	1.5E-05
2143	138000	386000	18	0.014618
2144	142000	386000	17	0.013025
2145	146000	386000	19	0.019763
2146	150000	386000	22	0.000152
2147	154000	386000	19	0.277254
2148	158000	386000	19	0.250176
2149	162000	386000	18	0.221077
2150	166000	386000	18	0.12936
2151	170000	386000	18	0.057241
2152	174000	386000	18	0.278027
2153	178000	386000	21	0.176416
2154	182000	386000	26	0.110019
2155	186000	386000	28	0.050251
2156	190000	386000	31	0.011995
2157	194000	386000	30	4.7E-05
2158	198000	386000	27	0.005462
2159	202000	386000	24	0.059514
2160	206000	386000	23	0
2161	210000	386000	20	0.031323
2162	214000	386000	31	0.027311
2163	26000	382000	0	0.078301
2164	30000	382000	0	0.080864
2165	38000	382000	0	0.089702
2166	42000	382000	0	0.024297
2167	46000	382000	0	0
2168	50000	382000	0	0.0007
2169	54000	382000	0	0.058735
2170	58000	382000	0	0.064641
2171	62000	382000	0	0.042511
2172	66000	382000	0	0.0239
2173	70000	382000	1	0.01718
2174	74000	382000	0	0.040273
2175	78000	382000	0	0.00889
2176	82000	382000	20	0.060166
2177	86000	382000	19	0.009493
2178	98000	382000	13	0.001512
2179	102000	382000	12	0.018569
2180	106000	382000	12	0
2181	110000	382000	14	0.043361
2182	114000	382000	15	0.004674
2183	118000	382000	18	0
2184	122000	382000	25	0.020041
2185	126000	382000	26	0.008449
2186	130000	382000	26	0.024257
2187	134000	382000	28	0.011189
2188	138000	382000	27	0.00061
2189	142000	382000	24	0.00076
2190	146000	382000	23	0.00442
2191	150000	382000	26	0.01362
2192	154000	382000	22	0.159246
2193	158000	382000	19	0.337521
2194	162000	382000	20	0.254669
2195	166000	382000	20	0.18284
2196	170000	382000	24	0.045639
2197	174000	382000	23	0.006224
2198	178000	382000	22	0.012803
2199	182000	382000	25	0.037283
2200	186000	382000	29	0.018
2201	190000	382000	32	0.03659
2202	194000	382000	31	0.00876
2203	198000	382000	28	0.013606
2204	202000	382000	25	0.047181
2205	206000	382000	24	0.025997
2206	210000	382000	20	0.017198
2207	214000	382000	23	0.044125
2208	14000	378000	0	0.055714
2209	18000	378000	1	0.016389
2210	22000	378000	0	0.009839
2211	26000	378000	0	0.021372
2212	30000	378000	0	0.031308
2213	34000	378000	0	0.042058
2214	38000	378000	0	0.064302
2215	42000	378000	0	0.068686
2216	46000	378000	0	0.053195
2217	50000	378000	0	0.059576
2218	54000	378000	0	0.066894
2219	58000	378000	0	0.017579
2220	62000	378000	0	0.061661
2221	66000	378000	0	0.066822
2222	70000	378000	0	0.061391
2223	74000	378000	0	0.074457
2224	78000	378000	0	0.060849
2225	82000	378000	12	0.033022
2226	86000	378000	22	0.000579
2227	122000	378000	24	0.024066
2228	134000	378000	33	1.7E-05
2229	138000	378000	27	0.015572
2230	142000	378000	28	0.023962
2231	146000	378000	26	0.020491
2232	150000	378000	26	0.005004
2233	154000	378000	25	0.061555
2234	158000	378000	20	0.09659
2235	162000	378000	24	0.06285
2236	166000	378000	24	0.028327
2237	170000	378000	23	0.020499
2238	174000	378000	25	0.004427
2239	178000	378000	25	0.127047
2240	182000	378000	25	0.04267
2241	186000	378000	28	0.001004
2242	190000	378000	32	0.004427
2243	194000	378000	33	0.002064
2244	198000	378000	30	0.012415
2245	202000	378000	27	0.068735
2246	206000	378000	24	0.249117
2247	210000	378000	22	0.212043
2248	214000	378000	35	0.028196
2249	14000	374000	1	0
2250	18000	374000	0	0
2251	22000	374000	0	0.030094
2252	26000	374000	0	0.010589
2253	30000	374000	0	0.002435
2254	34000	374000	0	0.000913
2255	38000	374000	0	0.025342
2256	42000	374000	0	0.298515
2257	46000	374000	0	0.227773
2258	50000	374000	0	0.04813
2259	54000	374000	0	0.003613
2260	58000	374000	0	0.002194
2261	62000	374000	0	0.002553
2262	66000	374000	0	0.032145
2263	70000	374000	2	0.067961
2264	74000	374000	1	0.048396
2265	82000	374000	4	0.101753
2266	86000	374000	12	0.075866
2267	138000	374000	30	0.043405
2268	142000	374000	31	0.094156
2269	146000	374000	30	0.063077
2270	150000	374000	29	0.091268
2271	154000	374000	28	0.014814
2272	158000	374000	24	0.084867
2273	162000	374000	26	0.111374
2274	166000	374000	26	0.024544
2275	170000	374000	25	0.014949
2276	174000	374000	26	0
2277	178000	374000	26	0.020201
2278	182000	374000	26	0.008482
2279	186000	374000	28	0.036697
2280	190000	374000	33	0.035566
2281	194000	374000	34	0.012814
2282	198000	374000	30	0.002075
2283	202000	374000	28	0.024519
2284	206000	374000	22	0.132696
2285	210000	374000	36	0.18654
2286	214000	374000	45	0.060586
2287	14000	370000	0	0.031679
2288	18000	370000	0	0
2289	22000	370000	0	0.000528
2290	26000	370000	0	0.000332
2291	30000	370000	0	0.005922
2292	34000	370000	0	0
2293	38000	370000	0	0.005235
2294	42000	370000	0	0.015137
2295	46000	370000	0	0.209393
2296	50000	370000	0	0.038584
2297	54000	370000	0	0.006376
2298	58000	370000	0	0.013469
2299	62000	370000	0	0.001065
2300	66000	370000	0	0
2301	70000	370000	1	0.003319
2302	138000	370000	28	0.053133
2303	142000	370000	39	0
2304	146000	370000	40	0
2305	150000	370000	32	0.031635
2306	154000	370000	29	0.061857
2307	158000	370000	29	0.003696
2308	162000	370000	28	0.000457
2309	166000	370000	25	0.006221
2310	170000	370000	28	0.042906
2311	174000	370000	33	0.020006
2312	178000	370000	27	0
2313	182000	370000	28	0.005318
2314	186000	370000	29	0.007873
2315	190000	370000	31	0.004623
2316	194000	370000	32	0.043181
2317	198000	370000	34	0.076468
2318	202000	370000	28	0.010042
2319	206000	370000	23	0.102484
2320	210000	370000	50	0.115275
2321	18000	366000	0	0.022116
2322	22000	366000	0	0.001827
2323	26000	366000	0	0.002583
2324	38000	366000	0	0.011676
2325	42000	366000	0	0.013025
2326	46000	366000	0	0.143962
2327	50000	366000	0	0.054459
2328	54000	366000	0	0.011814
2329	58000	366000	1	0.000443
2330	62000	366000	1	0.104871
2331	66000	366000	1	0.024061
2332	142000	366000	41	4E-05
2333	146000	366000	41	1E-06
2334	150000	366000	36	0.019614
2335	154000	366000	34	0.000152
2336	158000	366000	31	0
2337	162000	366000	31	0.020065
2338	166000	366000	30	0.022013
2339	170000	366000	30	0.025546
2340	174000	366000	34	0.003931
2341	178000	366000	31	0.073476
2342	182000	366000	32	0.048742
2343	186000	366000	30	0
2344	190000	366000	30	0.00697
2345	194000	366000	29	0.003059
2346	198000	366000	28	0.01785
2347	202000	366000	25	0.071867
2348	206000	366000	26	0.00995
2349	22000	362000	1	0.015713
2350	42000	362000	0	0.084166
2351	46000	362000	0	0.098833
2352	50000	362000	1	0
2353	54000	362000	1	0.007272
2354	58000	362000	2	0.032954
2355	62000	362000	5	0.057067
2356	146000	362000	45	0.073918
2357	150000	362000	45	0.100998
2358	166000	362000	34	0.128093
2359	170000	362000	33	0.080752
2360	174000	362000	35	0.130445
2361	178000	362000	33	0.195275
2362	182000	362000	30	0.0185
2363	186000	362000	29	0
2364	190000	362000	28	0.038283
2365	194000	362000	28	0.041756
2366	198000	362000	20	0.028736
2367	202000	362000	26	0.056886
2368	46000	358000	3	0.142502
2369	50000	358000	2	0.013784
2370	54000	358000	2	0.012386
2371	170000	358000	35	0.003271
2372	174000	358000	32	1.7E-05
2373	178000	358000	31	0.030889
2374	182000	358000	29	0.006685
2375	186000	358000	28	0.004095
2376	190000	358000	28	0.014891
2377	194000	358000	24	0.096367
2378	198000	358000	22	0.215282
2379	202000	358000	30	0.012698
2380	174000	354000	34	0.002037
2381	178000	354000	31	0.064423
2382	182000	354000	30	0.004404
2383	186000	354000	28	0.0589
2384	190000	354000	23	0.09961
2385	194000	354000	20	0.068504
2386	198000	354000	24	0.139452
2387	202000	354000	31	0.122296
2388	206000	354000	66	0.007805
2389	210000	354000	83	0.000609
2390	186000	350000	23	0.060502
2391	190000	350000	26	0.106613
2392	194000	350000	28	0.031463
2393	198000	350000	29	0.022131
2394	202000	350000	29	0.033543
2395	206000	350000	42	0.013944
2396	186000	346000	25	0.045517
2397	190000	346000	29	0.132156
2398	194000	346000	29	0.004141
2399	198000	346000	37	0.010778
2400	202000	346000	33	0.053182
2401	182000	342000	30	0.037417
2402	186000	342000	28	0.119233
2403	190000	342000	32	0.048928
2404	194000	342000	49	0.018728
2405	182000	338000	32	0.039749
2406	186000	338000	35	0.135317
2407	190000	338000	39	0.101695
2408	194000	338000	55	0.022139
2409	182000	334000	47	0.181137
2410	186000	334000	56	0.169548
2411	190000	334000	54	0.152481
2412	194000	334000	62	0.024519
2413	198000	334000	72	0.024036
2414	178000	330000	39	0.150069
2415	182000	330000	63	0.320673
2416	186000	330000	67	0.236672
2417	190000	330000	95	0.041987
2418	194000	330000	87	0.049483
2419	198000	330000	79	0.182069
2420	178000	326000	41	0.066568
2421	182000	326000	104	0.145758
2422	186000	326000	115	0.031005
2423	190000	326000	89	0.079807
2424	194000	326000	92	0.218786
2425	198000	326000	106	0.082213
2426	202000	326000	123	0.097558
2427	174000	322000	59	0.189539
2428	178000	322000	45	0.187587
2429	182000	322000	95	0.057689
2430	186000	322000	128	0.032118
2431	190000	322000	109	0.019714
2432	194000	322000	93	0.132675
2433	198000	322000	138	0.193833
2434	202000	322000	132	0.219913
2435	174000	318000	71	0.186393
2436	178000	318000	50	0.26948
2437	182000	318000	113	0.01909
2438	186000	318000	137	0.033231
2439	190000	318000	119	0.019614
2440	194000	318000	170	0.005024
2441	198000	318000	170	0.247507
2442	202000	318000	158	0.14006
2443	174000	314000	90	0.039855
2444	178000	314000	50	0.156311
2445	182000	314000	128	0.012678
2446	186000	314000	165	0.030302
2447	190000	314000	134	0.019175
2448	194000	314000	134	0.007585
2449	198000	314000	177	0.025273
2450	178000	310000	56	0.050311
2451	182000	310000	130	0.004404
2452	186000	310000	179	0
2453	190000	310000	188	0.000457
2454	194000	310000	162	0.008935
2455	198000	310000	196	0.027524
2456	178000	306000	74	0.121726
2457	186000	306000	199	0.039103
2458	190000	306000	207	0.033588
2459	194000	306000	178	0.05962
2460	198000	306000	231	0.066216
