ID	XLAMB	YLAMB	ALT	CorineID
1	226000	618000	0	0.048653
2	230000	618000	0	0.061783
3	234000	618000	0	0.05913
4	206000	614000	0	0.051952
5	210000	614000	0	0.04211
6	214000	614000	0	0.044478
7	218000	614000	0	0.04389
8	174000	610000	0	0.05713
9	178000	610000	0	0.060726
10	182000	610000	0	0.055995
11	186000	610000	0	0.054375
12	190000	610000	0	0.047535
13	206000	610000	0	0.024092
14	210000	610000	0	0.036779
15	242000	610000	0	0.068949
16	246000	610000	0	0.044115
17	250000	610000	0	0.101081
18	158000	606000	0	0.051507
19	162000	606000	0	0.043642
20	166000	606000	0	0.056012
21	170000	606000	0	0.059598
22	174000	606000	0	0.012542
23	178000	606000	0	0.032212
24	182000	606000	0	0.053561
25	186000	606000	0	0.051971
26	190000	606000	0	0.061079
27	194000	606000	0	0.063444
28	206000	606000	0	0.059769
29	210000	606000	0	0.063444
30	226000	606000	0	0.058534
31	230000	606000	0	0.051395
32	234000	606000	0	0.039257
33	238000	606000	0	0.009579
34	242000	606000	0	0.003762
35	246000	606000	0	0.013387
36	250000	606000	0	0.033287
37	254000	606000	0	0.08455
38	142000	602000	0	0.054946
39	146000	602000	0	0.038529
40	150000	602000	2	0.030316
41	154000	602000	1	0.019471
42	158000	602000	0	0.036673
43	186000	602000	0	0.063444
44	190000	602000	0	0.062681
45	194000	602000	0	0.046107
46	198000	602000	0	0.031763
47	202000	602000	0	0.029872
48	206000	602000	0	0.047074
49	210000	602000	0	0.080817
50	214000	602000	0	0.045661
51	218000	602000	0	0.03637
52	222000	602000	0	0.014151
53	226000	602000	0	0.001115
54	230000	602000	0	0.0002
55	234000	602000	0	0.015704
56	238000	602000	0	0.012247
57	242000	602000	0	0.044837
58	246000	602000	0	0.007188
59	250000	602000	0	0.009493
60	254000	602000	0	0.030176
61	142000	598000	2	0.027877
62	146000	598000	0	0.036219
63	150000	598000	0	0.051428
64	182000	598000	0	0.060447
65	186000	598000	0	0.031418
66	190000	598000	0	0.012447
67	194000	598000	0	0.006746
68	198000	598000	0	0.00762
69	202000	598000	0	0.00675
70	206000	598000	0	0.027598
71	210000	598000	0	0.059259
72	214000	598000	0	0.019973
73	218000	598000	0	0.006611
74	222000	598000	0	0.01384
75	226000	598000	0	0.007913
76	230000	598000	0	0.009931
77	234000	598000	0	0.0002
78	238000	598000	0	0.012584
79	242000	598000	0	0.0002
80	246000	598000	0	0.005734
81	250000	598000	0	0.0002
82	254000	598000	0	0.01692
83	138000	594000	0	0.063444
84	174000	594000	0	0.056283
85	178000	594000	0	0.031682
86	182000	594000	0	0.011872
87	186000	594000	0	0.007902
88	190000	594000	0	0.0002
89	194000	594000	0	0.068385
90	198000	594000	0	0.049071
91	202000	594000	0	0.0002
92	206000	594000	0	0.020079
93	210000	594000	0	0.048291
94	214000	594000	0	0.024699
95	218000	594000	0	0.008286
96	222000	594000	0	0.0002
97	226000	594000	0	0.0002
98	230000	594000	0	0.037905
99	234000	594000	0	0.001952
100	238000	594000	-1	0.005151
101	242000	594000	0	0.007326
102	246000	594000	0	0.010798
103	250000	594000	0	0.013205
104	254000	594000	0	0.095535
105	258000	594000	0	0.314548
106	262000	594000	0	0.168622
107	130000	590000	0	0.040869
108	134000	590000	0	0.042827
109	138000	590000	0	0.054554
110	170000	590000	0	0.014411
111	174000	590000	0	0.003914
112	178000	590000	0	0.0002
113	182000	590000	0	0.011934
114	186000	590000	0	0.00762
115	190000	590000	0	0.001295
116	194000	590000	0	0.03167
117	198000	590000	0	0.021718
118	202000	590000	0	0.0002
119	206000	590000	0	0.024176
120	210000	590000	0	0.0002
121	214000	590000	0	0.0002
122	218000	590000	0	0.055692
123	222000	590000	0	0.00587
124	226000	590000	0	0.0002
125	230000	590000	0	0.004285
126	234000	590000	0	0.021448
127	238000	590000	-1	0.015262
128	242000	590000	-1	0.018127
129	246000	590000	-1	0.003513
130	250000	590000	-1	0.01179
131	254000	590000	-2	0.00257
132	258000	590000	-2	0.005369
133	262000	590000	-2	0.092636
134	266000	590000	-1	0.026786
135	270000	590000	0	0.061499
136	126000	586000	0	0.041609
137	166000	586000	0	0.01447
138	170000	586000	0	0.017149
139	174000	586000	0	0.028703
140	178000	586000	0	0.016701
141	182000	586000	0	0.028277
142	186000	586000	0	0.0002
143	190000	586000	0	0.015103
144	194000	586000	-1	0.008338
145	198000	586000	0	0.029567
146	202000	586000	1	0.012976
147	206000	586000	0	0.040933
148	210000	586000	0	0.001805
149	214000	586000	0	0.001513
150	218000	586000	0	0.033977
151	222000	586000	0	0.082279
152	226000	586000	0	0.012241
153	230000	586000	0	0.034559
154	234000	586000	0	0.077666
155	238000	586000	-1	0.027223
156	242000	586000	-1	0.005073
157	246000	586000	-1	0.001009
158	250000	586000	-2	0.015829
159	254000	586000	-2	0.019898
160	258000	586000	-2	0.028185
161	262000	586000	-2	0.006746
162	266000	586000	-1	0.002243
163	270000	586000	0	0.03931
164	274000	586000	0	0.056163
165	122000	582000	1	0.029684
166	126000	582000	0	0.053527
167	158000	582000	0	0.054275
168	162000	582000	0	0.011485
169	166000	582000	0	0.009068
170	170000	582000	0	0.000492
171	174000	582000	0	0.026842
172	178000	582000	0	0.157809
173	182000	582000	0	0.135729
174	186000	582000	-1	0.070865
175	190000	582000	0	0.056836
176	194000	582000	0	0.04909
177	198000	582000	0	0.040033
178	202000	582000	0	0.02102
179	206000	582000	0	0.007913
180	210000	582000	0	0.008485
181	214000	582000	0	0.02057
182	218000	582000	0	0.013263
183	222000	582000	0	0.001757
184	226000	582000	0	0.001513
185	230000	582000	0	0.186128
186	234000	582000	1	0.345371
187	238000	582000	0	0.154658
188	242000	582000	-1	0.029693
189	246000	582000	-1	0.000876
190	250000	582000	-1	0.020123
191	254000	582000	-2	0.002534
192	258000	582000	-2	0.000297
193	262000	582000	-1	0.0002
194	266000	582000	0	0.007758
195	270000	582000	0	0.004857
196	274000	582000	-1	0.000346
197	278000	582000	0	0.004472
198	118000	578000	0	0.053671
199	122000	578000	0	0.062167
200	158000	578000	0	0.141239
201	162000	578000	0	0.029888
202	166000	578000	0	0.121398
203	170000	578000	0	0.006601
204	174000	578000	0	0.015092
205	178000	578000	0	0.063351
206	182000	578000	0	0.241184
207	186000	578000	-1	0.177091
208	190000	578000	-1	0.000809
209	194000	578000	0	0.068297
210	198000	578000	0	0.05166
211	202000	578000	1	0.038788
212	206000	578000	0	0.048123
213	210000	578000	0	0.011652
214	214000	578000	0	0.01022
215	218000	578000	0	0.004282
216	222000	578000	0	0.047917
217	226000	578000	0	0.007465
218	230000	578000	0	0.026038
219	234000	578000	0	0.155351
220	238000	578000	0	0.121684
221	242000	578000	0	0.072309
222	246000	578000	0	0.116179
223	250000	578000	0	0.018709
224	254000	578000	0	0.030599
225	258000	578000	-1	0.0002
226	262000	578000	0	0.061783
227	266000	578000	-2	0.004124
228	270000	578000	-1	0.0324
229	274000	578000	-1	0.012557
230	278000	578000	-1	0.017463
231	118000	574000	0	0.037383
232	122000	574000	0	0.045683
233	158000	574000	0	0.064345
234	162000	574000	0	0.0002
235	166000	574000	0	0.004133
236	170000	574000	0	0.008923
237	174000	574000	0	0.0002
238	178000	574000	0	0.0002
239	182000	574000	0	0.005882
240	186000	574000	-1	0.008625
241	190000	574000	-1	0.018439
242	194000	574000	0	0.019991
243	198000	574000	0	0.008274
244	202000	574000	0	0.015855
245	206000	574000	2	0.0002
246	210000	574000	2	0.001955
247	214000	574000	1	0.050992
248	218000	574000	1	0.003698
249	222000	574000	2	0.089202
250	226000	574000	0	0.090393
251	230000	574000	0	0.02345
252	234000	574000	1	0.067982
253	238000	574000	2	0.02538
254	242000	574000	0	0.038235
255	246000	574000	0	0.109922
256	250000	574000	0	0.075539
257	254000	574000	0	0.070685
258	258000	574000	-1	0.020382
259	262000	574000	-1	0.025991
260	266000	574000	0	0.205867
261	270000	574000	-1	0.002665
262	274000	574000	-2	0.003689
263	114000	570000	0	0.036413
264	118000	570000	0	0.042662
265	122000	570000	0	0.027998
266	154000	570000	0	0.069497
267	158000	570000	0	0.003726
268	162000	570000	0	0.01122
269	166000	570000	0	0.001076
270	170000	570000	0	0.015576
271	174000	570000	0	0.0002
272	178000	570000	0	0.009353
273	182000	570000	0	0.005577
274	186000	570000	-1	0.005775
275	190000	570000	0	0.032689
276	194000	570000	0	0.026017
277	198000	570000	0	0.062608
278	202000	570000	1	0.25559
279	206000	570000	2	0.05725
280	210000	570000	2	0.0002
281	214000	570000	3	0.006317
282	218000	570000	3	0.005873
283	222000	570000	4	0.020919
284	226000	570000	3	0.006135
285	230000	570000	2	0.000195
286	234000	570000	3	0.08908
287	238000	570000	3	0.034951
288	242000	570000	0	0.040391
289	246000	570000	0	0.000199
290	250000	570000	0	0.006788
291	254000	570000	0	0.273309
292	258000	570000	0	0.031529
293	262000	570000	0	0.04486
294	266000	570000	-1	0.018585
295	270000	570000	-1	0.020711
296	274000	570000	0	0.02043
297	278000	570000	0	0.00192
298	110000	566000	0	0.051288
299	114000	566000	0	0.023719
300	118000	566000	0	0.0002
301	122000	566000	0	0.034879
302	150000	566000	0	0.063444
303	154000	566000	0	0.076368
304	158000	566000	0	0.001367
305	162000	566000	0	0.01397
306	166000	566000	0	0.020702
307	170000	566000	0	0.003409
308	174000	566000	0	0.001805
309	178000	566000	0	0.0002
310	182000	566000	0	0.011814
311	186000	566000	0	0.041494
312	190000	566000	0	0.002674
313	194000	566000	-1	0.000346
314	198000	566000	-1	0.02147
315	202000	566000	1	0.059897
316	206000	566000	1	0.013586
317	210000	566000	3	0.001768
318	214000	566000	5	0.008012
319	218000	566000	5	0.026714
320	222000	566000	5	0.00194
321	226000	566000	8	0.030678
322	230000	566000	6	0.012235
323	234000	566000	6	0.040338
324	238000	566000	6	0.034737
325	242000	566000	8	0.043134
326	246000	566000	0	0.008634
327	250000	566000	0	0.0002
328	254000	566000	0	0.072187
329	258000	566000	0	0.016059
330	262000	566000	0	0.043091
331	266000	566000	0	0.004813
332	270000	566000	0	0.033918
333	274000	566000	0	0.000488
334	278000	566000	0	0.0002
335	110000	562000	0	0.029558
336	114000	562000	0	0.029592
337	118000	562000	0	0.039432
338	146000	562000	0	0.063444
339	154000	562000	0	0.088457
340	158000	562000	0	0.017506
341	162000	562000	0	0.01226
342	166000	562000	0	0.01268
343	170000	562000	0	0.044366
344	174000	562000	0	0.119143
345	178000	562000	-1	0.019281
346	182000	562000	0	0.036403
347	186000	562000	0	0.043776
348	190000	562000	0	0.010269
349	194000	562000	-1	0.006409
350	198000	562000	-1	0.000353
351	202000	562000	2	0.01289
352	206000	562000	3	0.000179
353	210000	562000	4	0.011502
354	214000	562000	5	0.000178
355	218000	562000	5	0.000183
356	222000	562000	7	0.000652
357	226000	562000	9	0.000174
358	230000	562000	10	0.000188
359	234000	562000	10	0.033876
360	238000	562000	7	0.011518
361	242000	562000	10	0.000152
362	246000	562000	10	0.010045
363	250000	562000	1	0.0002
364	254000	562000	2	0.001367
365	258000	562000	1	0.007478
366	262000	562000	1	0.0002
367	266000	562000	2	0.013394
368	270000	562000	0	0.022833
369	274000	562000	1	0.005449
370	278000	562000	1	0.005735
371	110000	558000	0	0.035825
372	114000	558000	0	0.02564
373	142000	558000	0	0.084621
374	154000	558000	0	0.063063
375	158000	558000	0	0.004703
376	162000	558000	0	0.002976
377	166000	558000	0	0.005477
378	170000	558000	0	0.024019
379	174000	558000	0	0.138278
380	178000	558000	0	0.027712
381	182000	558000	0	0.010994
382	186000	558000	0	0.000233
383	190000	558000	0	0.018616
384	194000	558000	-1	0.003341
385	198000	558000	0	0.028093
386	202000	558000	0	0.049278
387	206000	558000	3	0.009791
388	210000	558000	3	0.003836
389	214000	558000	4	0.026285
390	218000	558000	5	0.011494
391	222000	558000	9	0.043966
392	226000	558000	10	0.019929
393	230000	558000	10	0.023319
394	234000	558000	11	0.299564
395	238000	558000	11	0.03293
396	242000	558000	11	0.001789
397	246000	558000	17	0.075366
398	250000	558000	2	0.008619
399	254000	558000	2	0.017998
400	258000	558000	3	0.031274
401	262000	558000	3	0.0816
402	266000	558000	2	0.0002
403	270000	558000	1	0.002467
404	274000	558000	2	0.007913
405	278000	558000	3	0.004527
406	110000	554000	0	0.077541
407	114000	554000	0	0.176691
408	138000	554000	0	0.063444
409	158000	554000	0	0.071245
410	162000	554000	0	0.015576
411	166000	554000	0	0.013394
412	170000	554000	0	0.067715
413	174000	554000	0	0.007895
414	178000	554000	0	0.023867
415	182000	554000	0	0.111237
416	186000	554000	0	0.027797
417	190000	554000	0	0.325973
418	194000	554000	0	0.019562
419	198000	554000	0	0.0002
420	202000	554000	1	0.001364
421	206000	554000	2	0.00017
422	210000	554000	4	0.0002
423	214000	554000	5	0.02193
424	218000	554000	6	0.053513
425	222000	554000	9	0.008309
426	226000	554000	10	0.016077
427	230000	554000	12	0.050094
428	234000	554000	10	0.057147
429	238000	554000	12	0.011076
430	242000	554000	14	0.024903
431	246000	554000	24	0.01345
432	250000	554000	17	0.011269
433	254000	554000	4	0.000338
434	258000	554000	4	0.026153
435	262000	554000	5	0.126932
436	266000	554000	4	0.000196
437	270000	554000	5	0.003795
438	274000	554000	4	0.004985
439	110000	550000	0	0.067319
440	114000	550000	0	0.306069
441	126000	550000	0	0.055017
442	130000	550000	0	0.071192
443	134000	550000	0	0.063533
444	154000	550000	0	0.065757
445	158000	550000	0	0.016189
446	162000	550000	0	0.017214
447	166000	550000	0	0.034715
448	170000	550000	0	0.031628
449	174000	550000	0	0.019109
450	178000	550000	0	0.033039
451	182000	550000	0	0.01188
452	186000	550000	0	0.012819
453	190000	550000	0	0.070537
454	194000	550000	1	0.109648
455	198000	550000	0	0.008035
456	202000	550000	0	0.004411
457	206000	550000	2	0.011082
458	210000	550000	3	0.000197
459	214000	550000	7	0.000142
460	218000	550000	15	0.007868
461	222000	550000	10	0.002227
462	226000	550000	12	0.029231
463	230000	550000	13	0.00022
464	234000	550000	14	0.005235
465	238000	550000	14	0.000132
466	242000	550000	17	0.008855
467	246000	550000	17	0.000752
468	250000	550000	16	0.03168
469	254000	550000	5	0.008636
470	258000	550000	6	0.013946
471	262000	550000	6	0.005733
472	266000	550000	7	0.090124
473	270000	550000	6	0.002017
474	274000	550000	7	0.000488
475	110000	546000	0	0.078155
476	114000	546000	0	0.071496
477	118000	546000	0	0.038866
478	122000	546000	0	0.05565
479	126000	546000	0	0.032101
480	130000	546000	0	0.00016
481	134000	546000	0	0.041136
482	154000	546000	0	0.045091
483	158000	546000	0	0.029569
484	162000	546000	0	0.016565
485	166000	546000	0	0.011063
486	170000	546000	0	0.033321
487	174000	546000	0	0.016297
488	178000	546000	0	0.009239
489	182000	546000	0	0.046809
490	186000	546000	0	0.021287
491	190000	546000	0	0.004329
492	194000	546000	0	0.029369
493	198000	546000	0	0.036863
494	202000	546000	0	0.0002
495	206000	546000	2	0.015978
496	210000	546000	4	0.000148
497	214000	546000	8	8.1E-05
498	218000	546000	17	4.9E-05
499	222000	546000	11	0.009452
500	226000	546000	12	0.000872
501	230000	546000	13	0.000181
502	234000	546000	14	0.000158
503	238000	546000	16	0.000122
504	242000	546000	22	6.7E-05
505	246000	546000	15	0.00836
506	250000	546000	17	0.004443
507	254000	546000	20	0.012184
508	258000	546000	7	0.016413
509	262000	546000	7	0.026552
510	266000	546000	8	0.082893
511	270000	546000	8	0.011013
512	110000	542000	0	0.023584
513	114000	542000	0	0.034304
514	118000	542000	0	0.027035
515	122000	542000	0	0.017398
516	126000	542000	-1	0.004194
517	130000	542000	-3	0.023272
518	134000	542000	-3	0.009811
519	154000	542000	0	0.053566
520	158000	542000	0	0.017685
521	162000	542000	0	0.002412
522	166000	542000	4	0.005218
523	170000	542000	0	0.009272
524	174000	542000	0	0.036071
525	178000	542000	0	0.020046
526	182000	542000	-1	0.014984
527	186000	542000	0	0.012684
528	190000	542000	-1	0.010351
529	194000	542000	0	0.047379
530	198000	542000	0	0.044977
531	202000	542000	0	0.008626
532	206000	542000	3	0.000166
533	210000	542000	5	0.016801
534	214000	542000	6	0.000168
535	218000	542000	11	0.015181
536	222000	542000	9	0.000748
537	226000	542000	9	0.000196
538	230000	542000	12	0.058958
539	234000	542000	13	0.000197
540	238000	542000	15	0.025872
541	242000	542000	16	0.000149
542	246000	542000	18	0.014122
543	250000	542000	16	0.000111
544	254000	542000	22	0.031864
545	258000	542000	8	0.024057
546	262000	542000	9	0.023249
547	266000	542000	10	0.005005
548	270000	542000	10	0.025529
549	110000	538000	0	0.022373
550	114000	538000	0	0.009497
551	118000	538000	0	0.006595
552	122000	538000	-1	0.003809
553	126000	538000	-2	0.006753
554	130000	538000	-3	0.054247
555	134000	538000	-4	0.0002
556	138000	538000	0	0.056234
557	166000	538000	0	0.041751
558	170000	538000	0	0.063253
559	174000	538000	0	0.038397
560	178000	538000	-1	0.058982
561	182000	538000	0	0.000193
562	186000	538000	0	0.0002
563	190000	538000	0	0.029958
564	194000	538000	0	0.019173
565	198000	538000	3	0.006463
566	202000	538000	8	0.000162
567	206000	538000	1	0.004838
568	210000	538000	1	0.012643
569	214000	538000	5	0.00378
570	218000	538000	6	0.000184
571	222000	538000	10	0.019948
572	226000	538000	17	6.9E-05
573	230000	538000	13	0.004812
574	234000	538000	14	0.000173
575	238000	538000	14	0.000196
576	242000	538000	16	0.000313
577	246000	538000	17	0.001058
578	250000	538000	17	0.004926
579	254000	538000	18	0.001093
580	258000	538000	21	0.010083
581	262000	538000	11	0.009353
582	266000	538000	12	0.055131
583	270000	538000	12	0.002532
584	106000	534000	0	0.082785
585	110000	534000	0	0.017831
586	114000	534000	0	0.101367
587	118000	534000	0	0.00834
588	122000	534000	0	0.003844
589	126000	534000	-2	0.0002
590	130000	534000	-3	0.013394
591	134000	534000	-4	0.000606
592	170000	534000	0	0.048133
593	174000	534000	-3	0.005062
594	178000	534000	-3	0.001797
595	182000	534000	0	0.000106
596	186000	534000	0	0.000179
597	190000	534000	0	0.027797
598	194000	534000	0	0.026274
599	198000	534000	0	0.007653
600	202000	534000	0	0.096914
601	206000	534000	1	0.066094
602	210000	534000	6	0.035441
603	214000	534000	7	0.034048
604	218000	534000	4	0.00019
605	222000	534000	9	0.004725
606	226000	534000	11	0.004056
607	230000	534000	12	0.019442
608	234000	534000	13	0.000949
609	238000	534000	15	0.000295
610	242000	534000	15	0.019656
611	246000	534000	15	0.026427
612	250000	534000	16	0.007758
613	254000	534000	16	0.010053
614	258000	534000	23	0.249385
615	262000	534000	14	0.034425
616	266000	534000	13	0.011057
617	270000	534000	14	0.00473
618	106000	530000	0	0.027912
619	110000	530000	0	0.006595
620	114000	530000	0	0.017437
621	118000	530000	0	0.007478
622	122000	530000	0	0.06273
623	126000	530000	-1	0.0002
624	130000	530000	-2	0.0002
625	134000	530000	-1	0.06736
626	138000	530000	0	0.082799
627	142000	530000	0	0.075143
628	146000	530000	0	0.054196
629	170000	530000	-3	0.01784
630	174000	530000	-3	0.007047
631	178000	530000	-3	0.009208
632	182000	530000	-2	0.002727
633	186000	530000	-2	0.000192
634	190000	530000	0	0.006454
635	194000	530000	0	0.034057
636	198000	530000	-1	0.003681
637	202000	530000	-1	0.029374
638	206000	530000	0	0.002739
639	210000	530000	0	0.003828
640	214000	530000	0	0.009857
641	218000	530000	1	0.020647
642	222000	530000	7	0.014808
643	226000	530000	11	0.002651
644	230000	530000	12	0.058807
645	234000	530000	13	0.00419
646	238000	530000	14	0.006345
647	242000	530000	14	0.008167
648	246000	530000	13	0.015987
649	250000	530000	13	0.019481
650	254000	530000	14	0.037307
651	258000	530000	18	0.210187
652	262000	530000	19	0.034728
653	266000	530000	15	0.011846
654	270000	530000	16	0.014419
655	106000	526000	4	0.012215
656	110000	526000	0	0.037563
657	114000	526000	0	0.048369
658	118000	526000	0	0.020305
659	122000	526000	0	0.008002
660	126000	526000	0	0.055316
661	130000	526000	0	0.017141
662	134000	526000	-1	0.013257
663	138000	526000	-1	0.04542
664	142000	526000	-2	0.012636
665	146000	526000	-1	0.032177
666	150000	526000	0	0.074715
667	170000	526000	-3	0.015413
668	174000	526000	-3	0.004285
669	178000	526000	-3	0.090775
670	182000	526000	-2	0.072189
671	186000	526000	-2	0.020284
672	190000	526000	-2	0.0002
673	194000	526000	0	0.010538
674	198000	526000	0	0.042355
675	202000	526000	-1	0.04055
676	206000	526000	0	0.03339
677	210000	526000	0	0.085731
678	214000	526000	1	0.020161
679	218000	526000	1	0.00122
680	222000	526000	9	0.008279
681	226000	526000	8	0.08457
682	230000	526000	11	0.23
683	234000	526000	12	0.026386
684	238000	526000	13	0.007176
685	242000	526000	12	0.004778
686	246000	526000	12	0.017014
687	250000	526000	11	0.000346
688	254000	526000	13	0.03307
689	258000	526000	14	0.038641
690	262000	526000	18	0.046968
691	266000	526000	16	0.039488
692	106000	522000	12	0.001769
693	110000	522000	0	0.049873
694	114000	522000	0	0.098719
695	118000	522000	0	0.212266
696	122000	522000	-1	0.020274
697	126000	522000	-1	0.01528
698	130000	522000	0	0.022427
699	134000	522000	-1	0.050042
700	138000	522000	0	0.041206
701	142000	522000	0	0.08615
702	146000	522000	0	0.162367
703	170000	522000	-1	0.026282
704	174000	522000	-4	0.006163
705	178000	522000	-3	0.080583
706	182000	522000	-3	0.033775
707	186000	522000	-2	0.0002
708	190000	522000	-1	0.001183
709	194000	522000	0	0.031199
710	198000	522000	0	0.055442
711	202000	522000	-1	0.063584
712	206000	522000	0	0.04573
713	210000	522000	0	0.134754
714	214000	522000	1	0.02022
715	218000	522000	2	0.011054
716	222000	522000	3	0.001961
717	226000	522000	10	0.028355
718	230000	522000	10	0.0002
719	234000	522000	11	0.00701
720	238000	522000	9	0.008095
721	242000	522000	9	0.005848
722	246000	522000	10	0.097107
723	250000	522000	9	0.017657
724	254000	522000	11	0.012959
725	258000	522000	13	0.015422
726	262000	522000	15	0.013142
727	266000	522000	17	0.055752
728	102000	518000	0	0.053672
729	106000	518000	2	0.000103
730	110000	518000	0	0.160175
731	114000	518000	0	0.165448
732	118000	518000	-1	0.09458
733	122000	518000	-1	0.0002
734	126000	518000	-1	0.00501
735	130000	518000	-2	0.078821
736	134000	518000	0	0.240122
737	138000	518000	0	0.016261
738	142000	518000	0	0.032204
739	170000	518000	0	0.128825
740	174000	518000	-3	0.014598
741	178000	518000	-3	0.021746
742	182000	518000	-2	0.000182
743	186000	518000	-2	0.01037
744	190000	518000	-2	0.008142
745	194000	518000	-1	0.023631
746	198000	518000	0	0.01762
747	202000	518000	0	0.039387
748	206000	518000	0	0.0002
749	210000	518000	0	0.078516
750	214000	518000	1	0.000892
751	218000	518000	2	0.000184
752	222000	518000	3	0.004464
753	226000	518000	7	0.000189
754	230000	518000	8	0.0002
755	234000	518000	9	0.019269
756	238000	518000	8	0.03863
757	242000	518000	8	0.018192
758	246000	518000	8	0.113873
759	250000	518000	10	0.0002
760	254000	518000	11	0.000198
761	258000	518000	12	0.001073
762	262000	518000	14	0.003007
763	266000	518000	15	0.014145
764	102000	514000	0	0.058654
765	106000	514000	1	0.04274
766	110000	514000	2	0.116034
767	114000	514000	-2	0.173954
768	118000	514000	-3	0.005722
769	122000	514000	-1	0.020002
770	126000	514000	-2	0.030845
771	130000	514000	0	0.060325
772	138000	514000	0	0.054709
773	170000	514000	0	0.054082
774	174000	514000	-1	0.032531
775	178000	514000	-1	0.039309
776	182000	514000	-1	0.029166
777	186000	514000	0	0.018881
778	190000	514000	0	0.024222
779	194000	514000	0	0.021453
780	198000	514000	0	0.053601
781	202000	514000	0	0.078052
782	206000	514000	0	0.0002
783	210000	514000	0	0.020734
784	214000	514000	1	0.001907
785	218000	514000	3	0.000163
786	222000	514000	4	0.01078
787	226000	514000	4	0.034469
788	230000	514000	6	0.048329
789	234000	514000	6	0.026224
790	238000	514000	7	0.001798
791	242000	514000	8	0.018298
792	246000	514000	9	0.011661
793	102000	510000	0	0.044379
794	106000	510000	2	0.019371
795	110000	510000	0	0.041438
796	114000	510000	-2	0.001182
797	118000	510000	-1	0.006898
798	122000	510000	-3	0.0002
799	126000	510000	-2	0.0002
800	130000	510000	0	0.031322
801	166000	510000	-3	0.022961
802	170000	510000	-3	0.008821
803	174000	510000	-3	0.038397
804	178000	510000	-3	0.024405
805	182000	510000	-1	0.031194
806	186000	510000	0	0.023927
807	190000	510000	0	0.170324
808	194000	510000	0	0.020662
809	198000	510000	0	0.0002
810	202000	510000	0	0.087663
811	206000	510000	0	0.0002
812	210000	510000	0	0.004282
813	214000	510000	1	0.034444
814	218000	510000	2	0.012811
815	222000	510000	4	0.000189
816	226000	510000	5	0.0002
817	230000	510000	4	0.000198
818	234000	510000	7	0.004791
819	238000	510000	8	0.155635
820	242000	510000	9	0.014402
821	246000	510000	10	0.0002
822	102000	506000	4	0.058954
823	106000	506000	1	0.062778
824	110000	506000	0	0.047663
825	114000	506000	0	0.012838
826	118000	506000	-2	0.017378
827	122000	506000	-3	0.018011
828	126000	506000	-2	0.006411
829	130000	506000	-1	0.001182
830	158000	506000	0	0.128767
831	162000	506000	0	0.062697
832	166000	506000	-3	0.103881
833	170000	506000	-4	0.000198
834	174000	506000	-4	0.004359
835	178000	506000	-3	0.117352
836	182000	506000	-3	0.000182
837	186000	506000	0	0.00651
838	190000	506000	0	0.106065
839	194000	506000	0	0.036973
840	198000	506000	0	0.009041
841	202000	506000	0	0.106194
842	206000	506000	0	0.054863
843	210000	506000	0	0.006243
844	214000	506000	1	0.000193
845	218000	506000	3	0.000191
846	222000	506000	5	0.002728
847	226000	506000	6	0.064882
848	230000	506000	8	0.000127
849	234000	506000	8	0.002031
850	238000	506000	7	0.012754
851	242000	506000	11	0.00027
852	246000	506000	26	0.002331
853	102000	502000	9	0.16468
854	106000	502000	3	0.149165
855	110000	502000	0	0.052675
856	114000	502000	0	0.178782
857	118000	502000	0	0.024683
858	122000	502000	-2	0.003325
859	126000	502000	0	0.204569
860	130000	502000	-2	0.122139
861	134000	502000	0	0.107028
862	158000	502000	-1	0.226415
863	162000	502000	-1	0.180596
864	166000	502000	-3	0.019689
865	170000	502000	-4	0.000193
866	174000	502000	-3	0.007453
867	178000	502000	-3	0.079046
868	182000	502000	-3	0.0002
869	186000	502000	0	0.008585
870	190000	502000	0	0.0002
871	194000	502000	0	0.005471
872	198000	502000	0	0.038505
873	202000	502000	2	0.277372
874	206000	502000	1	0.205948
875	210000	502000	1	0.000186
876	214000	502000	4	0.039116
877	218000	502000	5	0.005182
878	222000	502000	8	0.039297
879	226000	502000	11	0.040239
880	230000	502000	14	5.3E-05
881	234000	502000	6	0.00525
882	238000	502000	7	0.002097
883	242000	502000	14	0.022564
884	246000	502000	23	0.007668
885	98000	498000	0	0.077669
886	102000	498000	8	0.425381
887	106000	498000	1	0.311831
888	110000	498000	-1	0.023541
889	114000	498000	0	0.08765
890	118000	498000	0	0.066942
891	122000	498000	0	0.042566
892	126000	498000	-1	0.015692
893	130000	498000	0	0.0355
894	134000	498000	0	0.057463
895	138000	498000	0	0.058559
896	150000	498000	0	0.063444
897	154000	498000	-3	0.060796
898	158000	498000	-1	0.015785
899	162000	498000	-4	0.081968
900	166000	498000	-4	0.051194
901	170000	498000	-4	0.0002
902	174000	498000	-3	0.013499
903	178000	498000	-3	0.031763
904	182000	498000	-2	0.000772
905	186000	498000	0	0.063801
906	190000	498000	0	0.005005
907	194000	498000	1	0.013514
908	198000	498000	7	0.093374
909	202000	498000	3	0.106021
910	206000	498000	0	0.042297
911	210000	498000	1	0.000187
912	214000	498000	2	0.000153
913	218000	498000	4	0.000301
914	222000	498000	5	0.000583
915	226000	498000	8	0.010894
916	230000	498000	6	0.017376
917	234000	498000	7	0.071046
918	238000	498000	8	0.025156
919	242000	498000	12	0.035222
920	246000	498000	17	0.000191
921	250000	498000	24	0.000199
922	254000	498000	48	0.006965
923	262000	498000	20	0.005882
924	98000	494000	0	0.040362
925	102000	494000	11	0.043714
926	106000	494000	1	0.169692
927	110000	494000	0	0.06481
928	114000	494000	0	0.25491
929	118000	494000	1	0.305158
930	122000	494000	0	0.15157
931	126000	494000	-1	0.000336
932	130000	494000	0	0.024224
933	134000	494000	0	0.0495
934	138000	494000	0	0.063349
935	142000	494000	0	0.063444
936	146000	494000	0	0.043034
937	150000	494000	-3	0.040935
938	154000	494000	-3	0.01955
939	158000	494000	-3	0.006955
940	162000	494000	-3	0.013001
941	166000	494000	-4	0.004304
942	170000	494000	-3	0.000194
943	174000	494000	-3	0.009077
944	178000	494000	-2	0.015095
945	182000	494000	0	0.048908
946	186000	494000	1	0.045742
947	190000	494000	5	0.01951
948	194000	494000	17	0.019113
949	198000	494000	37	0.051615
950	202000	494000	4	0.023069
951	206000	494000	1	0.004794
952	210000	494000	1	0.002526
953	214000	494000	4	0.044906
954	218000	494000	5	0.012525
955	222000	494000	6	0.005447
956	226000	494000	7	0.000188
957	230000	494000	6	0.0002
958	234000	494000	8	0.003115
959	238000	494000	8	0.032616
960	242000	494000	10	0.012933
961	246000	494000	14	0.012529
962	250000	494000	22	0.007188
963	254000	494000	45	0.000181
964	258000	494000	40	0.031081
965	262000	494000	20	0.0002
966	266000	494000	22	0.067694
967	98000	490000	5	0.048949
968	102000	490000	9	0.107341
969	106000	490000	0	0.239085
970	110000	490000	0	0.126752
971	114000	490000	0	0.438503
972	118000	490000	2	0.463436
973	122000	490000	2	0.345094
974	126000	490000	0	0.148181
975	130000	490000	0	0.028341
976	134000	490000	0	0.062808
977	138000	490000	0	0.052091
978	142000	490000	-2	0.085988
979	146000	490000	-2	0.25453
980	150000	490000	-3	0.058202
981	154000	490000	-4	0.009984
982	158000	490000	-3	0.0002
983	162000	490000	-3	0.000167
984	166000	490000	-3	0.000194
985	170000	490000	-2	0.009648
986	174000	490000	-1	0.044125
987	178000	490000	-1	0.04391
988	182000	490000	2	0.036931
989	186000	490000	12	0.005607
990	190000	490000	25	0.05772
991	194000	490000	35	0
992	198000	490000	19	0.057233
993	202000	490000	2	0.006921
994	206000	490000	2	0.045851
995	210000	490000	2	0.0002
996	214000	490000	4	0.059451
997	218000	490000	5	0.060457
998	222000	490000	7	0.004702
999	226000	490000	17	0.025748
1000	230000	490000	8	0.012094
1001	234000	490000	9	0.000177
1002	238000	490000	9	0.122543
1003	242000	490000	9	0.054943
1004	246000	490000	13	0.006312
1005	250000	490000	18	0.019308
1006	254000	490000	24	0.000192
1007	258000	490000	24	0.013065
1008	262000	490000	22	0.000157
1009	266000	490000	24	0.042671
1010	270000	490000	27	0.011956
1011	94000	486000	0	0.055842
1012	98000	486000	9	0.060236
1013	102000	486000	4	0.168615
1014	106000	486000	0	0.129655
1015	110000	486000	-4	0.037641
1016	114000	486000	0	0.16756
1017	118000	486000	3	0.238569
1018	122000	486000	5	0.316006
1019	126000	486000	0	0.272266
1020	130000	486000	0	0.065228
1021	134000	486000	0	0.063444
1022	138000	486000	0	0.024353
1023	142000	486000	-1	0.231706
1024	146000	486000	-2	0.116168
1025	150000	486000	-4	0.017145
1026	154000	486000	-4	0.0002
1027	158000	486000	-4	0.036906
1028	162000	486000	-3	0.093289
1029	166000	486000	-3	0.024066
1030	170000	486000	-1	0.129928
1031	174000	486000	1	0.107768
1032	178000	486000	5	0.009009
1033	182000	486000	18	0.080576
1034	186000	486000	26	0.000778
1035	190000	486000	36	1.5E-05
1036	194000	486000	26	0.04913
1037	198000	486000	7	0.0154
1038	202000	486000	2	0.011144
1039	206000	486000	2	0.010652
1040	210000	486000	3	0.000191
1041	214000	486000	4	0.024978
1042	218000	486000	7	0.012533
1043	222000	486000	9	0.005252
1044	226000	486000	29	0.024142
1045	230000	486000	10	0.133404
1046	234000	486000	10	0.006434
1047	238000	486000	11	0.182663
1048	242000	486000	12	0.268149
1049	246000	486000	12	0.006932
1050	250000	486000	13	0.011676
1051	254000	486000	16	0.012103
1052	258000	486000	22	0.007467
1053	262000	486000	30	0.000164
1054	266000	486000	29	0.000165
1055	270000	486000	29	0.00288
1056	94000	482000	6	0.028138
1057	98000	482000	7	0.004287
1058	102000	482000	0	0.074652
1059	106000	482000	-2	0.148701
1060	110000	482000	-3	0.15402
1061	114000	482000	-1	0.43374
1062	118000	482000	1	0.218896
1063	122000	482000	0	0.262017
1064	126000	482000	1	0.283162
1065	130000	482000	0	0.146031
1066	134000	482000	0	0.039172
1067	138000	482000	0	0.102364
1068	142000	482000	-1	0.11268
1069	146000	482000	-1	0.079529
1070	150000	482000	-2	0.04322
1071	154000	482000	-3	0.000194
1072	158000	482000	-3	0.000135
1073	162000	482000	0	0.033447
1074	166000	482000	-1	0.136963
1075	170000	482000	4	0.130412
1076	174000	482000	16	0.068542
1077	178000	482000	23	0
1078	182000	482000	31	0.028142
1079	186000	482000	44	2.1E-05
1080	190000	482000	33	0.004838
1081	194000	482000	15	0.034292
1082	198000	482000	5	0.007895
1083	202000	482000	2	0.008253
1084	206000	482000	4	0.014231
1085	210000	482000	5	0.000178
1086	214000	482000	5	0.009626
1087	218000	482000	8	0.005581
1088	222000	482000	13	0.000132
1089	226000	482000	42	1E-06
1090	230000	482000	10	0.094634
1091	234000	482000	10	0.062122
1092	238000	482000	9	0.013268
1093	242000	482000	11	0.069557
1094	246000	482000	13	0.066259
1095	250000	482000	14	0.021434
1096	254000	482000	19	0.004424
1097	258000	482000	31	0.112087
1098	262000	482000	56	0.067093
1099	266000	482000	33	0.013606
1100	94000	478000	3	0.08638
1101	98000	478000	0	0.049222
1102	102000	478000	-4	0.098258
1103	106000	478000	-3	0.127751
1104	110000	478000	-3	0.227609
1105	114000	478000	-2	0.350147
1106	118000	478000	-1	0.190037
1107	122000	478000	-1	0.065095
1108	126000	478000	0	0.272976
1109	130000	478000	0	0.062037
1110	134000	478000	0	0.015445
1111	138000	478000	1	0.115746
1112	142000	478000	10	0.066928
1113	146000	478000	3	0.200887
1114	150000	478000	-1	0.044364
1115	154000	478000	-3	0.009737
1116	158000	478000	-3	0.005592
1117	162000	478000	-1	4.7E-05
1118	166000	478000	1	0.014736
1119	170000	478000	14	0.082944
1120	174000	478000	32	0.018077
1121	178000	478000	24	8.3E-05
1122	182000	478000	33	0.009393
1123	186000	478000	65	0
1124	190000	478000	41	2.1E-05
1125	194000	478000	15	0.054684
1126	198000	478000	3	0.017576
1127	202000	478000	3	0.027703
1128	206000	478000	5	0.057006
1129	210000	478000	6	0.015
1130	214000	478000	7	0.005612
1131	218000	478000	9	0.000176
1132	222000	478000	10	0.00019
1133	226000	478000	22	0.046631
1134	230000	478000	15	0.019048
1135	234000	478000	14	0.028787
1136	238000	478000	10	0.017149
1137	242000	478000	13	0.010532
1138	246000	478000	19	0.037143
1139	250000	478000	16	0.192516
1140	254000	478000	23	0.086391
1141	258000	478000	35	0.236735
1142	262000	478000	51	0.03346
1143	266000	478000	36	0.02631
1144	90000	474000	0	0.083172
1145	94000	474000	0	0.073806
1146	98000	474000	0	0.092298
1147	102000	474000	-3	0.047674
1148	106000	474000	-3	0.063413
1149	110000	474000	-1	0.079174
1150	114000	474000	-2	0.114943
1151	118000	474000	-3	0.092491
1152	122000	474000	-2	0.009167
1153	126000	474000	-1	0.03536
1154	130000	474000	0	0.019882
1155	134000	474000	0	0.040175
1156	138000	474000	5	0.057506
1157	142000	474000	14	0.118637
1158	146000	474000	1	0.101148
1159	150000	474000	0	0.00081
1160	154000	474000	0	0.069957
1161	158000	474000	0	0.01424
1162	162000	474000	0	0.058488
1163	166000	474000	3	0.008673
1164	170000	474000	18	0.10807
1165	174000	474000	50	0.004654
1166	178000	474000	31	0.002234
1167	182000	474000	34	0.007945
1168	186000	474000	75	0
1169	190000	474000	51	1.1E-05
1170	194000	474000	15	0.0746
1171	198000	474000	4	0.022313
1172	202000	474000	3	0.041004
1173	206000	474000	5	0.098012
1174	210000	474000	7	0.342805
1175	214000	474000	8	0.045775
1176	218000	474000	10	0.013223
1177	222000	474000	10	0.0002
1178	226000	474000	11	0.00109
1179	230000	474000	17	0.022423
1180	234000	474000	14	0.014108
1181	238000	474000	11	0.103893
1182	242000	474000	13	0.003008
1183	246000	474000	18	0.046476
1184	250000	474000	19	0.312869
1185	254000	474000	28	0.150176
1186	258000	474000	42	0.089871
1187	262000	474000	45	0.003667
1188	266000	474000	36	0.07935
1189	270000	474000	39	0.020087
1190	90000	470000	1	0.13041
1191	94000	470000	0	0.087391
1192	98000	470000	0	0.032276
1193	102000	470000	-3	0.018265
1194	106000	470000	-3	0.045133
1195	110000	470000	-3	0.017116
1196	114000	470000	-3	0.00877
1197	118000	470000	-3	0.095284
1198	122000	470000	-4	0.099486
1199	126000	470000	-1	0.036797
1200	130000	470000	0	0.036774
1201	134000	470000	0	0.075087
1202	138000	470000	4	0.141456
1203	142000	470000	9	0.145011
1204	146000	470000	7	0.09733
1205	150000	470000	0	0.068881
1206	154000	470000	0	0.091648
1207	158000	470000	0	0.001427
1208	162000	470000	3	0.160554
1209	166000	470000	8	0.000166
1210	170000	470000	15	0.002076
1211	174000	470000	30	0.005985
1212	178000	470000	36	0.020192
1213	182000	470000	37	0.013821
1214	186000	470000	71	1.3E-05
1215	190000	470000	69	0.019523
1216	194000	470000	19	0.256031
1217	198000	470000	8	0.100575
1218	202000	470000	5	0.039063
1219	206000	470000	6	0.025839
1220	210000	470000	6	0.021791
1221	214000	470000	8	0.000166
1222	218000	470000	10	0.005135
1223	222000	470000	11	0.000184
1224	226000	470000	12	0.000192
1225	230000	470000	13	0.001797
1226	234000	470000	13	0.008459
1227	238000	470000	14	0.021283
1228	242000	470000	16	0.005722
1229	246000	470000	20	0.000146
1230	250000	470000	25	0.013393
1231	254000	470000	30	0.231764
1232	258000	470000	41	0.236155
1233	262000	470000	42	0.080896
1234	86000	466000	8	0.034294
1235	90000	466000	0	0.266124
1236	94000	466000	1	0.267116
1237	98000	466000	-1	0.033623
1238	102000	466000	-1	0.01944
1239	106000	466000	-3	0.010599
1240	110000	466000	-2	0.031032
1241	114000	466000	-4	0.000492
1242	118000	466000	-2	0.018811
1243	122000	466000	-1	0.016422
1244	126000	466000	0	0.006594
1245	130000	466000	0	0.053444
1246	134000	466000	0	0.063864
1247	138000	466000	0	0.051455
1248	142000	466000	11	0.014007
1249	146000	466000	10	0.101897
1250	150000	466000	1	0.065961
1251	154000	466000	2	0.225111
1252	158000	466000	3	0.145826
1253	162000	466000	4	0.021159
1254	166000	466000	9	0.024368
1255	170000	466000	14	0.117535
1256	174000	466000	17	0.036812
1257	178000	466000	25	0.007897
1258	182000	466000	35	1.7E-05
1259	186000	466000	64	6E-06
1260	190000	466000	56	0.027386
1261	194000	466000	24	0.292813
1262	198000	466000	10	0.120739
1263	202000	466000	7	0.014307
1264	206000	466000	8	0.008503
1265	210000	466000	6	0.007639
1266	214000	466000	10	0.014073
1267	218000	466000	10	0.000185
1268	222000	466000	11	0.031638
1269	226000	466000	13	0.079232
1270	230000	466000	12	0.000197
1271	234000	466000	14	0.000186
1272	238000	466000	16	0.000197
1273	242000	466000	17	0.000198
1274	246000	466000	22	0.041201
1275	250000	466000	28	0.014985
1276	254000	466000	33	0.015547
1277	258000	466000	42	0.026691
1278	262000	466000	44	0.018175
1279	82000	462000	0	0.032604
1280	86000	462000	8	0.107776
1281	90000	462000	0	0.133501
1282	94000	462000	1	0.237562
1283	98000	462000	0	0.119863
1284	102000	462000	0	0.154321
1285	106000	462000	0	0.208803
1286	110000	462000	-3	0.018508
1287	114000	462000	0	0.062124
1288	118000	462000	-1	0.018815
1289	122000	462000	0	0.000346
1290	126000	462000	0	0.011081
1291	130000	462000	0	0.10447
1292	134000	462000	0	0.037734
1293	138000	462000	0	0.017386
1294	142000	462000	9	0.079715
1295	146000	462000	13	0.140184
1296	150000	462000	15	0.045487
1297	154000	462000	11	0.210626
1298	158000	462000	3	0.142806
1299	162000	462000	4	0.012526
1300	166000	462000	8	0.027281
1301	170000	462000	12	0.169409
1302	174000	462000	15	0.008348
1303	178000	462000	21	0.004658
1304	182000	462000	34	0.005692
1305	186000	462000	48	0
1306	190000	462000	88	0.008391
1307	194000	462000	53	0.017018
1308	198000	462000	20	0.035867
1309	202000	462000	9	0.000195
1310	206000	462000	7	0.000976
1311	210000	462000	7	0.193747
1312	214000	462000	9	0.044179
1313	218000	462000	14	0.000106
1314	222000	462000	14	0.013481
1315	226000	462000	16	0.037682
1316	230000	462000	13	0.0002
1317	234000	462000	15	0.00744
1318	238000	462000	19	0.055392
1319	242000	462000	20	0.010529
1320	246000	462000	27	0.080371
1321	250000	462000	32	0.017819
1322	254000	462000	35	0.000171
1323	258000	462000	43	0.021222
1324	78000	458000	0	0.153939
1325	82000	458000	7	0.135281
1326	86000	458000	1	0.111428
1327	90000	458000	0	0.053977
1328	94000	458000	-1	0.036011
1329	98000	458000	-1	0.005586
1330	102000	458000	-1	0.048994
1331	106000	458000	-1	0.073672
1332	110000	458000	-1	0.025248
1333	114000	458000	-1	0.005615
1334	118000	458000	-1	0.008621
1335	122000	458000	0	0.022923
1336	126000	458000	0	0.048307
1337	130000	458000	0	0.134176
1338	134000	458000	3	0.364718
1339	138000	458000	3	0.16362
1340	142000	458000	6	0.151096
1341	146000	458000	14	0.1256
1342	150000	458000	27	0.102251
1343	154000	458000	15	0.003555
1344	158000	458000	3	0.037144
1345	162000	458000	5	0.000199
1346	166000	458000	8	0.003564
1347	170000	458000	11	0.000784
1348	174000	458000	17	0.000123
1349	178000	458000	21	0.000904
1350	182000	458000	31	0.030847
1351	186000	458000	47	0
1352	190000	458000	70	0.012028
1353	194000	458000	77	0.027722
1354	198000	458000	39	0.020288
1355	202000	458000	15	0.058987
1356	206000	458000	9	0.018529
1357	210000	458000	7	0.046731
1358	214000	458000	8	0.017375
1359	218000	458000	12	0.027985
1360	222000	458000	15	0.000153
1361	226000	458000	15	0.007027
1362	230000	458000	16	0.007079
1363	234000	458000	16	0.059767
1364	238000	458000	18	0.0002
1365	242000	458000	24	0.05992
1366	246000	458000	26	0.000194
1367	250000	458000	32	0.003675
1368	74000	454000	0	0.093849
1369	78000	454000	4	0.223038
1370	82000	454000	3	0.309556
1371	86000	454000	0	0.26296
1372	90000	454000	-4	0.072669
1373	94000	454000	-1	0.192014
1374	98000	454000	-4	0.031105
1375	102000	454000	-4	0.04097
1376	106000	454000	-1	0.018885
1377	110000	454000	-1	0.090677
1378	114000	454000	0	0.037291
1379	118000	454000	0	0.080455
1380	122000	454000	0	0.096821
1381	126000	454000	0	0.015712
1382	130000	454000	0	0.069365
1383	134000	454000	2	0.256674
1384	138000	454000	4	0.245972
1385	142000	454000	3	0.155054
1386	146000	454000	9	0.104132
1387	150000	454000	21	0.023574
1388	154000	454000	14	0.057425
1389	158000	454000	4	0.076018
1390	162000	454000	6	0.049099
1391	166000	454000	8	0.014263
1392	170000	454000	10	0.036351
1393	174000	454000	33	0.00155
1394	178000	454000	35	0.008884
1395	182000	454000	33	0.002594
1396	186000	454000	42	0.005699
1397	190000	454000	72	0.075022
1398	194000	454000	84	7E-06
1399	198000	454000	61	0.007743
1400	202000	454000	30	0.025222
1401	206000	454000	10	0.030575
1402	210000	454000	7	0.014448
1403	214000	454000	8	0.000193
1404	218000	454000	12	0.006447
1405	222000	454000	15	0.000182
1406	226000	454000	18	0.010176
1407	230000	454000	17	0.010075
1408	234000	454000	17	0.004274
1409	238000	454000	20	0.017011
1410	242000	454000	29	0.0002
1411	246000	454000	29	0.0002
1412	70000	450000	0	0.068115
1413	74000	450000	1	0.06486
1414	78000	450000	0	0.183523
1415	82000	450000	1	0.253479
1416	86000	450000	-1	0.152751
1417	90000	450000	-2	0.066663
1418	94000	450000	-3	0.193828
1419	98000	450000	-3	0.069173
1420	102000	450000	-4	0.024864
1421	106000	450000	-1	0.160064
1422	110000	450000	0	0.112336
1423	114000	450000	-1	0.016298
1424	118000	450000	0	0.045852
1425	122000	450000	0	0.016295
1426	126000	450000	0	0.034752
1427	130000	450000	0	0.045343
1428	134000	450000	2	0.278248
1429	138000	450000	2	0.218727
1430	142000	450000	2	0.051711
1431	146000	450000	3	0.052959
1432	150000	450000	10	0.070575
1433	154000	450000	26	0.017804
1434	158000	450000	14	0.006045
1435	162000	450000	8	0.009879
1436	166000	450000	7	0.184536
1437	170000	450000	8	0.143076
1438	174000	450000	21	0.226326
1439	178000	450000	29	0.002214
1440	182000	450000	36	1.6E-05
1441	186000	450000	43	0.032532
1442	190000	450000	49	0.113727
1443	194000	450000	72	0.008528
1444	198000	450000	84	1E-06
1445	202000	450000	44	0.036548
1446	206000	450000	8	0.056244
1447	210000	450000	8	0.009879
1448	214000	450000	9	0.0002
1449	218000	450000	13	0.025873
1450	222000	450000	17	0.00014
1451	226000	450000	16	0.00018
1452	230000	450000	16	0.0002
1453	234000	450000	18	0.0002
1454	238000	450000	23	0.060204
1455	242000	450000	29	0.012797
1456	246000	450000	34	0.007971
1457	250000	450000	36	0.047881
1458	62000	446000	0	0.088108
1459	66000	446000	0	0.061726
1460	70000	446000	1	0.074475
1461	74000	446000	0	0.09774
1462	78000	446000	0	0.008029
1463	82000	446000	0	0.119044
1464	86000	446000	0	0.28659
1465	90000	446000	-2	0.03481
1466	94000	446000	-4	0.067607
1467	98000	446000	-4	0.067818
1468	102000	446000	-5	0.00675
1469	106000	446000	-2	0.136811
1470	110000	446000	0	0.089577
1471	114000	446000	-1	0.022701
1472	118000	446000	-1	0.015991
1473	122000	446000	0	0.023878
1474	126000	446000	0	0.031172
1475	130000	446000	0	0.059625
1476	134000	446000	2	0.18609
1477	138000	446000	0	0.029906
1478	142000	446000	1	0.021289
1479	146000	446000	2	0.002262
1480	150000	446000	3	0.012063
1481	154000	446000	4	0.000178
1482	158000	446000	7	0.033735
1483	162000	446000	27	0.030714
1484	166000	446000	10	0.153794
1485	170000	446000	6	0.010897
1486	174000	446000	14	0.115777
1487	178000	446000	35	0.011527
1488	182000	446000	31	0.076315
1489	186000	446000	46	0.050827
1490	190000	446000	59	0.187032
1491	194000	446000	41	0.165202
1492	198000	446000	13	0.074728
1493	202000	446000	8	0.087565
1494	206000	446000	9	0.071618
1495	210000	446000	10	0.000327
1496	214000	446000	11	0.01062
1497	218000	446000	12	0.004129
1498	222000	446000	16	0.034344
1499	226000	446000	17	0.000188
1500	230000	446000	17	0.0002
1501	234000	446000	18	0.034663
1502	238000	446000	24	0.074769
1503	242000	446000	30	0.000159
1504	246000	446000	32	0.021686
1505	250000	446000	38	0.000191
1506	254000	446000	47	0.000153
1507	62000	442000	2	0.266139
1508	66000	442000	1	0.333697
1509	70000	442000	0	0.202138
1510	74000	442000	0	0.039123
1511	78000	442000	0	0.018261
1512	82000	442000	-2	0.015062
1513	86000	442000	-1	0.065573
1514	90000	442000	-3	0.232296
1515	94000	442000	-2	0.174684
1516	98000	442000	-3	0.259767
1517	102000	442000	-3	0.115668
1518	106000	442000	-1	0.00516
1519	110000	442000	-1	0.017983
1520	114000	442000	-1	0.019845
1521	118000	442000	0	0.030404
1522	122000	442000	0	0.017879
1523	126000	442000	0	0.054642
1524	130000	442000	0	0.033749
1525	134000	442000	0	0.115176
1526	138000	442000	0	0.010243
1527	142000	442000	1	0.046968
1528	146000	442000	3	0.044161
1529	150000	442000	4	0.095007
1530	154000	442000	4	0.038557
1531	158000	442000	5	0.027184
1532	162000	442000	5	0.016994
1533	166000	442000	10	0.061778
1534	170000	442000	7	0.058541
1535	174000	442000	9	0.150917
1536	178000	442000	9	0.08826
1537	182000	442000	10	0.07434
1538	186000	442000	8	0.067382
1539	190000	442000	11	0.209058
1540	194000	442000	11	0.250284
1541	198000	442000	8	0.164715
1542	202000	442000	8	0.0002
1543	206000	442000	9	0.007331
1544	210000	442000	12	0.017275
1545	214000	442000	11	0.117378
1546	218000	442000	14	0.226563
1547	222000	442000	16	0.000195
1548	226000	442000	17	0.001347
1549	230000	442000	18	0.007611
1550	234000	442000	19	0.00587
1551	238000	442000	30	0.003337
1552	242000	442000	29	0.003226
1553	246000	442000	37	0.131378
1554	250000	442000	42	0.000195
1555	254000	442000	48	0.002511
1556	58000	438000	0	0.068059
1557	62000	438000	0	0.097284
1558	66000	438000	1	0.128222
1559	70000	438000	0	0.254957
1560	74000	438000	1	0.303943
1561	78000	438000	0	0.085024
1562	82000	438000	0	0.140422
1563	86000	438000	1	0.328929
1564	90000	438000	2	0.325139
1565	94000	438000	3	0.262912
1566	98000	438000	0	0.267262
1567	102000	438000	0	0.155667
1568	106000	438000	-1	0.0015
1569	110000	438000	-1	0.011517
1570	114000	438000	0	0.044663
1571	118000	438000	0	0.077054
1572	122000	438000	0	0.008259
1573	126000	438000	0	0.020284
1574	130000	438000	0	0.010445
1575	134000	438000	0	0.015864
1576	138000	438000	0	0.014243
1577	142000	438000	0	0.101164
1578	146000	438000	1	0.006932
1579	150000	438000	2	0.008616
1580	154000	438000	3	0.008393
1581	158000	438000	4	0.057898
1582	162000	438000	4	0.025608
1583	166000	438000	6	0.028149
1584	170000	438000	6	0.062943
1585	174000	438000	6	0.012175
1586	178000	438000	7	0.022667
1587	182000	438000	7	0.004576
1588	186000	438000	7	0.093428
1589	190000	438000	8	0.056805
1590	194000	438000	10	0.075717
1591	198000	438000	10	0.050721
1592	202000	438000	10	0.125574
1593	206000	438000	11	0.059563
1594	210000	438000	14	0.00019
1595	214000	438000	15	0.007455
1596	218000	438000	12	0.016521
1597	222000	438000	14	0.095965
1598	226000	438000	16	0.002233
1599	230000	438000	18	0.04854
1600	234000	438000	20	0.0002
1601	238000	438000	28	0.077451
1602	242000	438000	35	0.001952
1603	246000	438000	45	0.000164
1604	250000	438000	47	0.010624
1605	62000	434000	0	0.037789
1606	66000	434000	0	0.007162
1607	70000	434000	0	0.045152
1608	74000	434000	0	0.16072
1609	78000	434000	3	0.477948
1610	82000	434000	2	0.473973
1611	86000	434000	2	0.471013
1612	90000	434000	2	0.431173
1613	94000	434000	1	0.316584
1614	98000	434000	0	0.27424
1615	102000	434000	0	0.215068
1616	106000	434000	0	0.074757
1617	110000	434000	-1	0.012276
1618	114000	434000	-1	0.000492
1619	118000	434000	-1	0.016862
1620	122000	434000	0	0.022191
1621	126000	434000	0	0.02643
1622	130000	434000	0	0.003556
1623	134000	434000	0	0.085174
1624	138000	434000	0	0.006456
1625	142000	434000	1	0.049151
1626	146000	434000	2	0.047876
1627	150000	434000	3	0.084485
1628	154000	434000	4	0.021419
1629	158000	434000	5	0.243322
1630	162000	434000	6	0.048712
1631	166000	434000	6	0.094186
1632	170000	434000	6	0.10673
1633	174000	434000	7	0.033401
1634	178000	434000	8	0.029536
1635	182000	434000	8	0.04406
1636	186000	434000	8	0.103815
1637	190000	434000	9	0.078978
1638	194000	434000	9	0.038122
1639	198000	434000	11	0.033132
1640	202000	434000	11	0.016862
1641	206000	434000	11	0.012222
1642	210000	434000	25	0.00882
1643	214000	434000	28	0.049239
1644	218000	434000	13	0.000353
1645	222000	434000	13	0.093544
1646	226000	434000	14	0.003844
1647	230000	434000	17	0.000195
1648	234000	434000	20	0.0002
1649	238000	434000	34	0.000198
1650	58000	430000	0	0.049297
1651	62000	430000	0	0.074515
1652	66000	430000	0	0.024269
1653	70000	430000	0	0.087583
1654	74000	430000	-1	0.005345
1655	78000	430000	0	0.189508
1656	82000	430000	0	0.315029
1657	86000	430000	0	0.168515
1658	90000	430000	0	0.181572
1659	94000	430000	0	0.143132
1660	98000	430000	0	0.205651
1661	102000	430000	0	0.156686
1662	106000	430000	0	0.204956
1663	110000	430000	-1	0.013513
1664	114000	430000	-1	0.012398
1665	118000	430000	-1	0.009213
1666	122000	430000	-1	0.031435
1667	126000	430000	0	0.111569
1668	130000	430000	0	0.027651
1669	134000	430000	0	0.008382
1670	138000	430000	0	0.000638
1671	142000	430000	1	0.026057
1672	146000	430000	2	0.028024
1673	150000	430000	3	0.053135
1674	154000	430000	3	0.023972
1675	158000	430000	4	0.029411
1676	162000	430000	4	0.002967
1677	166000	430000	5	0.001075
1678	170000	430000	5	0.017006
1679	174000	430000	6	0.02282
1680	178000	430000	7	0.082314
1681	182000	430000	8	0.150561
1682	186000	430000	10	0.22177
1683	190000	430000	9	0.034767
1684	194000	430000	9	0.052092
1685	198000	430000	10	0.020726
1686	202000	430000	11	0.052527
1687	206000	430000	12	0.058374
1688	210000	430000	13	0.023319
1689	214000	430000	15	0.119269
1690	218000	430000	13	0.028374
1691	222000	430000	14	0.013831
1692	226000	430000	16	0.02825
1693	230000	430000	17	0.051617
1694	50000	426000	0	0.035043
1695	54000	426000	1	0.039341
1696	58000	426000	0	0.015806
1697	62000	426000	0	0.113194
1698	66000	426000	0	0.073618
1699	70000	426000	0	0.098488
1700	74000	426000	0	0.006081
1701	78000	426000	0	0.043383
1702	82000	426000	0	0.073058
1703	86000	426000	0	0.080074
1704	90000	426000	0	0.099444
1705	94000	426000	0	0.059973
1706	98000	426000	0	0.097674
1707	102000	426000	0	0.273025
1708	106000	426000	1	0.255296
1709	110000	426000	0	0.289779
1710	114000	426000	0	0.107936
1711	118000	426000	0	0.1185
1712	122000	426000	0	0.067116
1713	126000	426000	1	0.162066
1714	130000	426000	0	0.062834
1715	134000	426000	1	0.039496
1716	138000	426000	1	0.023746
1717	142000	426000	2	0.030265
1718	146000	426000	3	0.114668
1719	150000	426000	3	0.015107
1720	154000	426000	3	0.027295
1721	158000	426000	4	0.019506
1722	162000	426000	5	0.009181
1723	166000	426000	5	0.050915
1724	170000	426000	6	0.004119
1725	174000	426000	6	0.001689
1726	178000	426000	8	0.098772
1727	182000	426000	9	0.27439
1728	186000	426000	20	0.267804
1729	190000	426000	58	0.06831
1730	194000	426000	12	0.026185
1731	50000	422000	0	0.105668
1732	54000	422000	0	0.061723
1733	58000	422000	0	0.062039
1734	62000	422000	0	0.026168
1735	66000	422000	0	0.011084
1736	70000	422000	0	0.050381
1737	74000	422000	0	0.063135
1738	78000	422000	0	0.01838
1739	82000	422000	0	0.0002
1740	86000	422000	0	0.0002
1741	90000	422000	0	0.015922
1742	94000	422000	-1	0.028576
1743	98000	422000	-1	0.02124
1744	102000	422000	0	0.272115
1745	106000	422000	0	0.197767
1746	110000	422000	0	0.049762
1747	114000	422000	0	0.01921
1748	118000	422000	0	0.034244
1749	122000	422000	0	0.039853
1750	126000	422000	0	0.02248
1751	130000	422000	0	0.059621
1752	134000	422000	0	0.030057
1753	138000	422000	1	0.022327
1754	142000	422000	1	0.021157
1755	146000	422000	2	0.076003
1756	150000	422000	3	0.041308
1757	154000	422000	2	0.022428
1758	158000	422000	3	0.004719
1759	162000	422000	4	0.085684
1760	166000	422000	6	0.155323
1761	170000	422000	6	0.014848
1762	174000	422000	7	0.062114
1763	178000	422000	7	0.048266
1764	182000	422000	9	0.031788
1765	186000	422000	11	0.077868
1766	190000	422000	63	0.0246
1767	194000	422000	24	0.056237
1768	42000	418000	0	0.071938
1769	46000	418000	0	0.121358
1770	50000	418000	0	0.09974
1771	54000	418000	0	0.059229
1772	58000	418000	0	0.058501
1773	62000	418000	0	0.044047
1774	66000	418000	0	0.015975
1775	70000	418000	0	0.053266
1776	74000	418000	0	0.019107
1777	78000	418000	0	0.046653
1778	82000	418000	0	0.014604
1779	86000	418000	0	0.016201
1780	90000	418000	0	0.054176
1781	94000	418000	0	0.0002
1782	98000	418000	-1	0.050486
1783	102000	418000	-1	0.019141
1784	106000	418000	0	0.026608
1785	110000	418000	0	0.038257
1786	114000	418000	2	0.056715
1787	118000	418000	0	0.015091
1788	122000	418000	0	0.014979
1789	126000	418000	0	0.007049
1790	130000	418000	0	0.001075
1791	134000	418000	0	0.007964
1792	138000	418000	2	0.084369
1793	142000	418000	2	0.033951
1794	146000	418000	2	0.072292
1795	150000	418000	2	0.030239
1796	154000	418000	2	0.006793
1797	158000	418000	2	0.005727
1798	162000	418000	6	0.109883
1799	166000	418000	11	0.238301
1800	170000	418000	14	0.030095
1801	174000	418000	9	0.022311
1802	178000	418000	9	0.045539
1803	182000	418000	9	0.020986
1804	186000	418000	9	0.117992
1805	190000	418000	17	0.061317
1806	194000	418000	28	0.01146
1807	198000	418000	40	0.002337
1808	38000	414000	6	0.060089
1809	42000	414000	0	0.054528
1810	46000	414000	0	0.042235
1811	50000	414000	0	0.001503
1812	54000	414000	0	0.003254
1813	58000	414000	0	0.018212
1814	62000	414000	0	0.055604
1815	66000	414000	0	0.038102
1816	70000	414000	0	0.017583
1817	74000	414000	0	0.011225
1818	78000	414000	0	0.01677
1819	82000	414000	0	0.062485
1820	86000	414000	0	0.167945
1821	90000	414000	0	0.079979
1822	94000	414000	0	0.022128
1823	98000	414000	0	0.024327
1824	102000	414000	0	0.10049
1825	106000	414000	0	0.048134
1826	110000	414000	0	0.020141
1827	114000	414000	0	0.039364
1828	118000	414000	1	0.20066
1829	122000	414000	0	0.090276
1830	126000	414000	0	0.017558
1831	130000	414000	0	0.075972
1832	134000	414000	0	0.04828
1833	138000	414000	1	0.051125
1834	142000	414000	1	0.025563
1835	146000	414000	2	0.188294
1836	150000	414000	4	0.304804
1837	154000	414000	5	0.129133
1838	158000	414000	6	0.032118
1839	162000	414000	6	0.014265
1840	166000	414000	10	0.068453
1841	170000	414000	20	0.009432
1842	174000	414000	18	0.019394
1843	178000	414000	16	0.010223
1844	182000	414000	10	0.003126
1845	186000	414000	10	0.024085
1846	190000	414000	11	0.110159
1847	194000	414000	11	0.056199
1848	198000	414000	12	0.014114
1849	38000	410000	0	0.079569
1850	42000	410000	0	0.050374
1851	46000	410000	0	0.06233
1852	50000	410000	0	0.033051
1853	54000	410000	0	0.029507
1854	58000	410000	0	0.000505
1855	62000	410000	0	0.029487
1856	66000	410000	0	0.106544
1857	70000	410000	0	0.233168
1858	74000	410000	0	0.035036
1859	78000	410000	0	0.001039
1860	82000	410000	0	0.024357
1861	86000	410000	0	0.124087
1862	90000	410000	-2	0.02791
1863	94000	410000	0	0.03094
1864	98000	410000	2	0.393058
1865	102000	410000	0	0.230022
1866	106000	410000	0	0.008634
1867	110000	410000	0	0.009208
1868	114000	410000	0	0.039592
1869	118000	410000	0	0.162701
1870	122000	410000	0	0.020008
1871	126000	410000	0	0.033901
1872	130000	410000	1	0.170416
1873	134000	410000	4	0.174671
1874	138000	410000	4	0.109024
1875	142000	410000	3	0.072746
1876	146000	410000	3	0.110219
1877	150000	410000	5	0.186557
1878	154000	410000	4	0.092492
1879	158000	410000	6	0.022471
1880	162000	410000	7	0.01567
1881	166000	410000	9	0.000189
1882	170000	410000	17	0.05468
1883	174000	410000	21	0.057733
1884	178000	410000	18	0.041409
1885	182000	410000	17	0.081125
1886	186000	410000	10	0.015983
1887	190000	410000	11	0.028251
1888	194000	410000	12	0.093241
1889	198000	410000	15	0.039994
1890	202000	410000	14	0.000492
1891	50000	406000	0	0.064296
1892	54000	406000	0	0.098354
1893	58000	406000	0	0.018467
1894	62000	406000	0	0.032353
1895	66000	406000	0	0.036214
1896	70000	406000	0	0.078279
1897	74000	406000	0	0.039652
1898	78000	406000	0	0.034786
1899	82000	406000	0	0.019183
1900	86000	406000	0	0.104953
1901	90000	406000	0	0.029832
1902	94000	406000	0	0.010551
1903	98000	406000	0	0.05783
1904	102000	406000	0	0.10256
1905	106000	406000	0	0.023818
1906	110000	406000	0	0.033951
1907	114000	406000	1	0.014713
1908	118000	406000	5	0.253894
1909	122000	406000	2	0.056068
1910	126000	406000	2	0.039852
1911	130000	406000	6	0.071921
1912	134000	406000	14	0.022109
1913	138000	406000	11	9.2E-05
1914	142000	406000	7	0.007567
1915	146000	406000	7	0.088919
1916	150000	406000	6	0.062602
1917	154000	406000	5	0.058553
1918	158000	406000	7	0.023361
1919	162000	406000	8	0.034547
1920	166000	406000	8	0.030647
1921	170000	406000	10	0.066933
1922	174000	406000	19	0.161384
1923	178000	406000	20	0.140163
1924	182000	406000	19	0.010167
1925	186000	406000	15	0.022477
1926	190000	406000	14	0.023407
1927	194000	406000	14	0.124024
1928	198000	406000	15	0.013564
1929	202000	406000	15	0.000149
1930	206000	406000	16	0.004714
1931	30000	402000	0	0.033635
1932	34000	402000	0	0.077858
1933	38000	402000	0	0.04647
1934	42000	402000	0	0.042159
1935	46000	402000	0	0.02238
1936	50000	402000	0	0.049871
1937	54000	402000	0	0.063444
1938	58000	402000	0	0.052238
1939	62000	402000	0	0.023826
1940	66000	402000	0	0.029946
1941	70000	402000	0	0.031872
1942	74000	402000	0	0.013999
1943	78000	402000	-1	0.015365
1944	82000	402000	0	0.049726
1945	86000	402000	0	0.0002
1946	90000	402000	0	0.050106
1947	94000	402000	0	0.03182
1948	98000	402000	0	0.027878
1949	102000	402000	0	0.005236
1950	106000	402000	1	0.011977
1951	110000	402000	2	0.294696
1952	114000	402000	3	0.253921
1953	118000	402000	8	0.11111
1954	122000	402000	8	0.11905
1955	126000	402000	5	0.055187
1956	130000	402000	9	0.177491
1957	134000	402000	12	0.075695
1958	138000	402000	10	0.059011
1959	142000	402000	8	0.046151
1960	146000	402000	6	0.01106
1961	150000	402000	7	0.050103
1962	154000	402000	7	0.010493
1963	158000	402000	9	0.059936
1964	162000	402000	10	0.159497
1965	166000	402000	10	0.173992
1966	170000	402000	10	0.022136
1967	174000	402000	14	0.031975
1968	178000	402000	20	0.006884
1969	182000	402000	22	0.000477
1970	186000	402000	21	0.000126
1971	190000	402000	18	0.021973
1972	194000	402000	16	0.010091
1973	198000	402000	13	0.020771
1974	202000	402000	18	0.048781
1975	206000	402000	20	0.156761
1976	22000	398000	0	0.048166
1977	26000	398000	0	0.026159
1978	30000	398000	0	0.007317
1979	34000	398000	0	0.053589
1980	38000	398000	0	0.035698
1981	42000	398000	0	0.015497
1982	46000	398000	0	0.02951
1983	50000	398000	0	0.027476
1984	54000	398000	0	0.063444
1985	58000	398000	0	0.056964
1986	62000	398000	0	0.015796
1987	66000	398000	-1	0.021094
1988	70000	398000	-2	0.002094
1989	74000	398000	0	0.01775
1990	78000	398000	0	0.004143
1991	82000	398000	0	0.024446
1992	86000	398000	0	0.006891
1993	90000	398000	0	0.117971
1994	94000	398000	3	0.017141
1995	98000	398000	6	0.052574
1996	102000	398000	6	0.277227
1997	106000	398000	5	0.028508
1998	110000	398000	4	0.093904
1999	114000	398000	5	0.151234
2000	118000	398000	6	0.055035
2001	122000	398000	12	0.242079
2002	126000	398000	9	0.150693
2003	130000	398000	15	0.202185
2004	134000	398000	14	0.321507
2005	138000	398000	12	0.086786
2006	142000	398000	12	0.103871
2007	146000	398000	10	5.6E-05
2008	150000	398000	8	0.106646
2009	154000	398000	9	0.030554
2010	158000	398000	9	0.029766
2011	162000	398000	11	0.023254
2012	166000	398000	10	0.000196
2013	170000	398000	12	0.000324
2014	174000	398000	13	0.022006
2015	178000	398000	21	0.072056
2016	182000	398000	24	0.000155
2017	186000	398000	25	0.000175
2018	190000	398000	24	0.000158
2019	194000	398000	23	0.014776
2020	198000	398000	17	0.016646
2021	202000	398000	14	0.018489
2022	206000	398000	19	0.010774
2023	22000	394000	0	0.035922
2024	26000	394000	0	0.006175
2025	30000	394000	0	0.027961
2026	34000	394000	0	0.020603
2027	38000	394000	0	0.0416
2028	42000	394000	0	0.004967
2029	46000	394000	0	0.016348
2030	50000	394000	0	0.087496
2031	54000	394000	0	0.041409
2032	58000	394000	0	0.07041
2033	62000	394000	0	0.057089
2034	66000	394000	0	0.035582
2035	70000	394000	0	0.034857
2036	74000	394000	0	0.076102
2037	78000	394000	4	0.068502
2038	82000	394000	2	0.004561
2039	86000	394000	3	0.019884
2040	90000	394000	4	0.291493
2041	94000	394000	7	0.166809
2042	98000	394000	11	0.075366
2043	102000	394000	9	0.011525
2044	106000	394000	7	0.011508
2045	110000	394000	6	0.005341
2046	114000	394000	6	0.02157
2047	118000	394000	11	0.022423
2048	122000	394000	16	0.01745
2049	126000	394000	14	0.064287
2050	130000	394000	15	0.111813
2051	134000	394000	15	0.167037
2052	138000	394000	14	0.045794
2053	142000	394000	10	0.021555
2054	146000	394000	10	0.000166
2055	150000	394000	12	0.000169
2056	154000	394000	13	0.005968
2057	158000	394000	12	0.000191
2058	162000	394000	13	0.030212
2059	166000	394000	13	0.015479
2060	170000	394000	13	0.057559
2061	174000	394000	14	0.041622
2062	178000	394000	20	0.014631
2063	182000	394000	31	0.00703
2064	186000	394000	27	0.040782
2065	190000	394000	31	0.073204
2066	194000	394000	24	0.040341
2067	198000	394000	24	0.181554
2068	202000	394000	17	0.072651
2069	206000	394000	17	0.016384
2070	210000	394000	23	0.000191
2071	26000	390000	0	0.022175
2072	30000	390000	0	0.098667
2073	34000	390000	0	0.164916
2074	38000	390000	0	0.101861
2075	42000	390000	0	0.009493
2076	46000	390000	0	0.014201
2077	50000	390000	0	0.094011
2078	54000	390000	0	0.040113
2079	58000	390000	0	0.016185
2080	62000	390000	0	0.079603
2081	74000	390000	0	0.081887
2082	78000	390000	3	0.29511
2083	82000	390000	11	0.072516
2084	86000	390000	8	0.006429
2085	90000	390000	7	0.02687
2086	94000	390000	11	0.000134
2087	98000	390000	12	0.000152
2088	102000	390000	10	0.001028
2089	106000	390000	8	0.013441
2090	110000	390000	6	0.086263
2091	114000	390000	9	0.015771
2092	118000	390000	12	0.011966
2093	122000	390000	23	0.020086
2094	126000	390000	22	0.006205
2095	130000	390000	19	0.039608
2096	134000	390000	18	0.014547
2097	138000	390000	14	0.063383
2098	142000	390000	12	0.003685
2099	146000	390000	14	0.004819
2100	150000	390000	16	0.070895
2101	154000	390000	17	0.170068
2102	158000	390000	18	0.232526
2103	162000	390000	16	0.170754
2104	166000	390000	14	0.007313
2105	170000	390000	18	0.045221
2106	174000	390000	17	0.100611
2107	178000	390000	20	0.025974
2108	182000	390000	24	0.011176
2109	186000	390000	27	0.084547
2110	190000	390000	30	0.023183
2111	194000	390000	28	0.007924
2112	198000	390000	25	0.024439
2113	202000	390000	22	0.019432
2114	206000	390000	18	0.02413
2115	210000	390000	19	0.032214
2116	214000	390000	32	0.030847
2117	26000	386000	0	0.077352
2118	30000	386000	0	0.20995
2119	34000	386000	0	0.073155
2120	38000	386000	2	0.346326
2121	42000	386000	0	0.034811
2122	46000	386000	0	0.008046
2123	50000	386000	0	0.028271
2124	54000	386000	0	0.028377
2125	58000	386000	0	0.062718
2126	62000	386000	0	0.040052
2127	74000	386000	0	0.140245
2128	78000	386000	0	0.046571
2129	82000	386000	18	0.11348
2130	86000	386000	13	0.007722
2131	90000	386000	12	0.099634
2132	94000	386000	13	0.069983
2133	98000	386000	12	0.000177
2134	102000	386000	10	0.013513
2135	106000	386000	10	0.026341
2136	110000	386000	9	0.058026
2137	114000	386000	13	0.027524
2138	118000	386000	16	0.009767
2139	122000	386000	22	0.014948
2140	126000	386000	24	0.006893
2141	130000	386000	23	0.026712
2142	134000	386000	25	0.006414
2143	138000	386000	18	0.014201
2144	142000	386000	17	0.012675
2145	146000	386000	19	0.019108
2146	150000	386000	22	0.000225
2147	154000	386000	19	0.277329
2148	158000	386000	19	0.269089
2149	162000	386000	18	0.217982
2150	166000	386000	18	0.13058
2151	170000	386000	18	0.069411
2152	174000	386000	18	0.27523
2153	178000	386000	21	0.174921
2154	182000	386000	26	0.107301
2155	186000	386000	28	0.048931
2156	190000	386000	31	0.011605
2157	194000	386000	30	0.01957
2158	198000	386000	27	0.005515
2159	202000	386000	24	0.065243
2160	206000	386000	23	0.000145
2161	210000	386000	20	0.030025
2162	214000	386000	31	0.026391
2163	26000	382000	0	0.079562
2164	30000	382000	0	0.075756
2165	38000	382000	0	0.085508
2166	42000	382000	0	0.022672
2167	46000	382000	0	0.0002
2168	50000	382000	0	0.000843
2169	54000	382000	0	0.05426
2170	58000	382000	0	0.05971
2171	62000	382000	0	0.039297
2172	66000	382000	0	0.02279
2173	70000	382000	1	0.016357
2174	74000	382000	0	0.039154
2175	78000	382000	0	0.008648
2176	82000	382000	20	0.057973
2177	86000	382000	19	0.009163
2178	98000	382000	13	0.001569
2179	102000	382000	12	0.022575
2180	106000	382000	12	0.000199
2181	110000	382000	14	0.041815
2182	114000	382000	15	0.00562
2183	118000	382000	18	0.000185
2184	122000	382000	25	0.019401
2185	126000	382000	26	0.008474
2186	130000	382000	26	0.032756
2187	134000	382000	28	0.010856
2188	138000	382000	27	0.000656
2189	142000	382000	24	0.000846
2190	146000	382000	23	0.009911
2191	150000	382000	26	0.01317
2192	154000	382000	22	0.156699
2193	158000	382000	19	0.336275
2194	162000	382000	20	0.260051
2195	166000	382000	20	0.181044
2196	170000	382000	24	0.043963
2197	174000	382000	23	0.006105
2198	178000	382000	22	0.022467
2199	182000	382000	25	0.037017
2200	186000	382000	29	0.017198
2201	190000	382000	32	0.033792
2202	194000	382000	31	0.017052
2203	198000	382000	28	0.01324
2204	202000	382000	25	0.0462
2205	206000	382000	24	0.025134
2206	210000	382000	20	0.016547
2207	214000	382000	23	0.043666
2208	14000	378000	0	0.055252
2209	18000	378000	1	0.027913
2210	22000	378000	0	0.021932
2211	26000	378000	0	0.020702
2212	30000	378000	0	0.030047
2213	34000	378000	0	0.038883
2214	38000	378000	0	0.059397
2215	42000	378000	0	0.063444
2216	46000	378000	0	0.049151
2217	50000	378000	0	0.055036
2218	54000	378000	0	0.06179
2219	58000	378000	0	0.016956
2220	62000	378000	0	0.057235
2221	66000	378000	0	0.061724
2222	70000	378000	0	0.056711
2223	74000	378000	0	0.070546
2224	78000	378000	0	0.060739
2225	82000	378000	12	0.039685
2226	86000	378000	22	0.010968
2227	122000	378000	24	0.023403
2228	134000	378000	33	0.006942
2229	138000	378000	27	0.015119
2230	142000	378000	28	0.023188
2231	146000	378000	26	0.019916
2232	150000	378000	26	0.023262
2233	154000	378000	25	0.068374
2234	158000	378000	20	0.095627
2235	162000	378000	24	0.079543
2236	166000	378000	24	0.031435
2237	170000	378000	23	0.019735
2238	174000	378000	25	0.004158
2239	178000	378000	25	0.124795
2240	182000	378000	25	0.041152
2241	186000	378000	28	0.001118
2242	190000	378000	32	0.004213
2243	194000	378000	33	0.016414
2244	198000	378000	30	0.013987
2245	202000	378000	27	0.073115
2246	206000	378000	24	0.251395
2247	210000	378000	22	0.21395
2248	214000	378000	35	0.031217
2249	14000	374000	1	0.0002
2250	18000	374000	0	0.0002
2251	22000	374000	0	0.038119
2252	26000	374000	0	0.010344
2253	30000	374000	0	0.002535
2254	34000	374000	0	0.001076
2255	38000	374000	0	0.024499
2256	42000	374000	0	0.298728
2257	46000	374000	0	0.223748
2258	50000	374000	0	0.044872
2259	54000	374000	0	0.003518
2260	58000	374000	0	0.008131
2261	62000	374000	0	0.002557
2262	66000	374000	0	0.029756
2263	70000	374000	2	0.062775
2264	74000	374000	1	0.044925
2265	82000	374000	4	0.099599
2266	86000	374000	12	0.074803
2267	138000	374000	30	0.041841
2268	142000	374000	31	0.097337
2269	146000	374000	30	0.071831
2270	150000	374000	29	0.10288
2271	154000	374000	28	0.014356
2272	158000	374000	24	0.082884
2273	162000	374000	26	0.115433
2274	166000	374000	26	0.023662
2275	170000	374000	25	0.014752
2276	174000	374000	26	0.000142
2277	178000	374000	26	0.019578
2278	182000	374000	26	0.021111
2279	186000	374000	28	0.03394
2280	190000	374000	33	0.034265
2281	194000	374000	34	0.012667
2282	198000	374000	30	0.00227
2283	202000	374000	28	0.0237
2284	206000	374000	22	0.130416
2285	210000	374000	36	0.185984
2286	214000	374000	45	0.063291
2287	14000	370000	0	0.031555
2288	18000	370000	0	0.000199
2289	22000	370000	0	0.005328
2290	26000	370000	0	0.000505
2291	30000	370000	0	0.005879
2292	34000	370000	0	0.0002
2293	38000	370000	0	0.017468
2294	42000	370000	0	0.014936
2295	46000	370000	0	0.207907
2296	50000	370000	0	0.037392
2297	54000	370000	0	0.006314
2298	58000	370000	0	0.013019
2299	62000	370000	0	0.001217
2300	66000	370000	0	0.0002
2301	70000	370000	1	0.003248
2302	138000	370000	28	0.052708
2303	142000	370000	39	7.5E-05
2304	146000	370000	40	3.3E-05
2305	150000	370000	32	0.03973
2306	154000	370000	29	0.060059
2307	158000	370000	29	0.026411
2308	162000	370000	28	0.000528
2309	166000	370000	25	0.006226
2310	170000	370000	28	0.045293
2311	174000	370000	33	0.020077
2312	178000	370000	27	0.000184
2313	182000	370000	28	0.005103
2314	186000	370000	29	0.007426
2315	190000	370000	31	0.004614
2316	194000	370000	32	0.042749
2317	198000	370000	34	0.074757
2318	202000	370000	28	0.009776
2319	206000	370000	23	0.099671
2320	210000	370000	50	0.114202
2321	18000	366000	0	0.021417
2322	22000	366000	0	0.001952
2323	26000	366000	0	0.002572
2324	38000	366000	0	0.011398
2325	42000	366000	0	0.012693
2326	46000	366000	0	0.146236
2327	50000	366000	0	0.061395
2328	54000	366000	0	0.01153
2329	58000	366000	1	0.000597
2330	62000	366000	1	0.102365
2331	66000	366000	1	0.023281
2332	142000	366000	41	0.016805
2333	146000	366000	41	0.000356
2334	150000	366000	36	0.01897
2335	154000	366000	34	0.000293
2336	158000	366000	31	0.000145
2337	162000	366000	31	0.024943
2338	166000	366000	30	0.021264
2339	170000	366000	30	0.024666
2340	174000	366000	34	0.004011
2341	178000	366000	31	0.072783
2342	182000	366000	32	0.046977
2343	186000	366000	30	0.00017
2344	190000	366000	30	0.006825
2345	194000	366000	29	0.008495
2346	198000	366000	28	0.017207
2347	202000	366000	25	0.069061
2348	206000	366000	26	0.010615
2349	22000	362000	1	0.015272
2350	42000	362000	0	0.083412
2351	46000	362000	0	0.098375
2352	50000	362000	1	0.000311
2353	54000	362000	1	0.007172
2354	58000	362000	2	0.031801
2355	62000	362000	5	0.055442
2356	146000	362000	45	0.074421
2357	150000	362000	45	0.120464
2358	166000	362000	34	0.124499
2359	170000	362000	33	0.084433
2360	174000	362000	35	0.129652
2361	178000	362000	33	0.190354
2362	182000	362000	30	0.018657
2363	186000	362000	29	0.000192
2364	190000	362000	28	0.036919
2365	194000	362000	28	0.040205
2366	198000	362000	20	0.027475
2367	202000	362000	26	0.055967
2368	46000	358000	3	0.139982
2369	50000	358000	2	0.013417
2370	54000	358000	2	0.012014
2371	170000	358000	35	0.007812
2372	174000	358000	32	0.007392
2373	178000	358000	31	0.029822
2374	182000	358000	29	0.006596
2375	186000	358000	28	0.004127
2376	190000	358000	28	0.029387
2377	194000	358000	24	0.096393
2378	198000	358000	22	0.212888
2379	202000	358000	30	0.012297
2380	174000	354000	34	0.0064
2381	178000	354000	31	0.062796
2382	182000	354000	30	0.004424
2383	186000	354000	28	0.058267
2384	190000	354000	23	0.124862
2385	194000	354000	20	0.068648
2386	198000	354000	24	0.141902
2387	202000	354000	31	0.133537
2388	206000	354000	66	0.027018
2389	210000	354000	83	0.000641
2390	186000	350000	23	0.066466
2391	190000	350000	26	0.106726
2392	194000	350000	28	0.03036
2393	198000	350000	29	0.022898
2394	202000	350000	29	0.032383
2395	206000	350000	42	0.014455
2396	186000	346000	25	0.048645
2397	190000	346000	29	0.134247
2398	194000	346000	29	0.004317
2399	198000	346000	37	0.013413
2400	202000	346000	33	0.051239
2401	182000	342000	30	0.035907
2402	186000	342000	28	0.118277
2403	190000	342000	32	0.054503
2404	194000	342000	49	0.021916
2405	182000	338000	32	0.038846
2406	186000	338000	35	0.137902
2407	190000	338000	39	0.101908
2408	194000	338000	55	0.021431
2409	182000	334000	47	0.184687
2410	186000	334000	56	0.16864
2411	190000	334000	54	0.159403
2412	194000	334000	62	0.023676
2413	198000	334000	72	0.023248
2414	178000	330000	39	0.148044
2415	182000	330000	63	0.322986
2416	186000	330000	67	0.239135
2417	190000	330000	95	0.040485
2418	194000	330000	87	0.052562
2419	198000	330000	79	0.193541
2420	178000	326000	41	0.066722
2421	182000	326000	104	0.145874
2422	186000	326000	115	0.029949
2423	190000	326000	89	0.079937
2424	194000	326000	92	0.22932
2425	198000	326000	106	0.10583
2426	202000	326000	123	0.097092
2427	174000	322000	59	0.193855
2428	178000	322000	45	0.185708
2429	182000	322000	95	0.056322
2430	186000	322000	128	0.031012
2431	190000	322000	109	0.019617
2432	194000	322000	93	0.139335
2433	198000	322000	138	0.213434
2434	202000	322000	132	0.232987
2435	174000	318000	71	0.196287
2436	178000	318000	50	0.271846
2437	182000	318000	113	0.0197
2438	186000	318000	137	0.032057
2439	190000	318000	119	0.019011
2440	194000	318000	170	0.008617
2441	198000	318000	170	0.256011
2442	202000	318000	158	0.143815
2443	174000	314000	90	0.039907
2444	178000	314000	50	0.154561
2445	182000	314000	128	0.012333
2446	186000	314000	165	0.029971
2447	190000	314000	134	0.018581
2448	194000	314000	134	0.007474
2449	198000	314000	177	0.028671
2450	178000	310000	56	0.049072
2451	182000	310000	130	0.004412
2452	186000	310000	179	0.0002
2453	190000	310000	188	0.000585
2454	194000	310000	162	0.008718
2455	198000	310000	196	0.030235
2456	178000	306000	74	0.118801
2457	186000	306000	199	0.037681
2458	190000	306000	207	0.036756
2459	194000	306000	178	0.057545
2460	198000	306000	231	0.067835
