ID	XLAMB	YLAMB	ALT	CorineID
1	226000	618000	0	0.048653
2	230000	618000	0	0.061783
3	234000	618000	0	0.05913
4	206000	614000	0	0.051952
5	210000	614000	0	0.04211
6	214000	614000	0	0.044478
7	218000	614000	0	0.04389
8	174000	610000	0	0.05713
9	178000	610000	0	0.060726
10	182000	610000	0	0.055995
11	186000	610000	0	0.054375
12	190000	610000	0	0.047535
13	206000	610000	0	0.039524
14	210000	610000	0	0.047169
15	242000	610000	0	0.095472
16	246000	610000	0	0.083528
17	250000	610000	0	0.104131
18	158000	606000	0	0.051971
19	162000	606000	0	0.043642
20	166000	606000	0	0.056012
21	170000	606000	0	0.066076
22	174000	606000	0	0.093131
23	178000	606000	0	0.063225
24	182000	606000	0	0.083512
25	186000	606000	0	0.064488
26	190000	606000	0	0.061079
27	194000	606000	0	0.063444
28	206000	606000	0	0.059769
29	210000	606000	0	0.063444
30	226000	606000	0	0.068621
31	230000	606000	0	0.076056
32	234000	606000	0	0.088453
33	238000	606000	0	0.117527
34	242000	606000	0	0.126497
35	246000	606000	0	0.132878
36	250000	606000	0	0.135847
37	254000	606000	0	0.115293
38	142000	602000	0	0.054946
39	146000	602000	0	0.037002
40	150000	602000	2	0.047206
41	154000	602000	1	0.064464
42	158000	602000	0	0.044919
43	186000	602000	0	0.063444
44	190000	602000	0	0.064253
45	194000	602000	0	0.081495
46	198000	602000	0	0.095957
47	202000	602000	0	0.097833
48	206000	602000	0	0.080504
49	210000	602000	0	0.075638
50	214000	602000	0	0.056406
51	218000	602000	0	0.091357
52	222000	602000	0	0.118636
53	226000	602000	0	0.125513
54	230000	602000	0	0.126368
55	234000	602000	0	0.134026
56	238000	602000	0	0.132313
57	242000	602000	0	0.127556
58	246000	602000	0	0.129812
59	250000	602000	0	0.130951
60	254000	602000	0	0.105643
61	142000	598000	2	0.028351
62	146000	598000	0	0.069545
63	150000	598000	0	0.084962
64	182000	598000	0	0.066611
65	186000	598000	0	0.096299
66	190000	598000	0	0.125473
67	194000	598000	0	0.129594
68	198000	598000	0	0.130025
69	202000	598000	0	0.129596
70	206000	598000	0	0.100079
71	210000	598000	0	0.059259
72	214000	598000	0	0.095393
73	218000	598000	0	0.129528
74	222000	598000	0	0.133102
75	226000	598000	0	0.130171
76	230000	598000	0	0.131168
77	234000	598000	0	0.126368
78	238000	598000	0	0.128661
79	242000	598000	0	0.126368
80	246000	598000	0	0.129094
81	250000	598000	0	0.126368
82	254000	598000	0	0.121635
83	138000	594000	0	0.063444
84	174000	594000	0	0.070977
85	178000	594000	0	0.096037
86	182000	594000	0	0.124985
87	186000	594000	0	0.130165
88	190000	594000	0	0.126368
89	194000	594000	0	0.164694
90	198000	594000	0	0.156181
91	202000	594000	0	0.126368
92	206000	594000	0	0.106114
93	210000	594000	0	0.076791
94	214000	594000	0	0.101329
95	218000	594000	0	0.124611
96	222000	594000	0	0.126368
97	226000	594000	0	0.126368
98	230000	594000	0	0.145095
99	234000	594000	0	0.12723
100	238000	594000	-1	0.127764
101	242000	594000	0	0.12988
102	246000	594000	0	0.131596
103	250000	594000	0	0.126184
104	254000	594000	0	0.166073
105	258000	594000	0	0.31943
106	262000	594000	0	0.174097
107	130000	590000	0	0.040869
108	134000	590000	0	0.042827
109	138000	590000	0	0.054554
110	170000	590000	0	0.112909
111	174000	590000	0	0.127473
112	178000	590000	0	0.126368
113	182000	590000	0	0.132158
114	186000	590000	0	0.130025
115	190000	590000	0	0.125553
116	194000	590000	0	0.135844
117	198000	590000	0	0.135862
118	202000	590000	0	0.126368
119	206000	590000	0	0.138235
120	210000	590000	0	0.126368
121	214000	590000	0	0.126368
122	218000	590000	0	0.168978
123	222000	590000	0	0.129162
124	226000	590000	0	0.126368
125	230000	590000	0	0.12838
126	234000	590000	0	0.135841
127	238000	590000	-1	0.132339
128	242000	590000	-1	0.135167
129	246000	590000	-1	0.119164
130	250000	590000	-1	0.115225
131	254000	590000	-2	0.116483
132	258000	590000	-2	0.130314
133	262000	590000	-2	0.181518
134	266000	590000	-1	0.127869
135	270000	590000	0	0.065501
136	126000	586000	0	0.041609
137	166000	586000	0	0.112852
138	170000	586000	0	0.134743
139	174000	586000	0	0.140492
140	178000	586000	0	0.13452
141	182000	586000	0	0.14028
142	186000	586000	0	0.126368
143	190000	586000	0	0.132883
144	194000	586000	-1	0.12206
145	198000	586000	0	0.138398
146	202000	586000	1	0.129299
147	206000	586000	0	0.146615
148	210000	586000	0	0.127158
149	214000	586000	0	0.127015
150	218000	586000	0	0.149191
151	222000	586000	0	0.178135
152	226000	586000	0	0.13231
153	230000	586000	0	0.151735
154	234000	586000	0	0.137588
155	238000	586000	-1	0.132983
156	242000	586000	-1	0.12287
157	246000	586000	-1	0.12311
158	250000	586000	-2	0.12191
159	254000	586000	-2	0.133586
160	258000	586000	-2	0.122266
161	262000	586000	-2	0.129594
162	266000	586000	-1	0.124665
163	270000	586000	0	0.0884
164	274000	586000	0	0.071103
165	122000	582000	1	0.029684
166	126000	582000	0	0.053527
167	158000	582000	0	0.073071
168	162000	582000	0	0.122848
169	166000	582000	0	0.130741
170	170000	582000	0	0.126512
171	174000	582000	0	0.139564
172	178000	582000	0	0.24581
173	182000	582000	0	0.202498
174	186000	582000	-1	0.129055
175	190000	582000	0	0.12389
176	194000	582000	0	0.146337
177	198000	582000	0	0.152838
178	202000	582000	0	0.136665
179	206000	582000	0	0.130171
180	210000	582000	0	0.130453
181	214000	582000	0	0.136441
182	218000	582000	0	0.132816
183	222000	582000	0	0.127556
184	226000	582000	0	0.127015
185	230000	582000	0	0.238097
186	234000	582000	1	0.34377
187	238000	582000	0	0.225701
188	242000	582000	-1	0.108616
189	246000	582000	-1	0.124872
190	250000	582000	-1	0.131885
191	254000	582000	-2	0.127517
192	258000	582000	-2	0.123431
193	262000	582000	-1	0.126368
194	266000	582000	0	0.128599
195	270000	582000	0	0.128414
196	274000	582000	-1	0.12644
197	278000	582000	0	0.125911
198	118000	578000	0	0.056379
199	122000	578000	0	0.063152
200	158000	578000	0	0.194023
201	162000	578000	0	0.149096
202	166000	578000	0	0.20696
203	170000	578000	0	0.129523
204	174000	578000	0	0.1303
205	178000	578000	0	0.173355
206	182000	578000	0	0.272313
207	186000	578000	-1	0.234992
208	190000	578000	-1	0.125799
209	194000	578000	0	0.161043
210	198000	578000	0	0.12806
211	202000	578000	1	0.150059
212	206000	578000	0	0.150232
213	210000	578000	0	0.132019
214	214000	578000	0	0.13131
215	218000	578000	0	0.128379
216	222000	578000	0	0.157697
217	226000	578000	0	0.119534
218	230000	578000	0	0.127208
219	234000	578000	0	0.172621
220	238000	578000	0	0.197679
221	242000	578000	0	0.155758
222	246000	578000	0	0.208742
223	250000	578000	0	0.132254
224	254000	578000	0	0.138032
225	258000	578000	-1	0.126368
226	262000	578000	0	0.144508
227	266000	578000	-2	0.122296
228	270000	578000	-1	0.126685
229	274000	578000	-1	0.118483
230	278000	578000	-1	0.121524
231	118000	574000	0	0.055568
232	122000	574000	0	0.081082
233	158000	574000	0	0.146866
234	162000	574000	0	0.126368
235	166000	574000	0	0.128305
236	170000	574000	0	0.130669
237	174000	574000	0	0.126368
238	178000	574000	0	0.126368
239	182000	574000	0	0.129168
240	186000	574000	-1	0.130522
241	190000	574000	-1	0.119983
242	194000	574000	0	0.127059
243	198000	574000	0	0.122955
244	202000	574000	0	0.121405
245	206000	574000	2	0.126368
246	210000	574000	2	0.119762
247	214000	574000	1	0.158782
248	218000	574000	1	0.128091
249	222000	574000	2	0.170848
250	226000	574000	0	0.18398
251	230000	574000	0	0.137874
252	234000	574000	1	0.144265
253	238000	574000	2	0.129302
254	242000	574000	0	0.115839
255	246000	574000	0	0.170441
256	250000	574000	0	0.174651
257	254000	574000	0	0.167473
258	258000	574000	-1	0.13774
259	262000	574000	-1	0.131947
260	266000	574000	0	0.2504
261	270000	574000	-1	0.12078
262	274000	574000	-2	0.124875
263	114000	570000	0	0.053004
264	118000	570000	0	0.153765
265	122000	570000	0	0.099448
266	154000	570000	0	0.083092
267	158000	570000	0	0.124525
268	162000	570000	0	0.131805
269	166000	570000	0	0.126799
270	170000	570000	0	0.133962
271	174000	570000	0	0.126368
272	178000	570000	0	0.130882
273	182000	570000	0	0.129017
274	186000	570000	-1	0.127812
275	190000	570000	0	0.085739
276	194000	570000	0	0.110278
277	198000	570000	0	0.149953
278	202000	570000	1	0.296195
279	206000	570000	2	0.162536
280	210000	570000	2	0.126368
281	214000	570000	3	0.129383
282	218000	570000	3	0.127258
283	222000	570000	4	0.118116
284	226000	570000	3	0.108266
285	230000	570000	2	0.123339
286	234000	570000	3	0.194683
287	238000	570000	3	0.127149
288	242000	570000	0	0.119021
289	246000	570000	0	0.125457
290	250000	570000	0	0.121339
291	254000	570000	0	0.279717
292	258000	570000	0	0.146728
293	262000	570000	0	0.143156
294	266000	570000	-1	0.135455
295	270000	570000	-1	0.124749
296	274000	570000	0	0.125808
297	278000	570000	0	0.122019
298	110000	566000	0	0.052149
299	114000	566000	0	0.104247
300	118000	566000	0	0.126368
301	122000	566000	0	0.09285
302	150000	566000	0	0.063444
303	154000	566000	0	0.107783
304	158000	566000	0	0.126943
305	162000	566000	0	0.133166
306	166000	566000	0	0.136507
307	170000	566000	0	0.127948
308	174000	566000	0	0.127158
309	178000	566000	0	0.126368
310	182000	566000	0	0.132099
311	186000	566000	0	0.133171
312	190000	566000	0	0.124052
313	194000	566000	-1	0.12644
314	198000	566000	-1	0.128707
315	202000	566000	1	0.128123
316	206000	566000	1	0.126605
317	210000	566000	3	0.1048
318	214000	566000	5	0.102462
319	218000	566000	5	0.137882
320	222000	566000	5	0.115585
321	226000	566000	8	0.105796
322	230000	566000	6	0.110894
323	234000	566000	6	0.137883
324	238000	566000	6	0.132686
325	242000	566000	8	0.111298
326	246000	566000	0	0.130139
327	250000	566000	0	0.126358
328	254000	566000	0	0.152336
329	258000	566000	0	0.131652
330	262000	566000	0	0.149499
331	266000	566000	0	0.125052
332	270000	566000	0	0.127635
333	274000	566000	0	0.124292
334	278000	566000	0	0.126289
335	110000	562000	0	0.044104
336	114000	562000	0	0.134134
337	118000	562000	0	0.133117
338	146000	562000	0	0.063444
339	154000	562000	0	0.067891
340	158000	562000	0	0.13037
341	162000	562000	0	0.132319
342	166000	562000	0	0.132527
343	170000	562000	0	0.159816
344	174000	562000	0	0.190087
345	178000	562000	-1	0.110864
346	182000	562000	0	0.121714
347	186000	562000	0	0.153529
348	190000	562000	0	0.127529
349	194000	562000	-1	0.126554
350	198000	562000	-1	0.125938
351	202000	562000	2	0.080525
352	206000	562000	3	0.113553
353	210000	562000	4	0.121113
354	214000	562000	5	0.113104
355	218000	562000	5	0.116141
356	222000	562000	7	0.091735
357	226000	562000	9	0.110808
358	230000	562000	10	0.119048
359	234000	562000	10	0.145048
360	238000	562000	7	0.123456
361	242000	562000	10	0.097277
362	246000	562000	10	0.115818
363	250000	562000	1	0.126109
364	254000	562000	2	0.126943
365	258000	562000	1	0.129956
366	262000	562000	1	0.126326
367	266000	562000	2	0.132481
368	270000	562000	0	0.120155
369	274000	562000	1	0.128924
370	278000	562000	1	0.127841
371	110000	558000	0	0.034652
372	114000	558000	0	0.088768
373	142000	558000	0	0.084621
374	154000	558000	0	0.063847
375	158000	558000	0	0.122144
376	162000	558000	0	0.123768
377	166000	558000	0	0.121414
378	170000	558000	0	0.137001
379	174000	558000	0	0.20497
380	178000	558000	0	0.113551
381	182000	558000	0	0.116179
382	186000	558000	0	0.125535
383	190000	558000	0	0.106341
384	194000	558000	-1	0.124672
385	198000	558000	0	0.146805
386	202000	558000	0	0.154094
387	206000	558000	3	0.131053
388	210000	558000	3	0.126992
389	214000	558000	4	0.137826
390	218000	558000	5	0.126893
391	222000	558000	9	0.071546
392	226000	558000	10	0.082329
393	230000	558000	10	0.122868
394	234000	558000	11	0.292977
395	238000	558000	11	0.116108
396	242000	558000	11	0.116316
397	246000	558000	17	0.151578
398	250000	558000	2	0.124127
399	254000	558000	2	0.127623
400	258000	558000	3	0.134462
401	262000	558000	3	0.123176
402	266000	558000	2	0.126263
403	270000	558000	1	0.124232
404	274000	558000	2	0.130165
405	278000	558000	3	0.100249
406	110000	554000	0	0.083047
407	114000	554000	0	0.177525
408	138000	554000	0	0.063444
409	158000	554000	0	0.151316
410	162000	554000	0	0.117139
411	166000	554000	0	0.113885
412	170000	554000	0	0.155237
413	174000	554000	0	0.119126
414	178000	554000	0	0.115493
415	182000	554000	0	0.18669
416	186000	554000	0	0.144786
417	190000	554000	0	0.361524
418	194000	554000	0	0.136793
419	198000	554000	0	0.126336
420	202000	554000	1	0.124228
421	206000	554000	2	0.108405
422	210000	554000	4	0.126368
423	214000	554000	5	0.138601
424	218000	554000	6	0.162558
425	222000	554000	9	0.102181
426	226000	554000	10	0.130645
427	230000	554000	12	0.085275
428	234000	554000	10	0.137168
429	238000	554000	12	0.118035
430	242000	554000	14	0.112566
431	246000	554000	24	0.036405
432	250000	554000	17	0.095564
433	254000	554000	4	0.121869
434	258000	554000	4	0.136052
435	262000	554000	5	0.214053
436	266000	554000	4	0.123775
437	270000	554000	5	0.10751
438	274000	554000	4	0.116788
439	110000	550000	0	0.096183
440	114000	550000	0	0.331216
441	126000	550000	0	0.072298
442	130000	550000	0	0.109304
443	134000	550000	0	0.063563
444	154000	550000	0	0.065866
445	158000	550000	0	0.119933
446	162000	550000	0	0.11021
447	166000	550000	0	0.093014
448	170000	550000	0	0.113961
449	174000	550000	0	0.109648
450	178000	550000	0	0.122285
451	182000	550000	0	0.130506
452	186000	550000	0	0.114237
453	190000	550000	0	0.151014
454	194000	550000	1	0.176334
455	198000	550000	0	0.120826
456	202000	550000	0	0.121975
457	206000	550000	2	0.12244
458	210000	550000	3	0.12464
459	214000	550000	7	0.09137
460	218000	550000	15	0.01739
461	222000	550000	10	0.118844
462	226000	550000	12	0.124534
463	230000	550000	13	0.097661
464	234000	550000	14	0.087138
465	238000	550000	14	0.085167
466	242000	550000	17	0.091523
467	246000	550000	17	0.066693
468	250000	550000	16	0.12251
469	254000	550000	5	0.129011
470	258000	550000	6	0.126838
471	262000	550000	6	0.12891
472	266000	550000	7	0.180003
473	270000	550000	6	0.1171
474	274000	550000	7	0.124165
475	110000	546000	0	0.096297
476	114000	546000	0	0.177144
477	118000	546000	0	0.101659
478	122000	546000	0	0.071638
479	126000	546000	0	0.126669
480	130000	546000	0	0.102163
481	134000	546000	0	0.066166
482	154000	546000	0	0.08753
483	158000	546000	0	0.123722
484	162000	546000	0	0.110836
485	166000	546000	0	0.123991
486	170000	546000	0	0.108928
487	174000	546000	0	0.120988
488	178000	546000	0	0.124549
489	182000	546000	0	0.080776
490	186000	546000	0	0.106261
491	190000	546000	0	0.122496
492	194000	546000	0	0.148697
493	198000	546000	0	0.151524
494	202000	546000	0	0.126268
495	206000	546000	2	0.131133
496	210000	546000	4	0.095096
497	214000	546000	8	0.052811
498	218000	546000	17	0.032529
499	222000	546000	11	0.083418
500	226000	546000	12	0.101993
501	230000	546000	13	0.114604
502	234000	546000	14	0.101207
503	238000	546000	16	0.078613
504	242000	546000	22	0.043674
505	246000	546000	15	0.088032
506	250000	546000	17	0.108118
507	254000	546000	20	0.097429
508	258000	546000	7	0.128864
509	262000	546000	7	0.135768
510	266000	546000	8	0.169763
511	270000	546000	8	0.10558
512	110000	542000	0	0.099822
513	114000	542000	0	0.15232
514	118000	542000	0	0.130837
515	122000	542000	0	0.110032
516	126000	542000	-1	0.122623
517	130000	542000	-3	0.137785
518	134000	542000	-3	0.115061
519	154000	542000	0	0.090134
520	158000	542000	0	0.121117
521	162000	542000	0	0.11047
522	166000	542000	4	0.07993
523	170000	542000	0	0.117321
524	174000	542000	0	0.120264
525	178000	542000	0	0.129883
526	182000	542000	-1	0.116575
527	186000	542000	0	0.119187
528	190000	542000	-1	0.116792
529	194000	542000	0	0.155745
530	198000	542000	0	0.121341
531	202000	542000	0	0.120713
532	206000	542000	3	0.106018
533	210000	542000	5	0.102666
534	214000	542000	6	0.107068
535	218000	542000	11	0.077122
536	222000	542000	9	0.108659
537	226000	542000	9	0.123839
538	230000	542000	12	0.153793
539	234000	542000	13	0.124368
540	238000	542000	15	0.129805
541	242000	542000	16	0.095341
542	246000	542000	18	0.098966
543	250000	542000	16	0.07226
544	254000	542000	22	0.10032
545	258000	542000	8	0.131436
546	262000	542000	9	0.136686
547	266000	542000	10	0.128735
548	270000	542000	10	0.126377
549	110000	538000	0	0.1044
550	114000	538000	0	0.130617
551	118000	538000	0	0.129519
552	122000	538000	-1	0.126116
553	126000	538000	-2	0.129598
554	130000	538000	-3	0.164895
555	134000	538000	-4	0.126368
556	138000	538000	0	0.071028
557	166000	538000	0	0.085891
558	170000	538000	0	0.063646
559	174000	538000	0	0.097645
560	178000	538000	-1	0.16119
561	182000	538000	0	0.122071
562	186000	538000	0	0.126368
563	190000	538000	0	0.097747
564	194000	538000	0	0.133365
565	198000	538000	3	0.12924
566	202000	538000	8	0.103205
567	206000	538000	1	0.112665
568	210000	538000	1	0.125476
569	214000	538000	5	0.090607
570	218000	538000	6	0.116368
571	222000	538000	10	0.092927
572	226000	538000	17	0.045615
573	230000	538000	13	0.103873
574	234000	538000	14	0.109912
575	238000	538000	14	0.123519
576	242000	538000	16	0.115955
577	246000	538000	17	0.096039
578	250000	538000	17	0.093556
579	254000	538000	18	0.10718
580	258000	538000	21	0.113036
581	262000	538000	11	0.125655
582	266000	538000	12	0.150889
583	270000	538000	12	0.127516
584	106000	534000	0	0.09388
585	110000	534000	0	0.115568
586	114000	534000	0	0.184322
587	118000	534000	0	0.130381
588	122000	534000	0	0.128163
589	126000	534000	-2	0.126368
590	130000	534000	-3	0.132881
591	134000	534000	-4	0.125988
592	170000	534000	0	0.079418
593	174000	534000	-3	0.128472
594	178000	534000	-3	0.122116
595	182000	534000	0	0.069055
596	186000	534000	0	0.113589
597	190000	534000	0	0.085661
598	194000	534000	0	0.065593
599	198000	534000	0	0.117266
600	202000	534000	0	0.176521
601	206000	534000	1	0.146699
602	210000	534000	6	0.101392
603	214000	534000	7	0.083184
604	218000	534000	4	0.120437
605	222000	534000	9	0.041532
606	226000	534000	11	0.083801
607	230000	534000	12	0.12769
608	234000	534000	13	0.116195
609	238000	534000	15	0.105181
610	242000	534000	15	0.104619
611	246000	534000	15	0.124005
612	250000	534000	16	0.123433
613	254000	534000	16	0.117355
614	258000	534000	23	0.256535
615	262000	534000	14	0.113621
616	266000	534000	13	0.130954
617	270000	534000	14	0.128165
618	106000	530000	0	0.110697
619	110000	530000	0	0.129519
620	114000	530000	0	0.134885
621	118000	530000	0	0.129956
622	122000	530000	0	0.168051
623	126000	530000	-1	0.126361
624	130000	530000	-2	0.126368
625	134000	530000	-1	0.167648
626	138000	530000	0	0.097929
627	142000	530000	0	0.087332
628	146000	530000	0	0.078358
629	170000	530000	-3	0.109605
630	174000	530000	-3	0.129743
631	178000	530000	-3	0.13081
632	182000	530000	-2	0.125013
633	186000	530000	-2	0.121441
634	190000	530000	0	0.119904
635	194000	530000	0	0.090276
636	198000	530000	-1	0.122672
637	202000	530000	-1	0.106095
638	206000	530000	0	0.126662
639	210000	530000	0	0.118677
640	214000	530000	0	0.125786
641	218000	530000	1	0.141797
642	222000	530000	7	0.118094
643	226000	530000	11	0.099426
644	230000	530000	12	0.157988
645	234000	530000	13	0.111241
646	238000	530000	14	0.095001
647	242000	530000	14	0.112999
648	246000	530000	13	0.126304
649	250000	530000	13	0.121685
650	254000	530000	14	0.135355
651	258000	530000	18	0.255266
652	262000	530000	19	0.118022
653	266000	530000	15	0.125844
654	270000	530000	16	0.121941
655	106000	526000	4	0.067534
656	110000	526000	0	0.142929
657	114000	526000	0	0.156514
658	118000	526000	0	0.136306
659	122000	526000	0	0.124481
660	126000	526000	0	0.160256
661	130000	526000	0	0.134738
662	134000	526000	-1	0.132795
663	138000	526000	-1	0.152817
664	142000	526000	-2	0.121921
665	146000	526000	-1	0.129856
666	150000	526000	0	0.067844
667	170000	526000	-3	0.111945
668	174000	526000	-3	0.12838
669	178000	526000	-3	0.155879
670	182000	526000	-2	0.16138
671	186000	526000	-2	0.136299
672	190000	526000	-2	0.126274
673	194000	526000	0	0.128386
674	198000	526000	0	0.082098
675	202000	526000	-1	0.112778
676	206000	526000	0	0.131068
677	210000	526000	0	0.184154
678	214000	526000	1	0.136238
679	218000	526000	1	0.12687
680	222000	526000	9	0.065859
681	226000	526000	8	0.165323
682	230000	526000	11	0.27503
683	234000	526000	12	0.127573
684	238000	526000	13	0.128687
685	242000	526000	12	0.127478
686	246000	526000	12	0.134334
687	250000	526000	11	0.126324
688	254000	526000	13	0.138849
689	258000	526000	14	0.141928
690	262000	526000	18	0.149275
691	266000	526000	16	0.129045
692	106000	522000	12	0.001806
693	110000	522000	0	0.129876
694	114000	522000	0	0.168165
695	118000	522000	0	0.240437
696	122000	522000	-1	0.13618
697	126000	522000	-1	0.133791
698	130000	522000	0	0.137146
699	134000	522000	-1	0.160462
700	138000	522000	0	0.152863
701	142000	522000	0	0.173377
702	146000	522000	0	0.188108
703	170000	522000	-1	0.096126
704	174000	522000	-4	0.125862
705	178000	522000	-3	0.186273
706	182000	522000	-3	0.149921
707	186000	522000	-2	0.126368
708	190000	522000	-1	0.084396
709	194000	522000	0	0.126305
710	198000	522000	0	0.079954
711	202000	522000	-1	0.076721
712	206000	522000	0	0.132103
713	210000	522000	0	0.193236
714	214000	522000	1	0.128665
715	218000	522000	2	0.131579
716	222000	522000	3	0.123791
717	226000	522000	10	0.118786
718	230000	522000	10	0.126122
719	234000	522000	11	0.114031
720	238000	522000	9	0.125024
721	242000	522000	9	0.121062
722	246000	522000	10	0.186065
723	250000	522000	9	0.118753
724	254000	522000	11	0.126535
725	258000	522000	13	0.127609
726	262000	522000	15	0.122023
727	266000	522000	17	0.073687
728	102000	518000	0	0.053672
729	106000	518000	2	0.066784
730	110000	518000	0	0.201551
731	114000	518000	0	0.219746
732	118000	518000	-1	0.169211
733	122000	518000	-1	0.126084
734	126000	518000	-1	0.128503
735	130000	518000	-2	0.144824
736	134000	518000	0	0.235696
737	138000	518000	0	0.130175
738	142000	518000	0	0.122386
739	170000	518000	0	0.152465
740	174000	518000	-3	0.137371
741	178000	518000	-3	0.137026
742	182000	518000	-2	0.11558
743	186000	518000	-2	0.131345
744	190000	518000	-2	0.124913
745	194000	518000	-1	0.0932
746	198000	518000	0	0.100943
747	202000	518000	0	0.106126
748	206000	518000	0	0.126368
749	210000	518000	0	0.17319
750	214000	518000	1	0.103741
751	218000	518000	2	0.11663
752	222000	518000	3	0.120514
753	226000	518000	7	0.119594
754	230000	518000	8	0.126368
755	234000	518000	9	0.135565
756	238000	518000	8	0.152173
757	242000	518000	8	0.134205
758	246000	518000	8	0.203915
759	250000	518000	10	0.126248
760	254000	518000	11	0.124829
761	258000	518000	12	0.124667
762	262000	518000	14	0.121939
763	266000	518000	15	0.131576
764	102000	514000	0	0.058781
765	106000	514000	1	0.118418
766	110000	514000	2	0.162499
767	114000	514000	-2	0.252474
768	118000	514000	-3	0.129089
769	122000	514000	-1	0.131828
770	126000	514000	-2	0.141421
771	130000	514000	0	0.098064
772	138000	514000	0	0.075011
773	170000	514000	0	0.073271
774	174000	514000	-1	0.092771
775	178000	514000	-1	0.10583
776	182000	514000	-1	0.098532
777	186000	514000	0	0.108536
778	190000	514000	0	0.103387
779	194000	514000	0	0.1061
780	198000	514000	0	0.154084
781	202000	514000	0	0.179273
782	206000	514000	0	0.126368
783	210000	514000	0	0.136523
784	214000	514000	1	0.101481
785	218000	514000	3	0.104233
786	222000	514000	4	0.117225
787	226000	514000	4	0.143132
788	230000	514000	6	0.154214
789	234000	514000	6	0.126033
790	238000	514000	7	0.122355
791	242000	514000	8	0.135031
792	246000	514000	9	0.129945
793	102000	510000	0	0.038202
794	106000	510000	2	0.092418
795	110000	510000	0	0.143974
796	114000	510000	-2	0.12545
797	118000	510000	-1	0.129633
798	122000	510000	-3	0.125883
799	126000	510000	-2	0.12595
800	130000	510000	0	0.112951
801	166000	510000	-3	0.102041
802	170000	510000	-3	0.117013
803	174000	510000	-3	0.144889
804	178000	510000	-3	0.115555
805	182000	510000	-1	0.071497
806	186000	510000	0	0.099946
807	190000	510000	0	0.241097
808	194000	510000	0	0.135338
809	198000	510000	0	0.126368
810	202000	510000	0	0.184108
811	206000	510000	0	0.126368
812	210000	510000	0	0.128379
813	214000	510000	1	0.142221
814	218000	510000	2	0.132592
815	222000	510000	4	0.119696
816	226000	510000	5	0.126361
817	230000	510000	4	0.125164
818	234000	510000	7	0.095141
819	238000	510000	8	0.226523
820	242000	510000	9	0.132877
821	246000	510000	10	0.126026
822	102000	506000	4	0.058954
823	106000	506000	1	0.121536
824	110000	506000	0	0.131061
825	114000	506000	0	0.116778
826	118000	506000	-2	0.133289
827	122000	506000	-3	0.134674
828	126000	506000	-2	0.126758
829	130000	506000	-1	0.12545
830	158000	506000	0	0.104247
831	162000	506000	0	0.096424
832	166000	506000	-3	0.180499
833	170000	506000	-4	0.125381
834	174000	506000	-4	0.12104
835	178000	506000	-3	0.183564
836	182000	506000	-3	0.11567
837	186000	506000	0	0.075499
838	190000	506000	0	0.170472
839	194000	506000	0	0.149227
840	198000	506000	0	0.126338
841	202000	506000	0	0.162704
842	206000	506000	0	0.14267
843	210000	506000	0	0.127329
844	214000	506000	1	0.122168
845	218000	506000	3	0.120798
846	222000	506000	5	0.100102
847	226000	506000	6	0.123926
848	230000	506000	8	0.081865
849	234000	506000	8	0.073445
850	238000	506000	7	0.126198
851	242000	506000	11	0.121799
852	246000	506000	26	0.069752
853	102000	502000	9	0.171861
854	106000	502000	3	0.18962
855	110000	502000	0	0.138806
856	114000	502000	0	0.228906
857	118000	502000	0	0.133342
858	122000	502000	-2	0.126253
859	126000	502000	0	0.208927
860	130000	502000	-2	0.19612
861	134000	502000	0	0.129866
862	158000	502000	-1	0.226729
863	162000	502000	-1	0.19272
864	166000	502000	-3	0.092904
865	170000	502000	-4	0.122232
866	174000	502000	-3	0.117099
867	178000	502000	-3	0.148432
868	182000	502000	-3	0.126368
869	186000	502000	0	0.08526
870	190000	502000	0	0.126368
871	194000	502000	0	0.121419
872	198000	502000	0	0.146839
873	202000	502000	2	0.294654
874	206000	502000	1	0.24755
875	210000	502000	1	0.117852
876	214000	502000	4	0.13699
877	218000	502000	5	0.085412
878	222000	502000	8	0.093358
879	226000	502000	11	0.069908
880	230000	502000	14	0.035065
881	234000	502000	6	0.102877
882	238000	502000	7	0.127236
883	242000	502000	14	0.121409
884	246000	502000	23	0.118175
885	98000	498000	0	0.077669
886	102000	498000	8	0.423847
887	106000	498000	1	0.295698
888	110000	498000	-1	0.137467
889	114000	498000	0	0.162193
890	118000	498000	0	0.133544
891	122000	498000	0	0.109027
892	126000	498000	-1	0.11699
893	130000	498000	0	0.136975
894	134000	498000	0	0.076828
895	138000	498000	0	0.069036
896	150000	498000	0	0.063444
897	154000	498000	-3	0.060796
898	158000	498000	-1	0.040078
899	162000	498000	-4	0.155922
900	166000	498000	-4	0.13803
901	170000	498000	-4	0.126245
902	174000	498000	-3	0.13342
903	178000	498000	-3	0.149609
904	182000	498000	-2	0.123235
905	186000	498000	0	0.144481
906	190000	498000	0	0.128735
907	194000	498000	1	0.126875
908	198000	498000	7	0.135851
909	202000	498000	3	0.154247
910	206000	498000	0	0.146097
911	210000	498000	1	0.118642
912	214000	498000	2	0.097903
913	218000	498000	4	0.099518
914	222000	498000	5	0.093153
915	226000	498000	8	0.095392
916	230000	498000	6	0.130512
917	234000	498000	7	0.162092
918	238000	498000	8	0.135432
919	242000	498000	12	0.101202
920	246000	498000	17	0.120857
921	250000	498000	24	0.125772
922	254000	498000	48	0.081671
923	262000	498000	20	0.128666
924	98000	494000	0	0.040362
925	102000	494000	11	0.047864
926	106000	494000	1	0.11951
927	110000	494000	0	0.091233
928	114000	494000	0	0.302447
929	118000	494000	1	0.302288
930	122000	494000	0	0.155831
931	126000	494000	-1	0.126242
932	130000	494000	0	0.127758
933	134000	494000	0	0.079812
934	138000	494000	0	0.063545
935	142000	494000	0	0.063444
936	146000	494000	0	0.064999
937	150000	494000	-3	0.040935
938	154000	494000	-3	0.029077
939	158000	494000	-3	0.102677
940	162000	494000	-3	0.117251
941	166000	494000	-4	0.104636
942	170000	494000	-3	0.122849
943	174000	494000	-3	0.121632
944	178000	494000	-2	0.078716
945	182000	494000	0	0.064867
946	186000	494000	1	0.146633
947	190000	494000	5	0.1065
948	194000	494000	17	0.034076
949	198000	494000	37	0.051635
950	202000	494000	4	0.094713
951	206000	494000	1	0.118891
952	210000	494000	1	0.122747
953	214000	494000	4	0.140175
954	218000	494000	5	0.126188
955	222000	494000	6	0.128111
956	226000	494000	7	0.11896
957	230000	494000	6	0.126368
958	234000	494000	8	0.127574
959	238000	494000	8	0.145525
960	242000	494000	10	0.126447
961	246000	494000	14	0.132027
962	250000	494000	22	0.129288
963	254000	494000	45	0.114609
964	258000	494000	40	0.121845
965	262000	494000	20	0.126109
966	266000	494000	22	0.15432
967	98000	490000	5	0.034244
968	102000	490000	9	0.109788
969	106000	490000	0	0.269029
970	110000	490000	0	0.136567
971	114000	490000	0	0.433249
972	118000	490000	2	0.4561
973	122000	490000	2	0.34048
974	126000	490000	0	0.177961
975	130000	490000	0	0.098458
976	134000	490000	0	0.064118
977	138000	490000	0	0.066519
978	142000	490000	-2	0.103696
979	146000	490000	-2	0.263653
980	150000	490000	-3	0.1098
981	154000	490000	-4	0.113337
982	158000	490000	-3	0.126368
983	162000	490000	-3	0.106416
984	166000	490000	-3	0.122787
985	170000	490000	-2	0.083707
986	174000	490000	-1	0.079572
987	178000	490000	-1	0.078884
988	182000	490000	2	0.138474
989	186000	490000	12	0.056095
990	190000	490000	25	0.058455
991	194000	490000	35	0
992	198000	490000	19	0.098054
993	202000	490000	2	0.12739
994	206000	490000	2	0.14124
995	210000	490000	2	0.126316
996	214000	490000	4	0.156672
997	218000	490000	5	0.167829
998	222000	490000	7	0.124282
999	226000	490000	17	0.069328
1000	230000	490000	8	0.123158
1001	234000	490000	9	0.112379
1002	238000	490000	9	0.195922
1003	242000	490000	9	0.15967
1004	246000	490000	13	0.125897
1005	250000	490000	18	0.133254
1006	254000	490000	24	0.121388
1007	258000	490000	24	0.119921
1008	262000	490000	22	0.100264
1009	266000	490000	24	0.144225
1010	270000	490000	27	0.116417
1011	94000	486000	0	0.055867
1012	98000	486000	9	0.042019
1013	102000	486000	4	0.169536
1014	106000	486000	0	0.181777
1015	110000	486000	-4	0.151139
1016	114000	486000	0	0.1787
1017	118000	486000	3	0.230415
1018	122000	486000	5	0.320162
1019	126000	486000	0	0.266989
1020	130000	486000	0	0.071062
1021	134000	486000	0	0.063444
1022	138000	486000	0	0.078565
1023	142000	486000	-1	0.229854
1024	146000	486000	-2	0.128335
1025	150000	486000	-4	0.106748
1026	154000	486000	-4	0.126368
1027	158000	486000	-4	0.154492
1028	162000	486000	-3	0.191026
1029	166000	486000	-3	0.103549
1030	170000	486000	-1	0.143567
1031	174000	486000	1	0.168118
1032	178000	486000	5	0.092214
1033	182000	486000	18	0.079698
1034	186000	486000	26	6.3E-05
1035	190000	486000	36	0.010121
1036	194000	486000	26	0.083992
1037	198000	486000	7	0.119053
1038	202000	486000	2	0.120803
1039	206000	486000	2	0.128449
1040	210000	486000	3	0.121051
1041	214000	486000	4	0.139088
1042	218000	486000	7	0.107698
1043	222000	486000	9	0.107543
1044	226000	486000	29	0.034433
1045	230000	486000	10	0.197183
1046	234000	486000	10	0.111963
1047	238000	486000	11	0.243642
1048	242000	486000	12	0.288748
1049	246000	486000	12	0.124679
1050	250000	486000	13	0.131844
1051	254000	486000	16	0.131705
1052	258000	486000	22	0.127152
1053	262000	486000	30	0.104751
1054	266000	486000	29	0.10508
1055	270000	486000	29	0.106054
1056	94000	482000	6	0.028138
1057	98000	482000	7	0.040979
1058	102000	482000	0	0.149144
1059	106000	482000	-2	0.147896
1060	110000	482000	-3	0.239118
1061	114000	482000	-1	0.446461
1062	118000	482000	1	0.145418
1063	122000	482000	0	0.263689
1064	126000	482000	1	0.272439
1065	130000	482000	0	0.189141
1066	134000	482000	0	0.123928
1067	138000	482000	0	0.108537
1068	142000	482000	-1	0.112818
1069	146000	482000	-1	0.0977
1070	150000	482000	-2	0.091716
1071	154000	482000	-3	0.12297
1072	158000	482000	-3	0.087064
1073	162000	482000	0	0.017799
1074	166000	482000	-1	0.142818
1075	170000	482000	4	0.165276
1076	174000	482000	16	0.069596
1077	178000	482000	23	0
1078	182000	482000	31	0.028142
1079	186000	482000	44	0.014231
1080	190000	482000	33	0.023569
1081	194000	482000	15	0.117125
1082	198000	482000	5	0.125895
1083	202000	482000	2	0.125227
1084	206000	482000	4	0.11675
1085	210000	482000	5	0.11309
1086	214000	482000	5	0.121322
1087	218000	482000	8	0.126489
1088	222000	482000	13	0.084945
1089	226000	482000	42	0.000838
1090	230000	482000	10	0.182294
1091	234000	482000	10	0.159576
1092	238000	482000	9	0.131562
1093	242000	482000	11	0.154099
1094	246000	482000	13	0.167451
1095	250000	482000	14	0.133711
1096	254000	482000	19	0.128097
1097	258000	482000	31	0.164472
1098	262000	482000	56	0.150608
1099	266000	482000	33	0.114194
1100	94000	478000	3	0.120406
1101	98000	478000	0	0.145362
1102	102000	478000	-4	0.190844
1103	106000	478000	-3	0.197525
1104	110000	478000	-3	0.295228
1105	114000	478000	-2	0.395936
1106	118000	478000	-1	0.186446
1107	122000	478000	-1	0.162747
1108	126000	478000	0	0.277564
1109	130000	478000	0	0.149128
1110	134000	478000	0	0.108195
1111	138000	478000	1	0.158311
1112	142000	478000	10	0.091946
1113	146000	478000	3	0.233173
1114	150000	478000	-1	0.086844
1115	154000	478000	-3	0.117375
1116	158000	478000	-3	0.106812
1117	162000	478000	-1	0.030867
1118	166000	478000	1	0.081391
1119	170000	478000	14	0.120173
1120	174000	478000	32	0.018726
1121	178000	478000	24	0.054341
1122	182000	478000	33	0.05725
1123	186000	478000	65	0
1124	190000	478000	41	0.013906
1125	194000	478000	15	0.142824
1126	198000	478000	3	0.132001
1127	202000	478000	3	0.140269
1128	206000	478000	5	0.138443
1129	210000	478000	6	0.108147
1130	214000	478000	7	0.118469
1131	218000	478000	9	0.112085
1132	222000	478000	10	0.120611
1133	226000	478000	22	0.086252
1134	230000	478000	15	0.098218
1135	234000	478000	14	0.105331
1136	238000	478000	10	0.134464
1137	242000	478000	13	0.09452
1138	246000	478000	19	0.10652
1139	250000	478000	16	0.249056
1140	254000	478000	23	0.149018
1141	258000	478000	35	0.283308
1142	262000	478000	51	0.104052
1143	266000	478000	36	0.122766
1144	90000	474000	0	0.103608
1145	94000	474000	0	0.168124
1146	98000	474000	0	0.170598
1147	102000	474000	-3	0.144722
1148	106000	474000	-3	0.163335
1149	110000	474000	-1	0.111619
1150	114000	474000	-2	0.196977
1151	118000	474000	-3	0.182613
1152	122000	474000	-2	0.117919
1153	126000	474000	-1	0.11584
1154	130000	474000	0	0.128644
1155	134000	474000	0	0.097436
1156	138000	474000	5	0.11498
1157	142000	474000	14	0.120961
1158	146000	474000	1	0.175951
1159	150000	474000	0	0.125798
1160	154000	474000	0	0.131225
1161	158000	474000	0	0.062255
1162	162000	474000	0	0.141002
1163	166000	474000	3	0.125167
1164	170000	474000	18	0.13876
1165	174000	474000	50	0.001075
1166	178000	474000	31	0.033246
1167	182000	474000	34	0.062859
1168	186000	474000	75	0
1169	190000	474000	51	0.007348
1170	194000	474000	15	0.163535
1171	198000	474000	4	0.143126
1172	202000	474000	3	0.151754
1173	206000	474000	5	0.160566
1174	210000	474000	7	0.365147
1175	214000	474000	8	0.140684
1176	218000	474000	10	0.116229
1177	222000	474000	10	0.126132
1178	226000	474000	11	0.116222
1179	230000	474000	17	0.123823
1180	234000	474000	14	0.11149
1181	238000	474000	11	0.199728
1182	242000	474000	13	0.118361
1183	246000	474000	18	0.122705
1184	250000	474000	19	0.35096
1185	254000	474000	28	0.187492
1186	258000	474000	42	0.156053
1187	262000	474000	45	0.107579
1188	266000	474000	36	0.176064
1189	270000	474000	39	0.093336
1190	90000	470000	1	0.191848
1191	94000	470000	0	0.166201
1192	98000	470000	0	0.122318
1193	102000	470000	-3	0.135993
1194	106000	470000	-3	0.13428
1195	110000	470000	-3	0.129388
1196	114000	470000	-3	0.130593
1197	118000	470000	-3	0.185604
1198	122000	470000	-4	0.185851
1199	126000	470000	-1	0.109506
1200	130000	470000	0	0.117212
1201	134000	470000	0	0.088258
1202	138000	470000	4	0.184877
1203	142000	470000	9	0.145613
1204	146000	470000	7	0.145677
1205	150000	470000	0	0.158229
1206	154000	470000	0	0.190599
1207	158000	470000	0	0.126563
1208	162000	470000	3	0.230323
1209	166000	470000	8	0.105951
1210	170000	470000	15	0.086265
1211	174000	470000	30	0.021507
1212	178000	470000	36	0.059345
1213	182000	470000	37	0.033339
1214	186000	470000	71	0.008479
1215	190000	470000	69	0.015285
1216	194000	470000	19	0.253844
1217	198000	470000	8	0.176819
1218	202000	470000	5	0.129012
1219	206000	470000	6	0.129114
1220	210000	470000	6	0.110007
1221	214000	470000	8	0.105805
1222	218000	470000	10	0.117695
1223	222000	470000	11	0.116645
1224	226000	470000	12	0.121315
1225	230000	470000	13	0.121783
1226	234000	470000	13	0.109696
1227	238000	470000	14	0.124104
1228	242000	470000	16	0.126695
1229	246000	470000	20	0.093779
1230	250000	470000	25	0.112061
1231	254000	470000	30	0.289298
1232	258000	470000	41	0.249394
1233	262000	470000	42	0.173171
1234	86000	466000	8	0.043054
1235	90000	466000	0	0.309798
1236	94000	466000	1	0.265585
1237	98000	466000	-1	0.134425
1238	102000	466000	-1	0.126349
1239	106000	466000	-3	0.117397
1240	110000	466000	-2	0.132636
1241	114000	466000	-4	0.126512
1242	118000	466000	-2	0.125392
1243	122000	466000	-1	0.134382
1244	126000	466000	0	0.129326
1245	130000	466000	0	0.111562
1246	134000	466000	0	0.06789
1247	138000	466000	0	0.126281
1248	142000	466000	11	0.031056
1249	146000	466000	10	0.12734
1250	150000	466000	1	0.15628
1251	154000	466000	2	0.255902
1252	158000	466000	3	0.21573
1253	162000	466000	4	0.134164
1254	166000	466000	9	0.129237
1255	170000	466000	14	0.193486
1256	174000	466000	17	0.104497
1257	178000	466000	25	0.02903
1258	182000	466000	35	0.011139
1259	186000	466000	64	0.004181
1260	190000	466000	56	0.033186
1261	194000	466000	24	0.291082
1262	198000	466000	10	0.195962
1263	202000	466000	7	0.111694
1264	206000	466000	8	0.110283
1265	210000	466000	6	0.114668
1266	214000	466000	10	0.103523
1267	218000	466000	10	0.117007
1268	222000	466000	11	0.147763
1269	226000	466000	13	0.160157
1270	230000	466000	12	0.124394
1271	234000	466000	14	0.117843
1272	238000	466000	16	0.124646
1273	242000	466000	17	0.125304
1274	246000	466000	22	0.147229
1275	250000	466000	28	0.115445
1276	254000	466000	33	0.101894
1277	258000	466000	42	0.133851
1278	262000	466000	44	0.095817
1279	82000	462000	0	0.032604
1280	86000	462000	8	0.081029
1281	90000	462000	0	0.180475
1282	94000	462000	1	0.276279
1283	98000	462000	0	0.209281
1284	102000	462000	0	0.239411
1285	106000	462000	0	0.211498
1286	110000	462000	-3	0.130845
1287	114000	462000	0	0.116968
1288	118000	462000	-1	0.108661
1289	122000	462000	0	0.12644
1290	126000	462000	0	0.131736
1291	130000	462000	0	0.162667
1292	134000	462000	0	0.115207
1293	138000	462000	0	0.128337
1294	142000	462000	9	0.121105
1295	146000	462000	13	0.145286
1296	150000	462000	15	0.061351
1297	154000	462000	11	0.210405
1298	158000	462000	3	0.210268
1299	162000	462000	4	0.130375
1300	166000	462000	8	0.133877
1301	170000	462000	12	0.240194
1302	174000	462000	15	0.129969
1303	178000	462000	21	0.093991
1304	182000	462000	34	0.013152
1305	186000	462000	48	0
1306	190000	462000	88	0.001723
1307	194000	462000	53	0.031084
1308	198000	462000	20	0.078837
1309	202000	462000	9	0.123497
1310	206000	462000	7	0.123074
1311	210000	462000	7	0.248499
1312	214000	462000	9	0.138931
1313	218000	462000	14	0.068812
1314	222000	462000	14	0.07876
1315	226000	462000	16	0.117984
1316	230000	462000	13	0.126215
1317	234000	462000	15	0.131512
1318	238000	462000	19	0.153697
1319	242000	462000	20	0.129162
1320	246000	462000	27	0.138508
1321	250000	462000	32	0.093407
1322	254000	462000	35	0.109112
1323	258000	462000	43	0.118172
1324	78000	458000	0	0.142506
1325	82000	458000	7	0.106844
1326	86000	458000	1	0.166626
1327	90000	458000	0	0.131173
1328	94000	458000	-1	0.133471
1329	98000	458000	-1	0.129021
1330	102000	458000	-1	0.157151
1331	106000	458000	-1	0.149096
1332	110000	458000	-1	0.136378
1333	114000	458000	-1	0.121284
1334	118000	458000	-1	0.13052
1335	122000	458000	0	0.134
1336	126000	458000	0	0.141384
1337	130000	458000	0	0.212662
1338	134000	458000	3	0.367348
1339	138000	458000	3	0.201052
1340	142000	458000	6	0.167373
1341	146000	458000	14	0.12567
1342	150000	458000	27	0.103427
1343	154000	458000	15	0.019651
1344	158000	458000	3	0.144603
1345	162000	458000	5	0.125775
1346	166000	458000	8	0.123414
1347	170000	458000	11	0.125851
1348	174000	458000	17	0.079486
1349	178000	458000	21	0.111378
1350	182000	458000	31	0.053076
1351	186000	458000	47	0
1352	190000	458000	70	0.023918
1353	194000	458000	77	0.026658
1354	198000	458000	39	0.059255
1355	202000	458000	15	0.134947
1356	206000	458000	9	0.114682
1357	210000	458000	7	0.146789
1358	214000	458000	8	0.128738
1359	218000	458000	12	0.126483
1360	222000	458000	15	0.09777
1361	226000	458000	15	0.122116
1362	230000	458000	16	0.128433
1363	234000	458000	16	0.157217
1364	238000	458000	18	0.126015
1365	242000	458000	24	0.154001
1366	246000	458000	26	0.122262
1367	250000	458000	32	0.121969
1368	74000	454000	0	0.068793
1369	78000	454000	4	0.213644
1370	82000	454000	3	0.305748
1371	86000	454000	0	0.283805
1372	90000	454000	-4	0.118496
1373	94000	454000	-1	0.223412
1374	98000	454000	-4	0.142085
1375	102000	454000	-4	0.149731
1376	106000	454000	-1	0.129601
1377	110000	454000	-1	0.168401
1378	114000	454000	0	0.147684
1379	118000	454000	0	0.163643
1380	122000	454000	0	0.167886
1381	126000	454000	0	0.134016
1382	130000	454000	0	0.163069
1383	134000	454000	2	0.282572
1384	138000	454000	4	0.23997
1385	142000	454000	3	0.221531
1386	146000	454000	9	0.135185
1387	150000	454000	21	0.024548
1388	154000	454000	14	0.074168
1389	158000	454000	4	0.168421
1390	162000	454000	6	0.152625
1391	166000	454000	8	0.127544
1392	170000	454000	10	0.141209
1393	174000	454000	33	0.061055
1394	178000	454000	35	0.020786
1395	182000	454000	33	0.002653
1396	186000	454000	42	0.006394
1397	190000	454000	72	0.091089
1398	194000	454000	84	0.004675
1399	198000	454000	61	0.000628
1400	202000	454000	30	0.067606
1401	206000	454000	10	0.127646
1402	210000	454000	7	0.130832
1403	214000	454000	8	0.121524
1404	218000	454000	12	0.125234
1405	222000	454000	15	0.115007
1406	226000	454000	18	0.10116
1407	230000	454000	17	0.130569
1408	234000	454000	17	0.124703
1409	238000	454000	20	0.136794
1410	242000	454000	29	0.126368
1411	246000	454000	29	0.126193
1412	70000	450000	0	0.082365
1413	74000	450000	1	0.114493
1414	78000	450000	0	0.209291
1415	82000	450000	1	0.204865
1416	86000	450000	-1	0.159809
1417	90000	450000	-2	0.137434
1418	94000	450000	-3	0.23631
1419	98000	450000	-3	0.172123
1420	102000	450000	-4	0.138578
1421	106000	450000	-1	0.222676
1422	110000	450000	0	0.126704
1423	114000	450000	-1	0.122877
1424	118000	450000	0	0.156335
1425	122000	450000	0	0.134307
1426	126000	450000	0	0.143516
1427	130000	450000	0	0.148785
1428	134000	450000	2	0.287472
1429	138000	450000	2	0.274652
1430	142000	450000	2	0.151809
1431	146000	450000	3	0.152498
1432	150000	450000	10	0.103798
1433	154000	450000	26	0.036484
1434	158000	450000	14	0.050183
1435	162000	450000	8	0.099502
1436	166000	450000	7	0.241326
1437	170000	450000	8	0.229777
1438	174000	450000	21	0.238277
1439	178000	450000	29	0.017788
1440	182000	450000	36	0.010505
1441	186000	450000	43	0.051739
1442	190000	450000	49	0.144256
1443	194000	450000	72	0.002598
1444	198000	450000	84	0.000768
1445	202000	450000	44	0.063624
1446	206000	450000	8	0.141723
1447	210000	450000	8	0.121693
1448	214000	450000	9	0.125813
1449	218000	450000	13	0.138584
1450	222000	450000	17	0.089747
1451	226000	450000	16	0.113647
1452	230000	450000	16	0.125986
1453	234000	450000	18	0.126368
1454	238000	450000	23	0.161852
1455	242000	450000	29	0.124989
1456	246000	450000	34	0.117406
1457	250000	450000	36	0.162345
1458	62000	446000	0	0.089529
1459	66000	446000	0	0.06149
1460	70000	446000	1	0.131515
1461	74000	446000	0	0.182729
1462	78000	446000	0	0.129846
1463	82000	446000	0	0.178923
1464	86000	446000	0	0.307608
1465	90000	446000	-2	0.143307
1466	94000	446000	-4	0.158863
1467	98000	446000	-4	0.132084
1468	102000	446000	-5	0.129596
1469	106000	446000	-2	0.205263
1470	110000	446000	0	0.167677
1471	114000	446000	-1	0.137501
1472	118000	446000	-1	0.134168
1473	122000	446000	0	0.138087
1474	126000	446000	0	0.14477
1475	130000	446000	0	0.155493
1476	134000	446000	2	0.215523
1477	138000	446000	0	0.135446
1478	142000	446000	1	0.130378
1479	146000	446000	2	0.124835
1480	150000	446000	3	0.126507
1481	154000	446000	4	0.112818
1482	158000	446000	7	0.113519
1483	162000	446000	27	0.059294
1484	166000	446000	10	0.174817
1485	170000	446000	6	0.131976
1486	174000	446000	14	0.17629
1487	178000	446000	35	0.038644
1488	182000	446000	31	0.137475
1489	186000	446000	46	0.069427
1490	190000	446000	59	0.160736
1491	194000	446000	41	0.151964
1492	198000	446000	13	0.122876
1493	202000	446000	8	0.138996
1494	206000	446000	9	0.144756
1495	210000	446000	10	0.114896
1496	214000	446000	11	0.104564
1497	218000	446000	12	0.1242
1498	222000	446000	16	0.141808
1499	226000	446000	17	0.118556
1500	230000	446000	17	0.126178
1501	234000	446000	18	0.143472
1502	238000	446000	24	0.169327
1503	242000	446000	30	0.101673
1504	246000	446000	32	0.13447
1505	250000	446000	38	0.120869
1506	254000	446000	47	0.097841
1507	62000	442000	2	0.27114
1508	66000	442000	1	0.334821
1509	70000	442000	0	0.233689
1510	74000	442000	0	0.146447
1511	78000	442000	0	0.135294
1512	82000	442000	-2	0.132987
1513	86000	442000	-1	0.164976
1514	90000	442000	-3	0.268512
1515	94000	442000	-2	0.162296
1516	98000	442000	-3	0.264114
1517	102000	442000	-3	0.181912
1518	106000	442000	-1	0.125475
1519	110000	442000	-1	0.135157
1520	114000	442000	-1	0.136081
1521	118000	442000	0	0.141342
1522	122000	442000	0	0.132753
1523	126000	442000	0	0.140925
1524	130000	442000	0	0.138714
1525	134000	442000	0	0.210506
1526	138000	442000	0	0.125441
1527	142000	442000	1	0.135569
1528	146000	442000	3	0.137243
1529	150000	442000	4	0.171301
1530	154000	442000	4	0.134305
1531	158000	442000	5	0.126625
1532	162000	442000	5	0.124742
1533	166000	442000	10	0.122778
1534	170000	442000	7	0.134051
1535	174000	442000	9	0.213094
1536	178000	442000	9	0.147039
1537	182000	442000	10	0.13583
1538	186000	442000	8	0.142602
1539	190000	442000	11	0.201183
1540	194000	442000	11	0.291288
1541	198000	442000	8	0.245942
1542	202000	442000	8	0.126344
1543	206000	442000	9	0.127883
1544	210000	442000	12	0.134306
1545	214000	442000	11	0.199296
1546	218000	442000	14	0.256104
1547	222000	442000	16	0.122861
1548	226000	442000	17	0.114002
1549	230000	442000	18	0.129443
1550	234000	442000	19	0.12573
1551	238000	442000	30	0.126841
1552	242000	442000	29	0.120594
1553	246000	442000	37	0.203667
1554	250000	442000	42	0.123203
1555	254000	442000	48	0.114189
1556	58000	438000	0	0.068801
1557	62000	438000	0	0.100461
1558	66000	438000	1	0.130906
1559	70000	438000	0	0.269609
1560	74000	438000	1	0.306496
1561	78000	438000	0	0.159412
1562	82000	438000	0	0.153536
1563	86000	438000	1	0.313224
1564	90000	438000	2	0.306579
1565	94000	438000	3	0.232692
1566	98000	438000	0	0.236639
1567	102000	438000	0	0.179174
1568	106000	438000	-1	0.120099
1569	110000	438000	-1	0.128729
1570	114000	438000	0	0.141702
1571	118000	438000	0	0.16408
1572	122000	438000	0	0.123909
1573	126000	438000	0	0.138329
1574	130000	438000	0	0.126708
1575	134000	438000	0	0.133986
1576	138000	438000	0	0.13319
1577	142000	438000	0	0.198762
1578	146000	438000	1	0.128164
1579	150000	438000	2	0.129207
1580	154000	438000	3	0.124755
1581	158000	438000	4	0.146651
1582	162000	438000	4	0.127563
1583	166000	438000	6	0.139933
1584	170000	438000	6	0.153876
1585	174000	438000	6	0.130814
1586	178000	438000	7	0.137411
1587	182000	438000	7	0.128523
1588	186000	438000	7	0.170635
1589	190000	438000	8	0.153634
1590	194000	438000	10	0.159726
1591	198000	438000	10	0.134258
1592	202000	438000	10	0.201347
1593	206000	438000	11	0.159726
1594	210000	438000	14	0.119901
1595	214000	438000	15	0.08875
1596	218000	438000	12	0.13807
1597	222000	438000	14	0.183445
1598	226000	438000	16	0.120045
1599	230000	438000	18	0.159805
1600	234000	438000	20	0.125996
1601	238000	438000	28	0.165106
1602	242000	438000	35	0.127073
1603	246000	438000	45	0.104585
1604	250000	438000	47	0.116703
1605	62000	434000	0	0.051193
1606	66000	434000	0	0.115607
1607	70000	434000	0	0.148243
1608	74000	434000	0	0.207538
1609	78000	434000	3	0.47279
1610	82000	434000	2	0.475775
1611	86000	434000	2	0.4656
1612	90000	434000	2	0.426323
1613	94000	434000	1	0.299591
1614	98000	434000	0	0.283276
1615	102000	434000	0	0.233322
1616	106000	434000	0	0.154298
1617	110000	434000	-1	0.124403
1618	114000	434000	-1	0.126512
1619	118000	434000	-1	0.1346
1620	122000	434000	0	0.132648
1621	126000	434000	0	0.142404
1622	130000	434000	0	0.128021
1623	134000	434000	0	0.176579
1624	138000	434000	0	0.1292
1625	142000	434000	1	0.150825
1626	146000	434000	2	0.14953
1627	150000	434000	3	0.168423
1628	154000	434000	4	0.127092
1629	158000	434000	5	0.27738
1630	162000	434000	6	0.143168
1631	166000	434000	6	0.168685
1632	170000	434000	6	0.181277
1633	174000	434000	7	0.126682
1634	178000	434000	8	0.130664
1635	182000	434000	8	0.146088
1636	186000	434000	8	0.200833
1637	190000	434000	9	0.171425
1638	194000	434000	9	0.150129
1639	198000	434000	11	0.124199
1640	202000	434000	11	0.119613
1641	206000	434000	11	0.125149
1642	210000	434000	25	0.072785
1643	214000	434000	28	0.111328
1644	218000	434000	13	0.12584
1645	222000	434000	13	0.172972
1646	226000	434000	14	0.127944
1647	230000	434000	17	0.122826
1648	234000	434000	20	0.126036
1649	238000	434000	34	0.124683
1650	58000	430000	0	0.051954
1651	62000	430000	0	0.075239
1652	66000	430000	0	0.118729
1653	70000	430000	0	0.177018
1654	74000	430000	-1	0.127428
1655	78000	430000	0	0.246943
1656	82000	430000	0	0.306157
1657	86000	430000	0	0.207739
1658	90000	430000	0	0.234018
1659	94000	430000	0	0.173879
1660	98000	430000	0	0.258882
1661	102000	430000	0	0.197605
1662	106000	430000	0	0.257938
1663	110000	430000	-1	0.125952
1664	114000	430000	-1	0.132388
1665	118000	430000	-1	0.130812
1666	122000	430000	-1	0.139441
1667	126000	430000	0	0.195836
1668	130000	430000	0	0.118491
1669	134000	430000	0	0.117064
1670	138000	430000	0	0.126486
1671	142000	430000	1	0.145206
1672	146000	430000	2	0.143647
1673	150000	430000	3	0.164905
1674	154000	430000	3	0.13779
1675	158000	430000	4	0.116602
1676	162000	430000	4	0.125691
1677	166000	430000	5	0.126659
1678	170000	430000	5	0.134449
1679	174000	430000	6	0.126383
1680	178000	430000	7	0.176002
1681	182000	430000	8	0.216734
1682	186000	430000	10	0.26314
1683	190000	430000	9	0.119311
1684	194000	430000	9	0.13827
1685	198000	430000	10	0.116176
1686	202000	430000	11	0.116325
1687	206000	430000	12	0.149652
1688	210000	430000	13	0.115806
1689	214000	430000	15	0.192398
1690	218000	430000	13	0.147751
1691	222000	430000	14	0.13166
1692	226000	430000	16	0.119534
1693	230000	430000	17	0.147264
1694	50000	426000	0	0.070128
1695	54000	426000	1	0.092355
1696	58000	426000	0	0.113998
1697	62000	426000	0	0.145167
1698	66000	426000	0	0.096105
1699	70000	426000	0	0.118782
1700	74000	426000	0	0.120843
1701	78000	426000	0	0.121086
1702	82000	426000	0	0.15758
1703	86000	426000	0	0.161962
1704	90000	426000	0	0.173781
1705	94000	426000	0	0.131511
1706	98000	426000	0	0.170288
1707	102000	426000	0	0.296205
1708	106000	426000	1	0.254966
1709	110000	426000	0	0.301768
1710	114000	426000	0	0.166673
1711	118000	426000	0	0.17642
1712	122000	426000	0	0.136162
1713	126000	426000	1	0.207832
1714	130000	426000	0	0.125424
1715	134000	426000	1	0.130776
1716	138000	426000	1	0.124124
1717	142000	426000	2	0.115984
1718	146000	426000	3	0.180224
1719	150000	426000	3	0.116815
1720	154000	426000	3	0.116696
1721	158000	426000	4	0.120943
1722	162000	426000	5	0.123347
1723	166000	426000	5	0.136941
1724	170000	426000	6	0.123971
1725	174000	426000	6	0.123827
1726	178000	426000	8	0.174695
1727	182000	426000	9	0.267433
1728	186000	426000	20	0.254786
1729	190000	426000	58	0.089528
1730	194000	426000	12	0.114489
1731	50000	422000	0	0.10205
1732	54000	422000	0	0.064987
1733	58000	422000	0	0.062039
1734	62000	422000	0	0.096675
1735	66000	422000	0	0.128297
1736	70000	422000	0	0.11102
1737	74000	422000	0	0.079594
1738	78000	422000	0	0.116463
1739	82000	422000	0	0.126346
1740	86000	422000	0	0.126368
1741	90000	422000	0	0.134038
1742	94000	422000	-1	0.134021
1743	98000	422000	-1	0.134336
1744	102000	422000	0	0.313467
1745	106000	422000	0	0.203501
1746	110000	422000	0	0.132503
1747	114000	422000	0	0.09735
1748	118000	422000	0	0.132712
1749	122000	422000	0	0.149101
1750	126000	422000	0	0.125953
1751	130000	422000	0	0.154351
1752	134000	422000	0	0.128791
1753	138000	422000	1	0.13292
1754	142000	422000	1	0.133011
1755	146000	422000	2	0.175079
1756	150000	422000	3	0.135875
1757	154000	422000	2	0.120747
1758	158000	422000	3	0.128536
1759	162000	422000	4	0.184796
1760	166000	422000	6	0.231999
1761	170000	422000	6	0.133556
1762	174000	422000	7	0.153619
1763	178000	422000	7	0.138393
1764	182000	422000	9	0.100322
1765	186000	422000	11	0.143252
1766	190000	422000	63	0.019674
1767	194000	422000	24	0.144898
1768	42000	418000	0	0.053302
1769	46000	418000	0	0.158936
1770	50000	418000	0	0.120573
1771	54000	418000	0	0.084381
1772	58000	418000	0	0.067806
1773	62000	418000	0	0.075052
1774	66000	418000	0	0.13416
1775	70000	418000	0	0.145514
1776	74000	418000	0	0.120848
1777	78000	418000	0	0.080935
1778	82000	418000	0	0.112723
1779	86000	418000	0	0.126765
1780	90000	418000	0	0.162822
1781	94000	418000	0	0.126368
1782	98000	418000	-1	0.159762
1783	102000	418000	-1	0.128397
1784	106000	418000	0	0.076454
1785	110000	418000	0	0.079364
1786	114000	418000	2	0.084193
1787	118000	418000	0	0.098949
1788	122000	418000	0	0.129997
1789	126000	418000	0	0.125864
1790	130000	418000	0	0.126756
1791	134000	418000	0	0.129713
1792	138000	418000	2	0.160652
1793	142000	418000	2	0.135571
1794	146000	418000	2	0.167223
1795	150000	418000	2	0.130428
1796	154000	418000	2	0.1208
1797	158000	418000	2	0.128777
1798	162000	418000	6	0.168404
1799	166000	418000	11	0.268596
1800	170000	418000	14	0.099888
1801	174000	418000	9	0.125538
1802	178000	418000	9	0.141928
1803	182000	418000	9	0.119982
1804	186000	418000	9	0.193971
1805	190000	418000	17	0.103222
1806	194000	418000	28	0.090871
1807	198000	418000	40	0.021555
1808	38000	414000	6	0.043412
1809	42000	414000	0	0.090992
1810	46000	414000	0	0.13088
1811	50000	414000	0	0.126575
1812	54000	414000	0	0.127872
1813	58000	414000	0	0.107232
1814	62000	414000	0	0.067828
1815	66000	414000	0	0.100794
1816	70000	414000	0	0.122874
1817	74000	414000	0	0.131808
1818	78000	414000	0	0.118443
1819	82000	414000	0	0.096745
1820	86000	414000	0	0.162216
1821	90000	414000	0	0.112222
1822	94000	414000	0	0.105442
1823	98000	414000	0	0.09663
1824	102000	414000	0	0.144549
1825	106000	414000	0	0.109257
1826	110000	414000	0	0.107907
1827	114000	414000	0	0.096216
1828	118000	414000	1	0.215005
1829	122000	414000	0	0.175354
1830	126000	414000	0	0.129334
1831	130000	414000	0	0.178525
1832	134000	414000	0	0.155446
1833	138000	414000	1	0.144177
1834	142000	414000	1	0.138729
1835	146000	414000	2	0.252274
1836	150000	414000	4	0.316983
1837	154000	414000	5	0.184746
1838	158000	414000	6	0.114964
1839	162000	414000	6	0.132789
1840	166000	414000	10	0.137066
1841	170000	414000	20	0.058075
1842	174000	414000	18	0.110465
1843	178000	414000	16	0.099519
1844	182000	414000	10	0.122261
1845	186000	414000	10	0.141885
1846	190000	414000	11	0.193598
1847	194000	414000	11	0.153329
1848	198000	414000	12	0.119665
1849	38000	410000	0	0.063997
1850	42000	410000	0	0.079837
1851	46000	410000	0	0.064624
1852	50000	410000	0	0.095534
1853	54000	410000	0	0.127062
1854	58000	410000	0	0.126083
1855	62000	410000	0	0.106319
1856	66000	410000	0	0.10113
1857	70000	410000	0	0.241623
1858	74000	410000	0	0.094079
1859	78000	410000	0	0.120753
1860	82000	410000	0	0.117231
1861	86000	410000	0	0.166601
1862	90000	410000	-2	0.132406
1863	94000	410000	0	0.10863
1864	98000	410000	2	0.404303
1865	102000	410000	0	0.297596
1866	106000	410000	0	0.130526
1867	110000	410000	0	0.130648
1868	114000	410000	0	0.145528
1869	118000	410000	0	0.234649
1870	122000	410000	0	0.136072
1871	126000	410000	0	0.137462
1872	130000	410000	1	0.242855
1873	134000	410000	4	0.194575
1874	138000	410000	4	0.1679
1875	142000	410000	3	0.157689
1876	146000	410000	3	0.175054
1877	150000	410000	5	0.230191
1878	154000	410000	4	0.188016
1879	158000	410000	6	0.117644
1880	162000	410000	7	0.117058
1881	166000	410000	9	0.119471
1882	170000	410000	17	0.121705
1883	174000	410000	21	0.139239
1884	178000	410000	18	0.141493
1885	182000	410000	17	0.154166
1886	186000	410000	10	0.133838
1887	190000	410000	11	0.143448
1888	194000	410000	12	0.173335
1889	198000	410000	15	0.110897
1890	202000	410000	14	0.12644
1891	50000	406000	0	0.067412
1892	54000	406000	0	0.150404
1893	58000	406000	0	0.127225
1894	62000	406000	0	0.112602
1895	66000	406000	0	0.099688
1896	70000	406000	0	0.158637
1897	74000	406000	0	0.056301
1898	78000	406000	0	0.065324
1899	82000	406000	0	0.101333
1900	86000	406000	0	0.198734
1901	90000	406000	0	0.144516
1902	94000	406000	0	0.132034
1903	98000	406000	0	0.165831
1904	102000	406000	0	0.195105
1905	106000	406000	0	0.144355
1906	110000	406000	0	0.138853
1907	114000	406000	1	0.116698
1908	118000	406000	5	0.256569
1909	122000	406000	2	0.155536
1910	126000	406000	2	0.145778
1911	130000	406000	6	0.128406
1912	134000	406000	14	0.048435
1913	138000	406000	11	0.05958
1914	142000	406000	7	0.09085
1915	146000	406000	7	0.136777
1916	150000	406000	6	0.144394
1917	154000	406000	5	0.16152
1918	158000	406000	7	0.121501
1919	162000	406000	8	0.131951
1920	166000	406000	8	0.134702
1921	170000	406000	10	0.156384
1922	174000	406000	19	0.238432
1923	178000	406000	20	0.221874
1924	182000	406000	19	0.121507
1925	186000	406000	15	0.111974
1926	190000	406000	14	0.133304
1927	194000	406000	14	0.190375
1928	198000	406000	15	0.093536
1929	202000	406000	15	0.095167
1930	206000	406000	16	0.128502
1931	30000	402000	0	0.06185
1932	34000	402000	0	0.08244
1933	38000	402000	0	0.091693
1934	42000	402000	0	0.097935
1935	46000	402000	0	0.105196
1936	50000	402000	0	0.086338
1937	54000	402000	0	0.063444
1938	58000	402000	0	0.074989
1939	62000	402000	0	0.103783
1940	66000	402000	0	0.110938
1941	70000	402000	0	0.098286
1942	74000	402000	0	0.125835
1943	78000	402000	-1	0.13756
1944	82000	402000	0	0.160446
1945	86000	402000	0	0.126368
1946	90000	402000	0	0.159305
1947	94000	402000	0	0.141905
1948	98000	402000	0	0.144275
1949	102000	402000	0	0.127924
1950	106000	402000	1	0.130601
1951	110000	402000	2	0.336769
1952	114000	402000	3	0.29298
1953	118000	402000	8	0.139368
1954	122000	402000	8	0.172528
1955	126000	402000	5	0.151293
1956	130000	402000	9	0.234354
1957	134000	402000	12	0.150464
1958	138000	402000	10	0.159101
1959	142000	402000	8	0.151031
1960	146000	402000	6	0.123861
1961	150000	402000	7	0.128109
1962	154000	402000	7	0.115044
1963	158000	402000	9	0.154651
1964	162000	402000	10	0.237801
1965	166000	402000	10	0.242627
1966	170000	402000	10	0.133496
1967	174000	402000	14	0.139769
1968	178000	402000	20	0.124955
1969	182000	402000	22	0.117277
1970	186000	402000	21	0.081391
1971	190000	402000	18	0.133296
1972	194000	402000	16	0.104572
1973	198000	402000	13	0.127704
1974	202000	402000	18	0.098035
1975	206000	402000	20	0.227947
1976	22000	398000	0	0.087444
1977	26000	398000	0	0.119134
1978	30000	398000	0	0.129588
1979	34000	398000	0	0.096481
1980	38000	398000	0	0.108614
1981	42000	398000	0	0.111176
1982	46000	398000	0	0.116446
1983	50000	398000	0	0.109979
1984	54000	398000	0	0.063444
1985	58000	398000	0	0.070266
1986	62000	398000	0	0.116007
1987	66000	398000	-1	0.140593
1988	70000	398000	-2	0.1273
1989	74000	398000	0	0.126577
1990	78000	398000	0	0.123837
1991	82000	398000	0	0.129352
1992	86000	398000	0	0.129551
1993	90000	398000	0	0.214576
1994	94000	398000	3	0.134221
1995	98000	398000	6	0.132623
1996	102000	398000	6	0.312045
1997	106000	398000	5	0.12536
1998	110000	398000	4	0.170005
1999	114000	398000	5	0.180333
2000	118000	398000	6	0.15389
2001	122000	398000	12	0.278537
2002	126000	398000	9	0.224432
2003	130000	398000	15	0.221021
2004	134000	398000	14	0.324801
2005	138000	398000	12	0.174668
2006	142000	398000	12	0.143982
2007	146000	398000	10	0.036643
2008	150000	398000	8	0.191754
2009	154000	398000	9	0.136265
2010	158000	398000	9	0.135894
2011	162000	398000	11	0.133938
2012	166000	398000	10	0.123726
2013	170000	398000	12	0.112587
2014	174000	398000	13	0.127457
2015	178000	398000	21	0.149425
2016	182000	398000	24	0.098617
2017	186000	398000	25	0.1111
2018	190000	398000	24	0.100471
2019	194000	398000	23	0.093707
2020	198000	398000	17	0.106209
2021	202000	398000	14	0.101168
2022	206000	398000	19	0.077314
2023	22000	394000	0	0.108863
2024	26000	394000	0	0.129146
2025	30000	394000	0	0.139954
2026	34000	394000	0	0.130173
2027	38000	394000	0	0.087344
2028	42000	394000	0	0.117329
2029	46000	394000	0	0.125099
2030	50000	394000	0	0.157133
2031	54000	394000	0	0.114395
2032	58000	394000	0	0.108569
2033	62000	394000	0	0.070789
2034	66000	394000	0	0.108626
2035	70000	394000	0	0.128291
2036	74000	394000	0	0.168058
2037	78000	394000	4	0.159086
2038	82000	394000	2	0.120719
2039	86000	394000	3	0.13486
2040	90000	394000	4	0.302569
2041	94000	394000	7	0.228549
2042	98000	394000	11	0.153502
2043	102000	394000	9	0.127758
2044	106000	394000	7	0.124567
2045	110000	394000	6	0.094031
2046	114000	394000	6	0.104494
2047	118000	394000	11	0.084309
2048	122000	394000	16	0.089541
2049	126000	394000	14	0.152514
2050	130000	394000	15	0.170247
2051	134000	394000	15	0.176274
2052	138000	394000	14	0.087881
2053	142000	394000	10	0.133941
2054	146000	394000	10	0.105537
2055	150000	394000	12	0.107621
2056	154000	394000	13	0.091335
2057	158000	394000	12	0.120458
2058	162000	394000	13	0.11921
2059	166000	394000	13	0.107754
2060	170000	394000	13	0.152197
2061	174000	394000	14	0.144326
2062	178000	394000	20	0.106877
2063	182000	394000	31	0.027419
2064	186000	394000	27	0.119832
2065	190000	394000	31	0.121472
2066	194000	394000	24	0.123924
2067	198000	394000	24	0.223607
2068	202000	394000	17	0.152414
2069	206000	394000	17	0.08691
2070	210000	394000	23	0.079623
2071	26000	390000	0	0.116587
2072	30000	390000	0	0.174319
2073	34000	390000	0	0.235417
2074	38000	390000	0	0.195168
2075	42000	390000	0	0.130951
2076	46000	390000	0	0.128386
2077	50000	390000	0	0.17695
2078	54000	390000	0	0.145997
2079	58000	390000	0	0.130009
2080	62000	390000	0	0.133928
2081	74000	390000	0	0.090481
2082	78000	390000	3	0.311285
2083	82000	390000	11	0.118284
2084	86000	390000	8	0.123942
2085	90000	390000	7	0.138969
2086	94000	390000	11	0.086041
2087	98000	390000	12	0.097347
2088	102000	390000	10	0.097107
2089	106000	390000	8	0.127335
2090	110000	390000	6	0.187418
2091	114000	390000	9	0.09664
2092	118000	390000	12	0.128838
2093	122000	390000	23	0.053156
2094	126000	390000	22	0.098233
2095	130000	390000	19	0.105296
2096	134000	390000	18	0.084114
2097	138000	390000	14	0.149119
2098	142000	390000	12	0.11935
2099	146000	390000	14	0.101861
2100	150000	390000	16	0.150126
2101	154000	390000	17	0.208358
2102	158000	390000	18	0.227702
2103	162000	390000	16	0.223091
2104	166000	390000	14	0.119323
2105	170000	390000	18	0.113719
2106	174000	390000	17	0.163524
2107	178000	390000	20	0.10498
2108	182000	390000	24	0.11041
2109	186000	390000	27	0.178307
2110	190000	390000	30	0.131832
2111	194000	390000	28	0.126107
2112	198000	390000	25	0.126458
2113	202000	390000	22	0.130672
2114	206000	390000	18	0.110002
2115	210000	390000	19	0.095889
2116	214000	390000	32	0.108217
2117	26000	386000	0	0.08342
2118	30000	386000	0	0.225567
2119	34000	386000	0	0.125319
2120	38000	386000	2	0.351995
2121	42000	386000	0	0.146671
2122	46000	386000	0	0.13003
2123	50000	386000	0	0.145474
2124	54000	386000	0	0.110767
2125	58000	386000	0	0.1247
2126	62000	386000	0	0.148305
2127	74000	386000	0	0.140245
2128	78000	386000	0	0.083719
2129	82000	386000	18	0.129056
2130	86000	386000	13	0.106465
2131	90000	386000	12	0.161268
2132	94000	386000	13	0.158384
2133	98000	386000	12	0.112281
2134	102000	386000	10	0.12981
2135	106000	386000	10	0.123444
2136	110000	386000	9	0.156498
2137	114000	386000	13	0.113698
2138	118000	386000	16	0.125134
2139	122000	386000	22	0.115477
2140	126000	386000	24	0.12832
2141	130000	386000	23	0.110204
2142	134000	386000	25	0.046716
2143	138000	386000	18	0.120416
2144	142000	386000	17	0.121896
2145	146000	386000	19	0.104519
2146	150000	386000	22	0.051406
2147	154000	386000	19	0.326157
2148	158000	386000	19	0.269192
2149	162000	386000	18	0.246539
2150	166000	386000	18	0.187111
2151	170000	386000	18	0.141529
2152	174000	386000	18	0.321242
2153	178000	386000	21	0.210649
2154	182000	386000	26	0.169007
2155	186000	386000	28	0.149238
2156	190000	386000	31	0.114579
2157	194000	386000	30	0.109716
2158	198000	386000	27	0.097474
2159	202000	386000	24	0.148209
2160	206000	386000	23	0.092803
2161	210000	386000	20	0.085892
2162	214000	386000	31	0.132086
2163	26000	382000	0	0.090424
2164	30000	382000	0	0.075761
2165	38000	382000	0	0.097475
2166	42000	382000	0	0.109748
2167	46000	382000	0	0.12613
2168	50000	382000	0	0.125707
2169	54000	382000	0	0.073085
2170	58000	382000	0	0.067386
2171	62000	382000	0	0.084946
2172	66000	382000	0	0.126453
2173	70000	382000	1	0.123846
2174	74000	382000	0	0.130692
2175	78000	382000	0	0.128011
2176	82000	382000	20	0.112373
2177	86000	382000	19	0.082004
2178	98000	382000	13	0.11332
2179	102000	382000	12	0.133061
2180	106000	382000	12	0.125391
2181	110000	382000	14	0.146902
2182	114000	382000	15	0.11824
2183	118000	382000	18	0.117122
2184	122000	382000	25	0.120858
2185	126000	382000	26	0.120686
2186	130000	382000	26	0.117568
2187	134000	382000	28	0.085858
2188	138000	382000	27	0.047222
2189	142000	382000	24	0.076069
2190	146000	382000	23	0.09587
2191	150000	382000	26	0.075268
2192	154000	382000	22	0.215622
2193	158000	382000	19	0.348144
2194	162000	382000	20	0.267435
2195	166000	382000	20	0.23582
2196	170000	382000	24	0.072585
2197	174000	382000	23	0.090085
2198	178000	382000	22	0.11407
2199	182000	382000	25	0.127739
2200	186000	382000	29	0.123161
2201	190000	382000	32	0.057652
2202	194000	382000	31	0.110954
2203	198000	382000	28	0.12666
2204	202000	382000	25	0.147531
2205	206000	382000	24	0.126586
2206	210000	382000	20	0.109468
2207	214000	382000	23	0.144799
2208	14000	378000	0	0.072653
2209	18000	378000	1	0.100663
2210	22000	378000	0	0.12324
2211	26000	378000	0	0.136507
2212	30000	378000	0	0.12044
2213	34000	378000	0	0.087033
2214	38000	378000	0	0.067715
2215	42000	378000	0	0.063444
2216	46000	378000	0	0.078372
2217	50000	378000	0	0.072278
2218	54000	378000	0	0.065194
2219	58000	378000	0	0.131189
2220	62000	378000	0	0.080284
2221	66000	378000	0	0.065264
2222	70000	378000	0	0.07053
2223	74000	378000	0	0.097512
2224	78000	378000	0	0.159894
2225	82000	378000	12	0.098964
2226	86000	378000	22	0.010694
2227	122000	378000	24	0.120866
2228	134000	378000	33	0.056302
2229	138000	378000	27	0.122937
2230	142000	378000	28	0.137118
2231	146000	378000	26	0.134201
2232	150000	378000	26	0.113219
2233	154000	378000	25	0.115269
2234	158000	378000	20	0.164748
2235	162000	378000	24	0.087157
2236	166000	378000	24	0.088601
2237	170000	378000	23	0.054727
2238	174000	378000	25	0.055976
2239	178000	378000	25	0.206196
2240	182000	378000	25	0.134687
2241	186000	378000	28	0.1157
2242	190000	378000	32	0.090477
2243	194000	378000	33	0.091396
2244	198000	378000	30	0.10933
2245	202000	378000	27	0.173467
2246	206000	378000	24	0.294752
2247	210000	378000	22	0.250937
2248	214000	378000	35	0.115316
2249	14000	374000	1	0.126329
2250	18000	374000	0	0.126368
2251	22000	374000	0	0.13417
2252	26000	374000	0	0.130987
2253	30000	374000	0	0.127518
2254	34000	374000	0	0.126799
2255	38000	374000	0	0.121645
2256	42000	374000	0	0.316415
2257	46000	374000	0	0.231865
2258	50000	374000	0	0.097026
2259	54000	374000	0	0.123259
2260	58000	374000	0	0.12249
2261	62000	374000	0	0.124579
2262	66000	374000	0	0.097948
2263	70000	374000	2	0.064153
2264	74000	374000	1	0.085286
2265	82000	374000	4	0.164757
2266	86000	374000	12	0.125241
2267	138000	374000	30	0.136768
2268	142000	374000	31	0.168774
2269	146000	374000	30	0.142768
2270	150000	374000	29	0.175186
2271	154000	374000	28	0.101059
2272	158000	374000	24	0.150413
2273	162000	374000	26	0.134407
2274	166000	374000	26	0.084967
2275	170000	374000	25	0.108102
2276	174000	374000	26	0.090943
2277	178000	374000	26	0.135437
2278	182000	374000	26	0.109854
2279	186000	374000	28	0.089688
2280	190000	374000	33	0.131589
2281	194000	374000	34	0.126692
2282	198000	374000	30	0.125086
2283	202000	374000	28	0.123681
2284	206000	374000	22	0.184213
2285	210000	374000	36	0.218449
2286	214000	374000	45	0.088055
2287	14000	370000	0	0.145378
2288	18000	370000	0	0.125566
2289	22000	370000	0	0.124036
2290	26000	370000	0	0.126083
2291	30000	370000	0	0.129136
2292	34000	370000	0	0.126358
2293	38000	370000	0	0.114119
2294	42000	370000	0	0.127908
2295	46000	370000	0	0.273173
2296	50000	370000	0	0.143356
2297	54000	370000	0	0.129381
2298	58000	370000	0	0.12792
2299	62000	370000	0	0.124158
2300	66000	370000	0	0.126122
2301	70000	370000	1	0.123513
2302	138000	370000	28	0.138308
2303	142000	370000	39	0.049417
2304	146000	370000	40	0.021994
2305	150000	370000	32	0.125895
2306	154000	370000	29	0.142828
2307	158000	370000	29	0.060493
2308	162000	370000	28	0.058199
2309	166000	370000	25	0.086865
2310	170000	370000	28	0.118652
2311	174000	370000	33	0.066911
2312	178000	370000	27	0.116221
2313	182000	370000	28	0.122103
2314	186000	370000	29	0.115638
2315	190000	370000	31	0.104234
2316	194000	370000	32	0.151758
2317	198000	370000	34	0.135355
2318	202000	370000	28	0.098184
2319	206000	370000	23	0.167909
2320	210000	370000	50	0.151938
2321	18000	366000	0	0.136731
2322	22000	366000	0	0.127198
2323	26000	366000	0	0.124028
2324	38000	366000	0	0.131849
2325	42000	366000	0	0.132502
2326	46000	366000	0	0.225719
2327	50000	366000	0	0.150527
2328	54000	366000	0	0.131284
2329	58000	366000	1	0.119734
2330	62000	366000	1	0.175707
2331	66000	366000	1	0.136377
2332	142000	366000	41	0.058958
2333	146000	366000	41	0.062868
2334	150000	366000	36	0.107734
2335	154000	366000	34	0.094096
2336	158000	366000	31	0.092827
2337	162000	366000	31	0.089332
2338	166000	366000	30	0.10419
2339	170000	366000	30	0.112527
2340	174000	366000	34	0.063609
2341	178000	366000	31	0.17604
2342	182000	366000	32	0.14522
2343	186000	366000	30	0.107938
2344	190000	366000	30	0.09351
2345	194000	366000	29	0.096472
2346	198000	366000	28	0.11851
2347	202000	366000	25	0.144163
2348	206000	366000	26	0.084774
2349	22000	362000	1	0.133438
2350	42000	362000	0	0.183122
2351	46000	362000	0	0.189549
2352	50000	362000	1	0.114927
2353	54000	362000	1	0.128678
2354	58000	362000	2	0.130396
2355	62000	362000	5	0.130827
2356	146000	362000	45	0.108013
2357	150000	362000	45	0.135711
2358	166000	362000	34	0.191149
2359	170000	362000	33	0.11506
2360	174000	362000	35	0.17827
2361	178000	362000	33	0.234587
2362	182000	362000	30	0.118693
2363	186000	362000	29	0.121103
2364	190000	362000	28	0.132934
2365	194000	362000	28	0.103996
2366	198000	362000	20	0.127187
2367	202000	362000	26	0.12468
2368	46000	358000	3	0.204337
2369	50000	358000	2	0.129967
2370	54000	358000	2	0.119297
2371	170000	358000	35	0.078272
2372	174000	358000	32	0.093773
2373	178000	358000	31	0.131452
2374	182000	358000	29	0.119741
2375	186000	358000	28	0.127756
2376	190000	358000	28	0.085262
2377	194000	358000	24	0.160476
2378	198000	358000	22	0.26263
2379	202000	358000	30	0.08198
2380	174000	354000	34	0.094862
2381	178000	354000	31	0.141855
2382	182000	354000	30	0.128059
2383	186000	354000	28	0.158114
2384	190000	354000	23	0.136663
2385	194000	354000	20	0.125824
2386	198000	354000	24	0.197283
2387	202000	354000	31	0.169511
2388	206000	354000	66	0.012919
2389	210000	354000	83	0.037924
2390	186000	350000	23	0.12066
2391	190000	350000	26	0.174415
2392	194000	350000	28	0.123822
2393	198000	350000	29	0.105689
2394	202000	350000	29	0.140476
2395	206000	350000	42	0.06064
2396	186000	346000	25	0.127008
2397	190000	346000	29	0.197576
2398	194000	346000	29	0.115845
2399	198000	346000	37	0.08829
2400	202000	346000	33	0.144831
2401	182000	342000	30	0.136047
2402	186000	342000	28	0.204421
2403	190000	342000	32	0.137812
2404	194000	342000	49	0.116249
2405	182000	338000	32	0.126556
2406	186000	338000	35	0.203237
2407	190000	338000	39	0.196525
2408	194000	338000	55	0.132465
2409	182000	334000	47	0.251417
2410	186000	334000	56	0.233016
2411	190000	334000	54	0.19709
2412	194000	334000	62	0.108949
2413	198000	334000	72	0.13092
2414	178000	330000	39	0.207293
2415	182000	330000	63	0.349385
2416	186000	330000	67	0.276686
2417	190000	330000	95	0.140099
2418	194000	330000	87	0.150461
2419	198000	330000	79	0.209147
2420	178000	326000	41	0.151066
2421	182000	326000	104	0.218037
2422	186000	326000	115	0.140642
2423	190000	326000	89	0.167443
2424	194000	326000	92	0.248157
2425	198000	326000	106	0.109225
2426	202000	326000	123	0.176493
2427	174000	322000	59	0.234074
2428	178000	322000	45	0.251516
2429	182000	322000	95	0.146655
2430	186000	322000	128	0.13731
2431	190000	322000	109	0.135423
2432	194000	322000	93	0.197069
2433	198000	322000	138	0.210821
2434	202000	322000	132	0.262025
2435	174000	318000	71	0.219201
2436	178000	318000	50	0.28735
2437	182000	318000	113	0.120294
2438	186000	318000	137	0.123587
2439	190000	318000	119	0.133169
2440	194000	318000	170	0.126735
2441	198000	318000	170	0.29589
2442	202000	318000	158	0.198552
2443	174000	314000	90	0.135397
2444	178000	314000	50	0.206409
2445	182000	314000	128	0.115405
2446	186000	314000	165	0.144478
2447	190000	314000	134	0.127182
2448	194000	314000	134	0.129225
2449	198000	314000	177	0.131932
2450	178000	310000	56	0.137604
2451	182000	310000	130	0.121146
2452	186000	310000	179	0.126046
2453	190000	310000	188	0.094117
2454	194000	310000	162	0.099331
2455	198000	310000	196	0.12436
2456	178000	306000	74	0.195558
2457	186000	306000	199	0.117553
2458	190000	306000	207	0.10919
2459	194000	306000	178	0.147659
2460	198000	306000	231	0.114782
