ID	XLAMB	YLAMB	ALT	BETA
1	24000	174000	16.5	0.1896
2	24000	178000	8.1	0.2007
3	24000	182000	14.0	0.1835
4	24000	190000	0.0	0.2223
5	24000	194000	-0.3	0.1903
6	24000	198000	3.9	0.2356
7	24000	202000	0.6	0.0565
8	28000	170000	29.4	0.2165
9	28000	174000	18.2	0.309
10	28000	178000	8.7	0.3193
11	28000	182000	6.6	0.2849
12	28000	186000	10.5	0.2543
13	28000	190000	4.9	0.3159
14	28000	194000	0.1	0.2643
15	28000	198000	1.6	0.5497
16	28000	202000	5.0	0.3249
17	32000	166000	69.5	0.2486
18	32000	170000	31.6	0.2689
19	32000	174000	29.1	0.331
20	32000	178000	14.6	0.3151
21	32000	182000	2.5	0.3314
22	32000	186000	7.7	0.2814
23	32000	190000	5.0	0.324
24	32000	194000	0.5	0.3541
25	32000	198000	1.1	0.6016
26	32000	202000	3.7	0.4337
27	32000	206000	1.2	0.0468
28	36000	162000	48.8	0.274
29	36000	166000	69.7	0.3668
30	36000	170000	32.1	0.3148
31	36000	174000	18.7	0.4374
32	36000	178000	11.2	0.3183
33	36000	182000	3.1	0.4383
34	36000	186000	1.3	0.3774
35	36000	190000	0.8	0.36
36	36000	194000	0.4	0.3248
37	36000	198000	0.2	0.2803
38	36000	202000	0.9	0.492
39	36000	206000	2.7	0.4085
40	40000	158000	20.1	0.3058
41	40000	162000	48.7	0.3908
42	40000	166000	55.9	0.3511
43	40000	170000	24.1	0.3224
44	40000	174000	17.1	0.3675
45	40000	178000	11.0	0.3525
46	40000	182000	3.2	0.3878
47	40000	186000	0.2	0.4512
48	40000	190000	0.0	0.4052
49	40000	194000	0.0	0.3801
50	40000	198000	0.1	0.3232
51	40000	202000	0.2	0.3086
52	40000	206000	0.6	0.4018
53	40000	210000	1.1	0.1415
54	44000	154000	16.4	0.6162
55	44000	158000	17.9	0.341
56	44000	162000	37.4	0.3251
57	44000	166000	45.0	0.3628
58	44000	170000	23.3	0.4558
59	44000	174000	15.6	0.5998
60	44000	178000	10.5	0.3918
61	44000	182000	3.8	0.3884
62	44000	186000	2.4	0.386
63	44000	190000	2.6	0.5026
64	44000	194000	0.9	0.4934
65	44000	198000	0.3	0.3913
66	44000	202000	0.0	0.3298
67	44000	206000	0.2	0.4156
68	44000	210000	1.1	0.5785
69	44000	214000	0.2	0.0306
70	48000	154000	16.7	0.3386
71	48000	158000	16.0	0.4068
72	48000	162000	27.7	0.3434
73	48000	166000	40.5	0.396
74	48000	170000	37.0	0.406
75	48000	174000	22.4	0.3722
76	48000	178000	13.4	0.4308
77	48000	182000	12.4	0.374
78	48000	186000	12.7	0.44
79	48000	190000	15.3	0.3491
80	48000	194000	4.0	0.4331
81	48000	198000	5.7	0.3784
82	48000	202000	0.3	0.3833
83	48000	206000	0.2	0.3701
84	48000	210000	1.1	0.5852
85	48000	214000	3.3	0.6927
86	52000	162000	16.3	0.4545
87	52000	166000	19.8	0.4323
88	52000	170000	42.7	0.4255
89	52000	174000	35.8	0.4555
90	52000	178000	23.0	0.3496
91	52000	182000	19.6	0.3786
92	52000	186000	23.1	0.4288
93	52000	190000	6.2	0.4077
94	52000	194000	9.8	0.3147
95	52000	198000	12.8	0.4417
96	52000	202000	2.8	0.4102
97	52000	206000	1.4	0.4977
98	52000	210000	0.7	0.4909
99	52000	214000	2.1	0.8534
100	52000	218000	0.8	0.1171
101	56000	162000	19.6	0.5062
102	56000	166000	19.3	0.472
103	56000	170000	28.7	0.4411
104	56000	174000	33.4	0.3825
105	56000	178000	36.0	0.4159
106	56000	182000	28.3	0.4044
107	56000	186000	19.6	0.4203
108	56000	190000	13.7	0.5176
109	56000	194000	14.1	0.3892
110	56000	198000	29.2	0.4782
111	56000	202000	8.4	0.5089
112	56000	206000	3.7	0.5067
113	56000	210000	1.2	0.5109
114	56000	214000	0.1	0.4113
115	56000	218000	2.3	0.3862
116	56000	222000	0.1	0
117	60000	162000	25.6	0.3985
118	60000	166000	15.8	0.5975
119	60000	170000	23.3	0.3878
120	60000	174000	23.2	0.4043
121	60000	178000	29.0	0.4304
122	60000	182000	21.7	0.556
123	60000	186000	27.5	0.4888
124	60000	190000	17.9	0.3816
125	60000	194000	13.9	0.4629
126	60000	198000	30.7	0.5674
127	60000	202000	18.8	0.5048
128	60000	206000	10.0	0.539
129	60000	210000	2.2	0.709
130	60000	214000	0.1	0.3931
131	60000	218000	0.4	0.3323
132	60000	222000	1.0	0.2176
133	64000	162000	31.4	0.5901
134	64000	166000	16.3	0.6131
135	64000	170000	17.2	0.4238
136	64000	174000	20.1	0.4567
137	64000	178000	22.1	0.5448
138	64000	182000	19.4	0.8008
139	64000	186000	22.3	0.5631
140	64000	190000	29.3	0.5299
141	64000	194000	17.6	0.5143
142	64000	198000	21.8	0.514
143	64000	202000	13.0	0.6054
144	64000	206000	13.4	0.4293
145	64000	210000	9.6	0.5287
146	64000	214000	0.1	0.4083
147	64000	218000	0.2	0.3899
148	64000	222000	1.4	0.5609
149	64000	226000	0.2	0.0143
150	68000	158000	33.5	0.7178
151	68000	162000	40.2	0.6506
152	68000	166000	22.9	0.7152
153	68000	170000	16.4	0.8735
154	68000	174000	25.6	0.4732
155	68000	178000	19.6	0.6168
156	68000	182000	18.0	0.5577
157	68000	186000	23.1	0.4372
158	68000	190000	35.3	0.4593
159	68000	194000	25.4	0.4836
160	68000	198000	15.2	0.4981
161	68000	202000	13.4	0.479
162	68000	206000	6.5	0.658
163	68000	210000	8.9	0.7852
164	68000	214000	2.0	0.6786
165	68000	218000	1.6	0.5405
166	68000	222000	1.5	0.5208
167	68000	226000	2.3	0.8369
168	72000	134000	40.9	0.3228
169	72000	138000	52.2	0.3349
170	72000	142000	50.9	0.3349
171	72000	146000	31.2	0.329
172	72000	150000	26.2	0.3769
173	72000	154000	21.8	0.3876
174	72000	158000	28.4	0.43
175	72000	162000	33.1	0.5418
176	72000	166000	34.2	0.7611
177	72000	170000	15.5	0.901
178	72000	174000	18.5	0.5924
179	72000	178000	18.6	0.5356
180	72000	182000	17.1	0.4291
181	72000	186000	23.1	0.4043
182	72000	190000	32.8	0.4317
183	72000	194000	26.7	0.4747
184	72000	198000	15.4	0.4553
185	72000	202000	12.0	0.5127
186	72000	206000	5.9	0.6159
187	72000	210000	5.4	0.7566
188	72000	214000	2.4	0.568
189	72000	218000	0.7	0.503
190	72000	222000	1.8	0.5619
191	72000	226000	2.2	0.5901
192	76000	134000	31.5	0.2998
193	76000	138000	51.3	0.4084
194	76000	142000	53.5	0.3373
195	76000	146000	32.9	0.7001
196	76000	150000	18.4	0.4012
197	76000	154000	16.1	0.3672
198	76000	158000	17.5	0.5053
199	76000	162000	39.6	0.3146
200	76000	166000	30.2	0.543
201	76000	170000	15.2	0.769
202	76000	174000	13.6	0.5763
203	76000	178000	14.6	0.534
204	76000	182000	20.0	0.4241
205	76000	186000	25.9	0.457
206	76000	190000	29.5	0.4364
207	76000	194000	20.2	0.481
208	76000	198000	20.2	0.4323
209	76000	202000	15.9	0.4448
210	76000	206000	6.0	0.5013
211	76000	210000	6.6	0.4928
212	76000	214000	0.8	0.5045
213	76000	218000	1.0	0.4153
214	76000	222000	0.8	0.379
215	76000	226000	4.1	0.5661
216	76000	230000	0.2	0.0145
217	80000	130000	18.6	0.3944
218	80000	134000	32.7	0.3421
219	80000	138000	40.0	0.3662
220	80000	142000	45.5	0.3996
221	80000	146000	22.5	0.785
222	80000	150000	37.4	0.3882
223	80000	154000	23.4	0.2994
224	80000	158000	13.9	0.2978
225	80000	162000	29.5	0.3771
226	80000	166000	34.3	0.3845
227	80000	170000	16.7	0.5929
228	80000	174000	13.7	0.5644
229	80000	178000	11.2	0.6644
230	80000	182000	12.6	0.4313
231	80000	186000	16.5	0.4191
232	80000	190000	22.8	0.4246
233	80000	194000	14.6	0.3998
234	80000	198000	21.6	0.4104
235	80000	202000	10.0	0.5361
236	80000	206000	13.1	0.5018
237	80000	210000	9.8	0.4469
238	80000	214000	1.3	0.4829
239	80000	218000	0.3	0.3909
240	80000	222000	0.9	0.3369
241	80000	226000	1.3	0.3256
242	80000	230000	1.0	0.0804
243	84000	134000	19.3	0.4051
244	84000	138000	24.0	0.4166
245	84000	142000	27.3	0.7999
246	84000	146000	29.4	0.6173
247	84000	150000	47.5	0.3312
248	84000	154000	28.2	0.2772
249	84000	158000	17.6	0.2963
250	84000	162000	14.5	0.512
251	84000	166000	26.5	0.384
252	84000	170000	27.8	0.5302
253	84000	174000	15.5	0.7352
254	84000	178000	9.3	0.6331
255	84000	182000	9.6	0.4337
256	84000	186000	12.5	0.4578
257	84000	190000	16.0	0.4123
258	84000	194000	12.6	0.4914
259	84000	198000	13.8	0.5992
260	84000	202000	10.5	0.5056
261	84000	206000	14.5	0.4623
262	84000	210000	8.0	0.532
263	84000	214000	2.0	0.49
264	84000	218000	0.3	0.3164
265	88000	130000	19.5	0.4185
266	88000	134000	26.8	0.3573
267	88000	138000	39.4	0.4179
268	88000	142000	51.8	0.5501
269	88000	146000	45.5	0.497
270	88000	150000	49.1	0.3334
271	88000	154000	33.8	0.2463
272	88000	158000	24.8	0.3531
273	88000	162000	43.4	0.4329
274	88000	166000	21.0	0.4679
275	88000	170000	44.1	0.4948
276	88000	174000	35.7	0.4956
277	88000	178000	18.7	0.6435
278	88000	182000	8.9	0.5042
279	88000	186000	7.4	0.4178
280	88000	190000	11.1	0.4399
281	88000	194000	11.8	0.4431
282	88000	198000	8.9	0.5273
283	88000	202000	12.4	0.5131
284	88000	206000	18.6	0.5314
285	88000	210000	9.2	0.6274
286	88000	214000	1.4	0.4623
287	92000	130000	26.8	0.4827
288	92000	134000	27.7	0.4637
289	92000	138000	46.6	0.3354
290	92000	142000	60.9	0.3855
291	92000	146000	65.2	0.2836
292	92000	150000	43.4	0.3225
293	92000	154000	36.1	0.3318
294	92000	158000	25.4	0.3853
295	92000	162000	72.1	0.4313
296	92000	166000	16.6	0.4339
297	92000	170000	30.4	0.3949
298	92000	174000	49.3	0.3621
299	92000	178000	35.8	0.3623
300	92000	182000	10.2	0.539
301	92000	186000	7.4	0.6425
302	92000	190000	8.0	0.4671
303	92000	194000	7.2	0.5288
304	92000	198000	5.6	0.5193
305	92000	202000	12.4	0.5037
306	92000	206000	5.7	0.5083
307	92000	210000	4.3	0.5972
308	92000	214000	1.2	0.5194
309	92000	218000	0.2	0.2691
310	92000	222000	0.0	0.1841
311	96000	130000	32.7	0.3717
312	96000	134000	40.0	0.4721
313	96000	138000	52.3	0.4668
314	96000	142000	53.6	0.4044
315	96000	146000	59.4	0.345
316	96000	150000	45.3	0.3796
317	96000	154000	74.6	0.3893
318	96000	158000	41.6	0.5745
319	96000	162000	69.3	0.521
320	96000	166000	49.1	0.4463
321	96000	170000	19.8	0.6741
322	96000	174000	19.8	0.541
323	96000	178000	16.4	0.4117
324	96000	182000	7.9	0.5494
325	96000	186000	8.2	0.5033
326	96000	190000	9.3	0.5487
327	96000	194000	6.2	0.5515
328	96000	198000	5.2	0.5187
329	96000	202000	4.6	0.4929
330	96000	206000	5.5	0.5573
331	96000	210000	4.6	0.4969
332	96000	214000	1.0	0.4536
333	96000	218000	0.2	0.2851
334	96000	222000	0.1	0.2251
335	100000	110000	102.2	0.32
336	100000	114000	84.0	0.3354
337	100000	118000	53.3	0.2997
338	100000	122000	27.9	0.5616
339	100000	126000	17.8	0.3834
340	100000	130000	26.3	0.4223
341	100000	134000	49.1	0.4598
342	100000	138000	63.6	0.3669
343	100000	142000	51.4	0.3909
344	100000	146000	50.6	0.3625
345	100000	150000	69.3	0.4268
346	100000	154000	88.3	0.3663
347	100000	158000	77.1	0.5206
348	100000	162000	94.3	0.4432
349	100000	166000	51.1	0.3735
350	100000	170000	64.3	0.4211
351	100000	174000	15.5	0.4251
352	100000	178000	12.4	0.5207
353	100000	182000	12.3	0.5746
354	100000	186000	7.2	0.6124
355	100000	190000	7.1	0.6772
356	100000	194000	5.6	0.5944
357	100000	198000	5.5	0.581
358	100000	202000	4.9	0.4861
359	100000	206000	6.3	0.4187
360	100000	210000	4.8	0.4739
361	100000	214000	0.9	0.4549
362	100000	218000	0.2	0.2818
363	100000	222000	0.1	0.1937
364	104000	110000	123.2	0.3993
365	104000	114000	99.7	0.35
366	104000	118000	72.8	0.3516
367	104000	122000	41.0	0.3409
368	104000	126000	21.1	0.5773
369	104000	130000	41.6	0.3598
370	104000	134000	68.5	0.2589
371	104000	138000	62.0	0.3945
372	104000	142000	56.3	0.3114
373	104000	146000	49.5	0.3891
374	104000	150000	60.0	0.4237
375	104000	154000	52.7	0.421
376	104000	158000	52.5	0.4829
377	104000	162000	94.2	0.3483
378	104000	166000	83.0	0.4545
379	104000	170000	68.8	0.407
380	104000	174000	31.9	0.4024
381	104000	178000	35.6	0.4152
382	104000	182000	29.8	0.4689
383	104000	186000	9.0	0.5789
384	104000	190000	7.7	0.9006
385	104000	194000	9.0	0.9648
386	104000	198000	5.9	0.8788
387	104000	202000	5.0	0.5384
388	104000	206000	4.8	0.4341
389	104000	210000	4.5	0.4863
390	104000	214000	1.0	0.4036
391	104000	218000	0.3	0.2687
392	108000	114000	120.4	0.414
393	108000	118000	117.7	0.3917
394	108000	122000	69.9	0.5591
395	108000	126000	24.9	0.6606
396	108000	130000	42.5	0.5488
397	108000	134000	74.8	0.4299
398	108000	138000	59.5	0.4363
399	108000	142000	53.7	0.3631
400	108000	146000	41.7	0.5817
401	108000	150000	39.0	0.4555
402	108000	154000	40.8	0.4218
403	108000	158000	38.6	0.4372
404	108000	162000	77.6	0.4304
405	108000	166000	51.3	0.5157
406	108000	170000	59.9	0.4897
407	108000	174000	40.6	0.4599
408	108000	178000	49.2	0.4196
409	108000	182000	31.3	0.4959
410	108000	186000	20.3	0.5781
411	108000	190000	10.0	0.8869
412	108000	194000	6.8	0.7692
413	108000	198000	6.3	0.7931
414	108000	202000	5.1	0.8425
415	108000	206000	4.0	0.6522
416	108000	210000	4.8	0.5149
417	108000	214000	0.7	0.3612
418	108000	218000	0.4	0.2454
419	112000	114000	139.8	0.4009
420	112000	118000	136.2	0.2963
421	112000	122000	84.0	0.505
422	112000	126000	29.2	0.9434
423	112000	130000	49.1	0.4434
424	112000	134000	79.5	0.3234
425	112000	138000	67.1	0.417
426	112000	142000	52.9	0.7282
427	112000	146000	51.8	0.418
428	112000	150000	37.0	0.4621
429	112000	154000	28.4	0.6115
430	112000	158000	28.8	0.4682
431	112000	162000	41.7	0.4728
432	112000	166000	42.4	0.4751
433	112000	170000	71.5	0.5131
434	112000	174000	64.7	0.611
435	112000	178000	56.2	0.4538
436	112000	182000	36.9	0.4479
437	112000	186000	16.9	0.6583
438	112000	190000	5.3	0.5644
439	112000	194000	5.6	0.6525
440	112000	198000	5.0	0.5856
441	112000	202000	4.0	0.582
442	112000	206000	5.9	0.8032
443	112000	210000	4.7	0.5483
444	116000	114000	149.0	0.2825
445	116000	118000	128.7	0.3283
446	116000	122000	93.9	0.6074
447	116000	126000	42.6	0.8615
448	116000	130000	44.2	0.4754
449	116000	134000	75.2	0.4172
450	116000	138000	67.6	0.3663
451	116000	142000	61.9	0.3596
452	116000	146000	62.6	0.2977
453	116000	150000	47.9	0.4653
454	116000	154000	45.3	0.4471
455	116000	158000	29.6	0.4578
456	116000	162000	39.0	0.5395
457	116000	166000	27.2	0.4926
458	116000	170000	55.7	0.5021
459	116000	174000	59.3	0.4974
460	116000	178000	52.1	0.5183
461	116000	182000	30.6	0.4661
462	116000	186000	13.6	0.5205
463	116000	190000	5.0	0.6202
464	116000	194000	4.9	0.5472
465	116000	198000	5.2	0.4927
466	116000	202000	4.5	0.4837
467	116000	206000	4.0	0.4363
468	116000	210000	2.6	0.4495
469	116000	214000	1.2	0.2705
470	120000	114000	140.2	0.2583
471	120000	118000	94.5	0.3258
472	120000	122000	61.1	0.3764
473	120000	126000	37.8	0.8217
474	120000	130000	43.5	0.5129
475	120000	134000	86.9	0.4641
476	120000	138000	76.4	0.3569
477	120000	142000	74.1	0.3401
478	120000	146000	82.9	0.3328
479	120000	150000	59.9	0.397
480	120000	154000	52.5	0.4029
481	120000	158000	36.0	0.4765
482	120000	162000	46.4	0.4559
483	120000	166000	21.8	0.4879
484	120000	170000	41.0	0.4936
485	120000	174000	55.3	0.4885
486	120000	178000	40.1	0.5614
487	120000	182000	29.6	0.5271
488	120000	186000	15.0	0.4729
489	120000	190000	4.0	0.5511
490	120000	194000	4.0	0.5151
491	120000	198000	3.8	0.4884
492	120000	202000	3.4	0.4759
493	120000	206000	3.0	0.4644
494	120000	210000	3.3	0.3571
495	120000	214000	1.3	0.2952
496	124000	114000	127.1	0.3217
497	124000	118000	72.6	0.2862
498	124000	122000	58.3	0.4847
499	124000	126000	57.3	0.4404
500	124000	130000	55.2	0.5823
501	124000	134000	96.4	0.4896
502	124000	138000	92.5	0.3951
503	124000	142000	84.9	0.4674
504	124000	146000	86.2	0.3668
505	124000	150000	69.0	0.322
506	124000	154000	51.6	0.4236
507	124000	158000	42.6	0.4927
508	124000	162000	46.9	0.4487
509	124000	166000	41.1	0.4589
510	124000	170000	24.4	0.5362
511	124000	174000	38.1	0.5288
512	124000	178000	34.6	0.6067
513	124000	182000	17.2	0.5771
514	124000	186000	9.7	0.5607
515	124000	190000	4.1	0.5399
516	124000	194000	3.4	0.5136
517	124000	198000	3.6	0.6148
518	124000	202000	4.0	0.5439
519	124000	206000	3.5	0.4238
520	124000	210000	4.8	0.432
521	124000	214000	2.8	0.3891
522	128000	110000	139.0	0.4467
523	128000	114000	135.0	0.3376
524	128000	118000	107.0	0.326
525	128000	122000	85.4	0.2207
526	128000	126000	73.2	0.3598
527	128000	130000	72.5	0.5982
528	128000	134000	104.0	0.3385
529	128000	138000	96.9	0.5251
530	128000	142000	84.6	0.5061
531	128000	146000	75.1	0.3641
532	128000	150000	69.0	0.4866
533	128000	154000	60.0	0.5582
534	128000	158000	47.3	0.4541
535	128000	162000	50.7	0.4507
536	128000	166000	36.9	0.4835
537	128000	170000	24.1	0.6359
538	128000	174000	20.3	0.5645
539	128000	178000	17.6	0.6953
540	128000	182000	13.5	0.7535
541	128000	186000	5.3	0.556
542	128000	190000	3.7	0.5458
543	128000	194000	3.1	0.5801
544	128000	198000	3.2	0.5721
545	128000	202000	12.7	0.4949
546	128000	206000	6.2	0.4854
547	128000	210000	5.2	0.5486
548	128000	214000	5.9	0.5316
549	128000	218000	2.0	0.4123
550	132000	74000	240.5	0.3086
551	132000	78000	246.1	0.2759
552	132000	82000	232.4	0.4233
553	132000	90000	206.0	0.2468
554	132000	94000	224.7	0.3656
555	132000	106000	192.8	0.2783
556	132000	110000	147.2	0.5307
557	132000	114000	150.8	0.2389
558	132000	118000	136.5	0.2801
559	132000	122000	79.5	0.3473
560	132000	126000	63.2	0.4406
561	132000	130000	93.3	0.6185
562	132000	134000	123.9	0.3371
563	132000	138000	106.4	0.4434
564	132000	142000	98.2	0.4168
565	132000	146000	84.7	0.3874
566	132000	150000	69.6	0.497
567	132000	154000	63.2	0.4854
568	132000	158000	63.3	0.438
569	132000	162000	54.7	0.4692
570	132000	166000	57.1	0.4831
571	132000	170000	51.3	0.5357
572	132000	174000	21.5	0.5749
573	132000	178000	42.3	0.5209
574	132000	182000	27.6	0.5406
575	132000	186000	8.1	0.5277
576	132000	190000	3.5	0.6489
577	132000	194000	2.3	0.5727
578	132000	198000	3.1	0.5555
579	132000	202000	24.0	0.5268
580	132000	206000	14.1	0.5681
581	132000	210000	5.9	0.4567
582	132000	214000	1.8	0.4054
583	132000	218000	1.7	0.35
584	136000	70000	259.3	0.0365
585	136000	74000	265.7	0.269
586	136000	78000	265.4	0.4033
587	136000	82000	223.8	0.4602
588	136000	86000	199.5	0.1593
589	136000	90000	214.0	0.2611
590	136000	94000	235.5	0.3797
591	136000	98000	216.1	0.4548
592	136000	102000	197.1	0.4129
593	136000	106000	175.0	0.4148
594	136000	110000	144.0	0.4258
595	136000	114000	157.3	0.3168
596	136000	118000	167.4	0.2789
597	136000	122000	107.8	0.4942
598	136000	126000	83.8	0.4583
599	136000	130000	116.1	0.8231
600	136000	134000	121.7	0.3332
601	136000	138000	107.0	0.431
602	136000	142000	108.9	0.4046
603	136000	146000	109.3	0.3664
604	136000	150000	71.8	0.488
605	136000	154000	59.2	0.5344
606	136000	158000	59.0	0.4066
607	136000	162000	42.9	0.4293
608	136000	166000	49.1	0.4976
609	136000	170000	56.9	0.4977
610	136000	174000	27.8	0.5797
611	136000	178000	55.4	0.5202
612	136000	182000	40.6	0.4484
613	136000	186000	13.5	0.5382
614	136000	190000	6.8	0.6004
615	136000	194000	1.7	0.5267
616	136000	198000	1.7	0.5113
617	136000	202000	21.7	0.7501
618	136000	206000	19.8	0.6903
619	136000	210000	7.1	0.4546
620	136000	214000	1.4	0.4021
621	136000	218000	0.7	0.4162
622	136000	222000	1.2	0.2164
623	140000	70000	287.7	0.1723
624	140000	74000	281.5	0.4178
625	140000	78000	285.6	0.287
626	140000	82000	242.8	0.4715
627	140000	86000	211.2	0.305
628	140000	90000	236.2	0.2793
629	140000	94000	249.8	0.2559
630	140000	98000	228.7	0.3959
631	140000	102000	195.7	0.4332
632	140000	106000	198.2	0.3384
633	140000	110000	171.2	0.2254
634	140000	114000	149.8	0.3541
635	140000	118000	180.6	0.2792
636	140000	122000	154.9	0.4431
637	140000	126000	113.2	0.5398
638	140000	130000	140.8	0.6873
639	140000	134000	123.2	0.6112
640	140000	138000	116.2	0.5747
641	140000	142000	95.4	0.5777
642	140000	146000	94.3	0.6198
643	140000	150000	83.1	0.6467
644	140000	154000	61.9	0.539
645	140000	158000	49.1	0.6438
646	140000	162000	42.4	0.5458
647	140000	166000	50.3	0.491
648	140000	170000	52.3	0.5787
649	140000	174000	47.9	0.585
650	140000	178000	57.8	0.5365
651	140000	182000	32.9	0.4904
652	140000	186000	22.0	0.3991
653	140000	190000	9.8	0.5389
654	140000	194000	4.2	0.5117
655	140000	198000	3.3	0.4969
656	140000	202000	11.9	0.5971
657	140000	206000	17.3	0.4376
658	140000	210000	9.8	0.5436
659	140000	214000	1.9	0.6018
660	140000	218000	1.4	1.0043
661	140000	222000	0.4	0.3711
662	140000	226000	1.2	0.3861
663	140000	230000	1.1	0.593
664	144000	74000	300.4	0.3787
665	144000	78000	296.2	0.1935
666	144000	82000	247.5	0.4529
667	144000	86000	243.1	0.2091
668	144000	90000	246.4	0.1735
669	144000	94000	241.4	0.3603
670	144000	98000	227.3	0.3989
671	144000	102000	219.3	0.3879
672	144000	106000	190.8	0.3507
673	144000	110000	174.1	0.2284
674	144000	114000	162.8	0.4734
675	144000	118000	186.7	0.2926
676	144000	122000	178.9	0.5148
677	144000	126000	162.3	0.4703
678	144000	130000	151.1	0.5683
679	144000	134000	137.3	0.4718
680	144000	138000	117.5	0.5479
681	144000	142000	111.5	0.4906
682	144000	146000	124.4	0.3362
683	144000	150000	114.7	0.6188
684	144000	154000	103.6	0.4782
685	144000	158000	73.0	0.563
686	144000	162000	38.5	0.6952
687	144000	166000	28.9	0.9481
688	144000	170000	49.3	0.6944
689	144000	174000	50.9	0.8902
690	144000	178000	57.4	0.4717
691	144000	182000	39.0	0.4263
692	144000	186000	14.5	0.4807
693	144000	190000	8.3	0.4971
694	144000	194000	4.6	0.5367
695	144000	198000	2.4	0.5863
696	144000	202000	7.2	0.4607
697	144000	206000	9.2	0.4763
698	144000	210000	9.7	0.4738
699	144000	214000	2.0	0.8069
700	144000	218000	2.8	0.9803
701	144000	222000	2.8	1.0094
702	144000	226000	3.9	0.9236
703	144000	230000	2.2	0.6201
704	148000	70000	331.5	0.1518
705	148000	74000	316.9	0.2699
706	148000	78000	295.1	0.3229
707	148000	82000	242.8	0.4597
708	148000	86000	224.8	0.2037
709	148000	90000	261.1	0.329
710	148000	94000	252.5	0.4421
711	148000	98000	252.3	0.2751
712	148000	102000	235.1	0.2681
713	148000	106000	182.9	0.2881
714	148000	110000	166.7	0.2995
715	148000	114000	190.7	0.324
716	148000	118000	161.5	0.375
717	148000	122000	152.0	0.6185
718	148000	126000	169.4	0.5408
719	148000	130000	153.9	0.5863
720	148000	134000	142.2	0.3404
721	148000	138000	149.1	0.3326
722	148000	142000	135.4	0.6053
723	148000	146000	136.3	0.399
724	148000	150000	122.1	0.4306
725	148000	154000	101.3	0.511
726	148000	158000	99.6	0.5445
727	148000	162000	89.8	0.5818
728	148000	166000	66.8	0.8068
729	148000	170000	39.0	1.2695
730	148000	174000	36.2	0.9436
731	148000	178000	49.4	0.8838
732	148000	182000	35.5	0.5077
733	148000	186000	13.5	0.4592
734	148000	190000	7.8	0.6271
735	148000	194000	3.1	0.7022
736	148000	198000	3.1	0.7459
737	148000	202000	6.6	0.66
738	148000	206000	9.1	0.7229
739	148000	210000	4.4	0.8694
740	148000	214000	3.3	0.6866
741	148000	218000	2.8	0.8745
742	148000	222000	4.1	1.1000
743	148000	226000	4.6	0.651
744	148000	230000	9.7	0.4227
745	152000	70000	337.0	0.2401
746	152000	74000	328.4	0.1165
747	152000	78000	303.8	0.2224
748	152000	82000	232.5	0.4306
749	152000	86000	224.9	0.2903
750	152000	90000	246.0	0.0763
751	152000	94000	262.6	0.3292
752	152000	98000	238.5	0.2209
753	152000	102000	223.4	0.3734
754	152000	106000	191.6	0.3175
755	152000	110000	185.6	0.2966
756	152000	114000	187.4	0.374
757	152000	118000	153.8	0.69
758	152000	122000	118.9	0.8805
759	152000	126000	137.8	0.7176
760	152000	130000	140.4	0.521
761	152000	134000	141.1	0.4109
762	152000	138000	151.5	0.2766
763	152000	142000	144.5	0.2716
764	152000	146000	143.0	0.2803
765	152000	150000	128.8	0.4005
766	152000	154000	112.4	0.6091
767	152000	158000	120.0	0.5193
768	152000	162000	122.6	0.2695
769	152000	166000	93.7	0.7311
770	152000	170000	74.7	0.8505
771	152000	174000	39.7	1.1633
772	152000	178000	33.7	0.9066
773	152000	182000	18.2	0.6086
774	152000	186000	11.0	0.5013
775	152000	190000	6.2	0.4288
776	152000	194000	2.6	0.4655
777	152000	198000	13.4	0.6454
778	152000	202000	15.0	0.6945
779	152000	206000	12.9	0.7401
780	152000	210000	8.0	1.2064
781	152000	214000	5.3	0.8856
782	152000	218000	3.4	0.9952
783	152000	222000	2.5	0.8699
784	152000	226000	10.3	0.4888
785	152000	230000	21.5	0.1524
786	152000	234000	21.2	0.2353
787	152000	238000	13.7	0.4463
788	156000	70000	342.7	0.4933
789	156000	74000	354.4	0.1946
790	156000	78000	298.9	0.1246
791	156000	82000	237.0	0.452
792	156000	86000	189.1	0.429
793	156000	90000	220.1	0.1487
794	156000	94000	259.7	0.2247
795	156000	98000	252.6	0.3518
796	156000	102000	237.4	0.323
797	156000	106000	206.6	0.3708
798	156000	110000	213.4	0.4004
799	156000	114000	219.9	0.3996
800	156000	118000	173.1	0.4895
801	156000	122000	125.0	0.8541
802	156000	126000	162.6	0.8657
803	156000	130000	155.9	0.7592
804	156000	134000	147.2	0.3117
805	156000	138000	149.5	0.3328
806	156000	142000	133.0	0.4068
807	156000	146000	124.9	0.3856
808	156000	150000	116.8	0.3754
809	156000	154000	104.4	0.5373
810	156000	158000	101.9	0.415
811	156000	162000	112.0	0.3895
812	156000	166000	107.0	0.2358
813	156000	170000	70.3	0.7379
814	156000	174000	48.1	0.9716
815	156000	178000	24.6	1.1191
816	156000	182000	10.7	0.6678
817	156000	186000	8.3	0.6381
818	156000	190000	6.2	0.7408
819	156000	194000	3.4	0.8135
820	156000	198000	13.4	0.6598
821	156000	202000	15.8	0.7593
822	156000	206000	16.2	0.6828
823	156000	210000	8.0	1.106
824	156000	214000	4.6	1.0739
825	156000	218000	6.7	0.811
826	156000	222000	10.5	0.635
827	156000	226000	22.6	0.4862
828	156000	230000	23.7	0.4468
829	156000	234000	18.9	0.4009
830	156000	238000	14.6	0.5387
831	156000	242000	8.1	0.5386
832	160000	70000	357.6	0.5
833	160000	74000	341.5	0.2511
834	160000	78000	313.5	0.0192
835	160000	82000	229.4	0.4463
836	160000	86000	177.4	0.5518
837	160000	90000	193.3	0.2441
838	160000	94000	226.1	0.3216
839	160000	98000	265.2	0.3853
840	160000	102000	244.0	0.4363
841	160000	106000	246.7	0.3251
842	160000	110000	223.5	0.3436
843	160000	114000	206.9	0.4309
844	160000	118000	183.7	0.4996
845	160000	122000	119.4	0.8141
846	160000	126000	155.2	0.5884
847	160000	130000	157.6	0.6059
848	160000	134000	147.2	0.2775
849	160000	138000	145.7	0.3595
850	160000	142000	128.6	0.2769
851	160000	146000	109.8	0.347
852	160000	150000	122.5	0.398
853	160000	154000	99.9	0.5124
854	160000	158000	84.6	0.6178
855	160000	162000	94.1	0.614
856	160000	166000	104.4	0.3859
857	160000	170000	77.7	0.5119
858	160000	174000	59.2	0.6415
859	160000	178000	29.0	0.8843
860	160000	182000	11.5	0.4654
861	160000	186000	8.8	0.5788
862	160000	190000	5.6	0.8242
863	160000	194000	4.3	0.6629
864	160000	198000	5.3	0.5758
865	160000	202000	7.9	0.5436
866	160000	206000	12.4	0.5137
867	160000	210000	7.5	0.6403
868	160000	214000	8.1	0.6987
869	160000	218000	13.2	0.4959
870	160000	222000	16.8	0.5495
871	160000	226000	24.6	0.5335
872	160000	230000	20.7	0.4911
873	160000	234000	14.4	0.4497
874	160000	238000	13.7	0.5048
875	160000	242000	13.3	0.3516
876	164000	74000	347.4	0.1111
877	164000	78000	345.5	0.0096
878	164000	82000	277.8	0.1149
879	164000	86000	195.0	0.2935
880	164000	90000	195.2	0.2819
881	164000	94000	224.1	0.3209
882	164000	98000	266.0	0.4451
883	164000	102000	260.0	0.3423
884	164000	106000	258.8	0.3188
885	164000	110000	246.0	0.3318
886	164000	114000	224.7	0.331
887	164000	118000	188.4	0.3536
888	164000	122000	126.3	0.5611
889	164000	126000	136.0	0.6807
890	164000	130000	156.4	0.4369
891	164000	134000	146.0	0.3523
892	164000	138000	147.4	0.367
893	164000	142000	143.9	0.2441
894	164000	146000	112.6	0.3734
895	164000	150000	93.7	0.5129
896	164000	154000	85.1	0.5994
897	164000	158000	87.4	0.4248
898	164000	162000	78.7	0.4311
899	164000	166000	82.2	0.4197
900	164000	170000	72.7	0.4468
901	164000	174000	61.4	0.4122
902	164000	178000	26.6	0.355
903	164000	182000	12.3	0.4941
904	164000	186000	7.9	0.555
905	164000	190000	7.4	0.5213
906	164000	194000	10.0	0.5602
907	164000	198000	7.8	0.5311
908	164000	202000	4.8	0.6324
909	164000	206000	7.7	0.5691
910	164000	210000	9.4	0.7205
911	164000	214000	11.2	0.5905
912	164000	218000	14.4	0.4319
913	164000	222000	23.1	0.5931
914	164000	226000	24.0	0.3359
915	164000	230000	19.1	0.4442
916	164000	234000	15.6	0.3696
917	164000	238000	12.5	0.4968
918	164000	242000	13.1	0.4478
919	168000	74000	335.1	0
920	168000	78000	350.2	0.1259
921	168000	82000	287.2	0.0246
922	168000	86000	207.7	0.2802
923	168000	90000	207.1	0.2561
924	168000	94000	194.3	0.3168
925	168000	98000	261.2	0.435
926	168000	102000	285.9	0.4586
927	168000	106000	274.1	0.3354
928	168000	110000	253.4	0.3285
929	168000	114000	229.6	0.4118
930	168000	118000	207.6	0.3177
931	168000	122000	158.0	0.5853
932	168000	126000	114.1	0.6014
933	168000	130000	155.4	0.3737
934	168000	134000	146.6	0.4371
935	168000	138000	156.5	0.3011
936	168000	142000	142.4	0.3668
937	168000	146000	123.9	0.443
938	168000	150000	128.9	0.6696
939	168000	154000	99.4	0.5603
940	168000	158000	76.0	0.476
941	168000	162000	59.0	0.5139
942	168000	166000	49.6	0.4646
943	168000	170000	57.0	0.4354
944	168000	174000	63.3	0.5059
945	168000	178000	25.6	0.434
946	168000	182000	13.2	0.4891
947	168000	186000	8.7	0.556
948	168000	190000	9.0	0.5818
949	168000	194000	14.9	0.5507
950	168000	198000	9.3	0.5799
951	168000	202000	5.2	0.5285
952	168000	206000	6.0	0.4677
953	168000	210000	8.6	0.5304
954	168000	214000	12.9	0.4344
955	168000	218000	17.7	0.6047
956	168000	222000	28.9	0.3591
957	168000	226000	22.9	0.5124
958	168000	230000	17.3	0.4511
959	168000	234000	12.8	0.5262
960	172000	74000	232.6	0.0876
961	172000	78000	302.5	0.0693
962	172000	82000	301.1	0.0372
963	172000	86000	207.8	0.1677
964	172000	90000	209.9	0.3331
965	172000	94000	175.1	0.2208
966	172000	98000	245.3	0.3633
967	172000	102000	284.6	0.5785
968	172000	106000	273.6	0.3442
969	172000	110000	252.1	0.3587
970	172000	114000	252.2	0.3456
971	172000	118000	239.7	0.4211
972	172000	122000	185.9	0.4434
973	172000	126000	120.1	0.5637
974	172000	130000	130.8	0.4552
975	172000	134000	148.1	0.3692
976	172000	138000	155.5	0.4157
977	172000	142000	156.2	0.2863
978	172000	146000	148.8	0.3328
979	172000	150000	133.2	0.3311
980	172000	154000	101.6	0.4489
981	172000	158000	67.7	0.4658
982	172000	162000	70.8	0.3488
983	172000	166000	78.6	0.3181
984	172000	170000	55.1	0.3848
985	172000	174000	43.0	0.7295
986	172000	178000	24.9	0.5363
987	172000	182000	11.9	0.4775
988	172000	186000	10.4	0.5267
989	172000	190000	9.9	0.5632
990	172000	194000	15.2	0.6414
991	172000	198000	9.4	0.5549
992	172000	202000	6.2	0.5229
993	172000	206000	5.9	0.5858
994	172000	210000	8.2	0.4729
995	172000	214000	12.0	0.5796
996	172000	218000	18.8	0.5575
997	172000	222000	25.0	0.5555
998	172000	226000	24.7	0.5918
999	172000	230000	19.1	0.4166
1000	172000	234000	13.8	0.4412
1001	172000	238000	10.9	0.4105
1002	176000	86000	167.1	0.3195
1003	176000	90000	194.8	0.3229
1004	176000	94000	185.4	0.2519
1005	176000	98000	212.0	0.2279
1006	176000	102000	272.7	0.3018
1007	176000	106000	268.3	0.4075
1008	176000	110000	242.0	0.3567
1009	176000	114000	240.2	0.3116
1010	176000	118000	242.6	0.3534
1011	176000	122000	196.2	0.4108
1012	176000	126000	117.2	0.4381
1013	176000	130000	161.2	0.4055
1014	176000	134000	172.3	0.4691
1015	176000	138000	164.4	0.3359
1016	176000	142000	154.8	0.3555
1017	176000	146000	154.0	0.2647
1018	176000	150000	143.5	0.3374
1019	176000	154000	129.3	0.3262
1020	176000	158000	103.0	0.3643
1021	176000	162000	85.5	0.5216
1022	176000	166000	86.7	0.2202
1023	176000	170000	60.3	0.6297
1024	176000	174000	45.1	0.7608
1025	176000	178000	33.2	0.5096
1026	176000	182000	16.9	0.5839
1027	176000	186000	13.7	0.5554
1028	176000	190000	11.5	0.5796
1029	176000	194000	11.0	0.6384
1030	176000	198000	10.1	0.5634
1031	176000	202000	9.3	0.4461
1032	176000	206000	10.2	0.5152
1033	176000	210000	12.7	0.4853
1034	176000	214000	14.7	0.3984
1035	176000	218000	20.6	0.5381
1036	176000	222000	22.6	0.5035
1037	176000	226000	25.1	0.5097
1038	176000	230000	21.5	0.5638
1039	176000	234000	14.8	0.5002
1040	176000	238000	10.3	0.4938
1041	176000	242000	7.2	0.5905
1042	180000	70000	462.3	0.1012
1043	180000	74000	434.4	0
1044	180000	90000	156.7	0.4274
1045	180000	94000	165.4	0.3071
1046	180000	98000	203.1	0.1587
1047	180000	102000	234.0	0.3273
1048	180000	106000	232.2	0.3677
1049	180000	110000	211.3	0.295
1050	180000	114000	227.8	0.4387
1051	180000	118000	229.9	0.5194
1052	180000	122000	215.0	0.3514
1053	180000	126000	138.7	0.5827
1054	180000	130000	166.1	0.421
1055	180000	134000	168.5	0.3924
1056	180000	138000	171.4	0.3284
1057	180000	142000	164.3	0.2858
1058	180000	146000	151.6	0.3352
1059	180000	150000	135.6	0.3092
1060	180000	154000	125.1	0.3335
1061	180000	158000	121.8	0.374
1062	180000	162000	98.0	0.5893
1063	180000	166000	86.1	0.2931
1064	180000	170000	68.3	0.5372
1065	180000	174000	72.1	0.4309
1066	180000	178000	49.3	0.3925
1067	180000	182000	31.6	0.475
1068	180000	186000	17.9	0.6268
1069	180000	190000	12.8	0.5666
1070	180000	194000	10.1	0.5121
1071	180000	198000	10.0	0.616
1072	180000	202000	9.2	0.481
1073	180000	206000	12.2	0.6678
1074	180000	210000	13.5	0.4377
1075	180000	214000	14.7	0.5092
1076	180000	218000	20.0	0.5228
1077	180000	222000	24.0	0.5505
1078	180000	226000	26.6	0.4527
1079	180000	230000	19.7	0.4489
1080	180000	234000	16.9	0.4483
1081	180000	238000	15.0	0.3574
1082	180000	242000	10.6	0.43
1083	180000	246000	7.5	0.4453
1084	184000	54000	266.5	0.0705
1085	184000	58000	299.5	0.0866
1086	184000	62000	275.5	0.102
1087	184000	70000	429.6	0.0096
1088	184000	74000	384.4	0.1517
1089	184000	78000	351.0	0.1597
1090	184000	82000	289.7	0.0524
1091	184000	86000	264.3	0.1484
1092	184000	90000	167.9	0.4368
1093	184000	94000	159.1	0.4849
1094	184000	98000	198.1	0.3345
1095	184000	102000	203.5	0.3758
1096	184000	106000	218.3	0.3386
1097	184000	110000	177.5	0.2904
1098	184000	114000	159.3	0.2569
1099	184000	118000	190.2	0.39
1100	184000	122000	198.1	0.4982
1101	184000	126000	144.9	0.7401
1102	184000	130000	132.3	0.6532
1103	184000	134000	174.9	0.3831
1104	184000	138000	168.2	0.3054
1105	184000	142000	152.1	0.3526
1106	184000	146000	144.1	0.2986
1107	184000	150000	128.7	0.3607
1108	184000	154000	107.1	0.3495
1109	184000	158000	91.0	0.4132
1110	184000	162000	86.8	0.2889
1111	184000	166000	77.3	0.5005
1112	184000	170000	64.4	0.4324
1113	184000	174000	70.5	0.4044
1114	184000	178000	52.1	0.452
1115	184000	182000	41.7	0.4183
1116	184000	186000	27.4	0.5616
1117	184000	190000	16.6	0.4704
1118	184000	194000	13.3	0.4623
1119	184000	198000	12.0	0.5561
1120	184000	202000	17.6	0.5912
1121	184000	206000	17.8	0.5662
1122	184000	210000	18.1	0.3435
1123	184000	214000	14.4	0.5071
1124	184000	218000	18.4	0.5833
1125	184000	222000	24.4	0.6665
1126	184000	226000	27.8	0.6063
1127	184000	230000	23.5	0.4674
1128	184000	234000	19.7	0.457
1129	184000	238000	17.6	0.5005
1130	184000	242000	13.3	0.5342
1131	188000	54000	369.2	0.1056
1132	188000	58000	351.1	0.1568
1133	188000	62000	270.4	0.1456
1134	188000	66000	362.7	0.163
1135	188000	70000	397.8	0.1283
1136	188000	74000	368.0	0.2639
1137	188000	78000	358.7	0.2122
1138	188000	82000	329.9	0.0532
1139	188000	86000	305.1	0.2033
1140	188000	90000	204.2	0.3801
1141	188000	94000	236.3	0.3237
1142	188000	98000	251.3	0.3243
1143	188000	102000	169.7	0.2883
1144	188000	106000	178.5	0.4298
1145	188000	110000	180.0	0.2968
1146	188000	114000	201.1	0.4014
1147	188000	118000	217.6	0.3482
1148	188000	122000	189.9	0.3138
1149	188000	126000	159.9	0.5459
1150	188000	130000	146.4	0.6504
1151	188000	134000	190.1	0.4917
1152	188000	138000	172.7	0.4423
1153	188000	142000	152.1	0.4175
1154	188000	146000	142.8	0.3441
1155	188000	150000	126.4	0.327
1156	188000	154000	111.7	0.2962
1157	188000	158000	87.5	0.3074
1158	188000	162000	65.5	0.5099
1159	188000	166000	57.0	0.5862
1160	188000	170000	56.2	0.3972
1161	188000	174000	66.6	0.5011
1162	188000	178000	66.9	0.5031
1163	188000	182000	35.2	0.4552
1164	188000	186000	21.6	0.5221
1165	188000	190000	18.7	0.4919
1166	188000	194000	24.4	0.4273
1167	188000	198000	16.3	0.4755
1168	188000	202000	19.2	0.5981
1169	188000	206000	20.3	0.647
1170	188000	210000	16.6	0.4843
1171	188000	214000	19.5	0.5315
1172	188000	218000	19.5	0.3901
1173	188000	222000	23.2	0.7681
1174	188000	226000	29.7	0.5147
1175	188000	230000	25.7	0.4276
1176	188000	234000	24.6	0.4853
1177	188000	238000	24.7	0.4888
1178	192000	54000	391.2	0
1179	192000	58000	316.2	0.0745
1180	192000	62000	297.3	0.2577
1181	192000	66000	357.2	0.2296
1182	192000	70000	393.7	0.3925
1183	192000	74000	364.7	0.3758
1184	192000	78000	369.5	0.2431
1185	192000	82000	341.4	0.2377
1186	192000	86000	287.0	0.3452
1187	192000	90000	189.3	0.4307
1188	192000	94000	221.8	0.3166
1189	192000	98000	223.4	0.2092
1190	192000	102000	220.7	0.2656
1191	192000	106000	227.7	0.3441
1192	192000	110000	257.8	0.3552
1193	192000	114000	229.1	0.268
1194	192000	118000	246.2	0.3624
1195	192000	122000	226.0	0.5015
1196	192000	126000	179.3	0.3557
1197	192000	130000	148.9	0.4793
1198	192000	134000	182.9	0.4399
1199	192000	138000	174.3	0.385
1200	192000	142000	149.8	0.3259
1201	192000	146000	138.8	0.2681
1202	192000	150000	123.5	0.2489
1203	192000	154000	97.0	0.3229
1204	192000	158000	73.3	0.5118
1205	192000	162000	68.6	0.5158
1206	192000	166000	48.5	0.588
1207	192000	170000	51.8	0.4458
1208	192000	174000	48.5	0.4922
1209	192000	178000	56.3	0.5321
1210	192000	182000	46.8	0.4632
1211	192000	186000	42.9	0.5385
1212	192000	190000	22.5	0.3864
1213	192000	194000	21.0	0.4477
1214	192000	198000	15.5	0.4672
1215	192000	202000	17.4	0.6125
1216	192000	206000	20.4	0.599
1217	192000	210000	16.1	0.5116
1218	192000	214000	20.3	0.5391
1219	192000	218000	18.8	0.4471
1220	192000	222000	21.8	0.6504
1221	192000	226000	27.9	0.5181
1222	192000	230000	31.7	0.6366
1223	192000	234000	28.5	0.5669
1224	192000	238000	24.3	0.3815
1225	196000	50000	368.0	0.0058
1226	196000	54000	356.9	0.1436
1227	196000	58000	285.8	0.156
1228	196000	62000	377.3	0.1603
1229	196000	66000	383.6	0.3167
1230	196000	70000	393.0	0.3656
1231	196000	74000	390.1	0.0372
1232	196000	78000	411.3	0.1686
1233	196000	82000	339.8	0.1353
1234	196000	86000	259.0	0.4213
1235	196000	90000	181.8	0.3723
1236	196000	94000	191.7	0.2373
1237	196000	98000	187.1	0.2598
1238	196000	102000	244.0	0.3118
1239	196000	106000	264.7	0.4306
1240	196000	110000	251.0	0.3369
1241	196000	114000	253.3	0.512
1242	196000	118000	263.8	0.408
1243	196000	122000	236.2	0.2944
1244	196000	126000	168.9	0.3444
1245	196000	130000	146.0	0.5536
1246	196000	134000	193.4	0.4039
1247	196000	138000	187.1	0.2495
1248	196000	142000	159.9	0.3433
1249	196000	146000	139.6	0.316
1250	196000	150000	129.4	0.2533
1251	196000	154000	98.6	0.3316
1252	196000	158000	81.7	0.4842
1253	196000	162000	62.3	0.3303
1254	196000	166000	44.4	0.4084
1255	196000	170000	38.7	0.5013
1256	196000	174000	42.3	0.5137
1257	196000	178000	50.0	0.5187
1258	196000	182000	51.0	0.4456
1259	196000	186000	38.6	0.5431
1260	196000	190000	25.1	0.4335
1261	196000	194000	25.8	0.3712
1262	196000	198000	20.4	0.4758
1263	196000	202000	22.1	0.666
1264	196000	206000	21.2	0.5249
1265	196000	210000	22.7	0.5173
1266	196000	214000	20.6	0.3574
1267	196000	218000	20.4	0.392
1268	196000	222000	25.0	0.5639
1269	196000	226000	27.4	0.2837
1270	196000	230000	32.5	0.3264
1271	196000	234000	28.3	0.3955
1272	196000	238000	25.1	0.3828
1273	196000	242000	21.4	0.2722
1274	200000	50000	394.4	0.0207
1275	200000	54000	305.9	0.2209
1276	200000	58000	370.1	0.2395
1277	200000	62000	407.5	0.2132
1278	200000	66000	414.9	0.3268
1279	200000	70000	392.2	0.324
1280	200000	74000	363.6	0.2657
1281	200000	78000	379.2	0.139
1282	200000	82000	363.7	0.1799
1283	200000	86000	250.0	0.4713
1284	200000	90000	168.8	0.2808
1285	200000	94000	156.5	0.3738
1286	200000	98000	218.9	0.26
1287	200000	102000	273.6	0.2246
1288	200000	106000	285.6	0.4269
1289	200000	110000	255.7	0.4124
1290	200000	114000	250.8	0.383
1291	200000	118000	277.8	0.3682
1292	200000	122000	256.0	0.4691
1293	200000	126000	219.1	0.3876
1294	200000	130000	162.6	0.4718
1295	200000	134000	162.9	0.4008
1296	200000	138000	184.6	0.3432
1297	200000	142000	166.3	0.3336
1298	200000	146000	141.3	0.3559
1299	200000	150000	139.1	0.3422
1300	200000	154000	122.4	0.3684
1301	200000	158000	95.0	0.4539
1302	200000	162000	70.3	0.3731
1303	200000	166000	43.3	0.3778
1304	200000	170000	29.4	0.498
1305	200000	174000	40.2	0.5434
1306	200000	178000	39.1	0.4933
1307	200000	182000	37.2	0.5566
1308	200000	186000	27.8	0.5777
1309	200000	190000	25.6	0.4706
1310	200000	194000	30.9	0.5625
1311	200000	198000	21.7	0.5533
1312	200000	202000	24.3	0.553
1313	200000	206000	25.2	0.4607
1314	200000	210000	26.6	0.4765
1315	200000	214000	23.0	0.5469
1316	200000	218000	22.2	0.5186
1317	200000	222000	23.4	0.635
1318	200000	226000	30.5	0.386
1319	200000	230000	34.6	0.2078
1320	200000	234000	31.2	0.2382
1321	200000	238000	26.3	0.1451
1322	200000	242000	22.1	0.2094
1323	204000	46000	335.2	0.061
1324	204000	50000	404.0	0.005
1325	204000	54000	303.4	0.1375
1326	204000	58000	376.7	0.2308
1327	204000	62000	398.6	0.3709
1328	204000	66000	404.4	0.3641
1329	204000	70000	379.2	0.2591
1330	204000	74000	360.9	0.1426
1331	204000	78000	340.7	0.1895
1332	204000	82000	307.2	0.0327
1333	204000	86000	250.5	0.5312
1334	204000	90000	189.8	0.3618
1335	204000	94000	167.2	0.2988
1336	204000	98000	229.9	0.1422
1337	204000	102000	281.4	0.3929
1338	204000	106000	295.1	0.4303
1339	204000	110000	280.5	0.4761
1340	204000	114000	265.0	0.3928
1341	204000	118000	283.8	0.4014
1342	204000	122000	264.8	0.3591
1343	204000	126000	259.1	0.4893
1344	204000	130000	193.6	0.3707
1345	204000	134000	146.7	0.4598
1346	204000	138000	159.3	0.4638
1347	204000	142000	157.9	0.3123
1348	204000	146000	140.2	0.3478
1349	204000	150000	138.6	0.3116
1350	204000	154000	130.7	0.5033
1351	204000	158000	103.9	0.3264
1352	204000	162000	80.1	0.2986
1353	204000	166000	56.6	0.4391
1354	204000	170000	34.9	0.4149
1355	204000	174000	26.4	0.5214
1356	204000	178000	25.9	0.521
1357	204000	182000	22.7	0.5196
1358	204000	186000	28.3	0.5165
1359	204000	190000	36.6	0.4877
1360	204000	194000	26.0	0.6063
1361	204000	198000	30.3	0.7001
1362	204000	202000	29.6	0.4889
1363	204000	206000	29.5	0.5716
1364	204000	210000	29.1	0.5709
1365	204000	214000	26.2	0.5227
1366	204000	218000	27.9	0.3891
1367	204000	222000	27.9	0.2871
1368	204000	226000	30.8	0.4323
1369	204000	230000	28.7	0.5289
1370	208000	42000	238.2	0.3277
1371	208000	46000	299.9	0.1939
1372	208000	50000	406.6	0.0228
1373	208000	54000	312.4	0.0922
1374	208000	58000	358.1	0.1713
1375	208000	62000	406.3	0.3735
1376	208000	66000	419.2	0.4058
1377	208000	70000	409.8	0.1472
1378	208000	74000	370.1	0.2411
1379	208000	78000	402.5	0.2292
1380	208000	82000	362.3	0.0195
1381	208000	86000	267.0	0.3874
1382	208000	90000	192.7	0.3651
1383	208000	94000	184.1	0.3426
1384	208000	98000	209.6	0.2775
1385	208000	102000	264.8	0.2915
1386	208000	106000	302.1	0.2895
1387	208000	110000	311.3	0.306
1388	208000	114000	286.5	0.4359
1389	208000	118000	292.8	0.2745
1390	208000	122000	265.8	0.3712
1391	208000	126000	244.7	0.3842
1392	208000	130000	246.4	0.3505
1393	208000	134000	139.2	0.386
1394	208000	138000	127.7	0.4973
1395	208000	142000	144.2	0.3314
1396	208000	146000	145.6	0.3386
1397	208000	150000	133.6	0.3288
1398	208000	154000	127.6	0.5643
1399	208000	158000	111.3	0.3272
1400	208000	162000	84.5	0.4534
1401	208000	166000	61.1	0.8715
1402	208000	170000	41.2	0.5691
1403	208000	174000	45.6	0.5307
1404	208000	178000	39.7	0.5385
1405	208000	182000	26.8	0.5522
1406	208000	186000	32.4	0.4668
1407	208000	190000	30.1	0.5865
1408	208000	194000	32.5	0.7302
1409	208000	198000	38.0	0.4809
1410	208000	202000	39.9	0.4125
1411	208000	206000	34.3	0.5511
1412	208000	210000	35.4	0.4737
1413	208000	214000	35.9	0.2378
1414	208000	218000	39.6	0.1873
1415	208000	222000	40.8	0.1852
1416	212000	42000	278.7	0.1413
1417	212000	46000	322.9	0.3942
1418	212000	50000	368.6	0.0446
1419	212000	54000	330.5	0.2173
1420	212000	58000	388.4	0.1235
1421	212000	62000	429.3	0.4771
1422	212000	66000	446.9	0.5242
1423	212000	70000	410.8	0.3102
1424	212000	74000	388.0	0.3996
1425	212000	78000	424.4	0.1827
1426	212000	82000	370.9	0.0346
1427	212000	86000	304.7	0.3176
1428	212000	90000	257.9	0.2794
1429	212000	94000	231.1	0.4652
1430	212000	98000	233.7	0.4632
1431	212000	102000	234.6	0.2541
1432	212000	106000	272.7	0.3531
1433	212000	110000	276.5	0.3228
1434	212000	114000	312.9	0.302
1435	212000	118000	291.4	0.3439
1436	212000	122000	261.4	0.3556
1437	212000	126000	231.6	0.4016
1438	212000	130000	216.4	0.4427
1439	212000	134000	153.7	0.5507
1440	212000	138000	135.5	0.5179
1441	212000	142000	184.7	0.455
1442	212000	146000	167.5	0.3539
1443	212000	150000	139.7	0.3089
1444	212000	154000	120.1	0.6146
1445	212000	158000	106.6	0.3345
1446	212000	162000	88.7	0.3875
1447	212000	166000	67.0	0.5056
1448	212000	170000	47.5	0.5402
1449	212000	174000	55.9	0.5348
1450	212000	178000	36.6	0.5636
1451	212000	182000	28.5	0.5272
1452	212000	186000	31.8	0.6047
1453	212000	190000	35.1	0.5779
1454	212000	194000	37.0	0.5914
1455	212000	198000	45.7	0.4947
1456	212000	202000	47.9	0.5951
1457	212000	206000	40.7	0.4446
1458	212000	210000	43.5	0.6429
1459	212000	214000	44.6	0.492
1460	212000	218000	44.1	0.158
1461	212000	222000	40.9	0.128
1462	216000	34000	221.6	0.4194
1463	216000	38000	273.0	0.3929
1464	216000	42000	335.3	0.1597
1465	216000	46000	319.3	0.3251
1466	216000	50000	391.8	0
1467	216000	54000	402.1	0.0287
1468	216000	58000	404.9	0.4166
1469	216000	62000	439.0	0.35
1470	216000	66000	467.1	0.1292
1471	216000	70000	458.4	0.2769
1472	216000	74000	458.7	0.193
1473	216000	78000	398.1	0.1383
1474	216000	82000	396.2	0.1019
1475	216000	86000	323.6	0.2633
1476	216000	90000	279.7	0.3353
1477	216000	94000	268.4	0.3618
1478	216000	98000	264.9	0.3954
1479	216000	102000	241.0	0.4115
1480	216000	106000	239.3	0.3436
1481	216000	110000	230.2	0.3554
1482	216000	114000	293.7	0.2824
1483	216000	118000	287.6	0.3777
1484	216000	122000	256.6	0.4098
1485	216000	126000	230.9	0.3686
1486	216000	130000	237.8	0.3448
1487	216000	134000	210.2	0.3199
1488	216000	138000	126.4	0.5786
1489	216000	142000	179.8	0.3571
1490	216000	146000	168.5	0.3518
1491	216000	150000	145.6	0.2829
1492	216000	154000	123.5	0.5384
1493	216000	158000	108.8	0.3197
1494	216000	162000	76.9	0.3196
1495	216000	166000	67.1	0.5137
1496	216000	170000	54.6	0.5168
1497	216000	174000	41.2	0.595
1498	216000	178000	41.4	0.5975
1499	216000	182000	33.3	0.8137
1500	216000	186000	35.2	0.3523
1501	216000	190000	39.6	0.4836
1502	216000	194000	52.7	0.6533
1503	216000	198000	61.7	0.1258
1504	216000	202000	59.6	0.2511
1505	216000	206000	54.2	0.149
1506	216000	210000	53.2	0.5617
1507	216000	214000	47.1	0.595
1508	216000	218000	40.8	0.3802
1509	220000	34000	231.7	0.389
1510	220000	38000	274.6	0.0537
1511	220000	42000	336.1	0.3803
1512	220000	46000	335.6	0.3907
1513	220000	50000	400.2	0.0078
1514	220000	54000	404.9	0.2421
1515	220000	58000	394.9	0.4399
1516	220000	62000	437.5	0.2267
1517	220000	66000	471.2	0.4336
1518	220000	70000	482.0	0.1653
1519	220000	74000	464.7	0.0369
1520	220000	78000	433.7	0.2991
1521	220000	82000	475.9	0.2472
1522	220000	86000	404.7	0.1287
1523	220000	90000	380.0	0.239
1524	220000	94000	306.8	0.3677
1525	220000	98000	282.6	0.4358
1526	220000	102000	251.3	0.6231
1527	220000	106000	196.5	0.2639
1528	220000	110000	210.4	0.3536
1529	220000	114000	241.3	0.4246
1530	220000	118000	294.2	0.4156
1531	220000	122000	281.0	0.4144
1532	220000	126000	250.4	0.3961
1533	220000	130000	256.4	0.3736
1534	220000	134000	226.0	0.3836
1535	220000	138000	141.4	0.3636
1536	220000	142000	175.6	0.566
1537	220000	146000	170.0	0.3542
1538	220000	150000	155.2	0.2688
1539	220000	154000	130.4	0.519
1540	220000	158000	112.6	0.3333
1541	220000	162000	87.6	0.3452
1542	220000	166000	91.3	0.5193
1543	220000	170000	65.0	0.523
1544	220000	174000	46.4	0.5147
1545	220000	178000	49.9	0.6276
1546	220000	182000	36.2	0.7285
1547	220000	186000	42.8	0.6005
1548	220000	190000	50.8	0.7218
1549	220000	194000	66.1	0.4259
1550	220000	198000	68.6	0.1552
1551	220000	202000	64.7	0.4234
1552	220000	206000	61.8	0.2914
1553	220000	210000	53.8	0.2694
1554	220000	214000	43.6	0.6592
1555	220000	218000	37.8	0.4097
1556	224000	34000	270.2	0.2109
1557	224000	38000	314.2	0.0268
1558	224000	42000	340.7	0.3943
1559	224000	46000	355.8	0.2475
1560	224000	50000	391.6	0.1606
1561	224000	54000	398.8	0.1348
1562	224000	58000	406.0	0.4598
1563	224000	62000	432.3	0.4451
1564	224000	66000	472.0	0.5132
1565	224000	70000	526.9	0.1928
1566	224000	74000	467.7	0.4663
1567	224000	78000	499.3	0.3408
1568	224000	82000	536.9	0.1976
1569	224000	86000	521.6	0
1570	224000	90000	505.6	0
1571	224000	94000	371.7	0.2919
1572	224000	98000	354.6	0.3665
1573	224000	102000	327.3	0.2389
1574	224000	106000	209.2	0.2412
1575	224000	110000	180.7	0.3697
1576	224000	114000	184.2	0.4318
1577	224000	118000	276.4	0.3576
1578	224000	122000	263.9	0.4081
1579	224000	126000	270.5	0.3736
1580	224000	130000	271.9	0.3437
1581	224000	134000	246.5	0.4288
1582	224000	138000	221.0	0.2704
1583	224000	142000	132.2	0.5638
1584	224000	146000	163.4	0.5997
1585	224000	150000	163.0	0.5088
1586	224000	154000	140.0	0.424
1587	224000	158000	117.8	0.3005
1588	224000	162000	97.2	0.2934
1589	224000	166000	80.4	0.4541
1590	224000	170000	69.8	0.5235
1591	224000	174000	49.2	0.4953
1592	224000	178000	45.3	0.6151
1593	224000	182000	44.1	0.4665
1594	224000	186000	59.5	0.4532
1595	224000	190000	71.7	0.189
1596	224000	194000	75.6	0.3228
1597	224000	198000	70.4	0.4489
1598	224000	202000	63.5	0.5402
1599	224000	206000	56.8	0.4701
1600	224000	210000	47.2	0.5789
1601	224000	214000	40.0	0.7
1602	224000	218000	33.8	0.3149
1603	228000	22000	237.9	0.275
1604	228000	26000	271.3	0.3393
1605	228000	30000	267.1	0.3074
1606	228000	34000	299.0	0.291
1607	228000	38000	333.1	0.0413
1608	228000	42000	348.8	0.4178
1609	228000	46000	364.1	0.2358
1610	228000	50000	422.6	0.0097
1611	228000	54000	424.5	0.1649
1612	228000	58000	445.5	0.4291
1613	228000	62000	440.5	0.4808
1614	228000	66000	496.2	0.3452
1615	228000	70000	492.8	0.4202
1616	228000	74000	466.2	0.3961
1617	228000	78000	497.6	0.154
1618	228000	82000	533.6	0.1361
1619	228000	86000	488.1	0.0774
1620	228000	90000	486.7	0.0419
1621	228000	94000	451.0	0.082
1622	228000	98000	372.6	0.2979
1623	228000	102000	327.3	0.2753
1624	228000	106000	236.0	0.3637
1625	228000	110000	201.0	0.3305
1626	228000	114000	198.4	0.2787
1627	228000	118000	230.0	0.3535
1628	228000	122000	247.8	0.3244
1629	228000	126000	262.1	0.3684
1630	228000	130000	261.7	0.3066
1631	228000	134000	219.8	0.3486
1632	228000	138000	245.1	0.4516
1633	228000	142000	143.5	0.5035
1634	228000	146000	133.7	0.7089
1635	228000	150000	169.1	0.9678
1636	228000	154000	148.1	0.3881
1637	228000	158000	130.1	0.2463
1638	228000	162000	97.3	0.4563
1639	228000	166000	92.5	0.5046
1640	228000	170000	84.7	0.4827
1641	228000	174000	60.8	0.618
1642	228000	178000	44.6	0.5584
1643	228000	182000	55.9	0.7362
1644	228000	186000	73.3	0.8647
1645	228000	190000	78.8	0.5523
1646	228000	194000	77.9	0.0925
1647	228000	198000	70.7	0.5113
1648	228000	202000	63.5	0.5196
1649	228000	206000	55.6	0.6918
1650	228000	210000	47.0	0.3844
1651	228000	214000	38.3	0.5252
1652	228000	218000	34.2	0.4056
1653	228000	222000	30.0	0.2915
1654	232000	22000	280.7	0.1862
1655	232000	26000	240.3	0.4869
1656	232000	30000	248.2	0.4019
1657	232000	34000	297.1	0.1102
1658	232000	38000	351.4	0.1499
1659	232000	42000	348.3	0.3989
1660	232000	46000	358.2	0.3798
1661	232000	50000	425.4	0.1058
1662	232000	54000	416.4	0.3553
1663	232000	58000	459.2	0.4337
1664	232000	62000	470.0	0.6584
1665	232000	66000	500.1	0.2905
1666	232000	70000	507.2	0.3315
1667	232000	74000	483.9	0.4089
1668	232000	78000	449.7	0.3504
1669	232000	82000	430.2	0.3087
1670	232000	86000	413.3	0.2595
1671	232000	90000	417.9	0.3771
1672	232000	94000	392.9	0.2594
1673	232000	98000	320.3	0.2999
1674	232000	102000	276.8	0.3379
1675	232000	106000	313.1	0.3415
1676	232000	110000	297.5	0.3902
1677	232000	114000	268.6	0.3924
1678	232000	118000	200.2	0.3648
1679	232000	122000	202.1	0.2743
1680	232000	126000	192.4	0.2819
1681	232000	130000	237.9	0.3679
1682	232000	134000	229.9	0.2362
1683	232000	138000	225.1	0.3141
1684	232000	142000	205.1	0.577
1685	232000	146000	99.0	0.8514
1686	232000	150000	169.4	0.7224
1687	232000	154000	157.8	0.4274
1688	232000	158000	138.5	0.3211
1689	232000	162000	105.0	0.3534
1690	232000	166000	99.1	0.4013
1691	232000	170000	87.2	0.4268
1692	232000	174000	68.9	0.5248
1693	232000	178000	57.8	0.5657
1694	232000	182000	85.8	0.5447
1695	232000	186000	82.0	0.5864
1696	232000	190000	85.3	0.5418
1697	232000	194000	81.1	0.3689
1698	232000	198000	71.9	0.4245
1699	232000	202000	63.7	0.4385
1700	232000	206000	51.2	0.4457
1701	232000	210000	42.7	0.4661
1702	232000	214000	36.9	0.5302
1703	232000	218000	32.5	0.5169
1704	232000	222000	28.1	0.337
1705	236000	22000	337.8	0.1274
1706	236000	26000	304.7	0.4477
1707	236000	30000	246.8	0.4093
1708	236000	34000	319.8	0.0113
1709	236000	38000	343.2	0.1226
1710	236000	42000	340.4	0.4188
1711	236000	46000	365.4	0.4206
1712	236000	50000	437.7	0.0659
1713	236000	54000	443.5	0.3081
1714	236000	58000	466.0	0.2094
1715	236000	62000	459.6	0.4999
1716	236000	66000	461.6	0.5019
1717	236000	70000	497.3	0.3591
1718	236000	74000	480.8	0.3113
1719	236000	78000	451.0	0.5245
1720	236000	82000	452.1	0.4205
1721	236000	86000	408.1	0.3101
1722	236000	90000	414.9	0.3524
1723	236000	94000	377.8	0.2129
1724	236000	98000	323.9	0.2363
1725	236000	102000	430.9	0.1588
1726	236000	106000	382.7	0.2023
1727	236000	110000	331.1	0.4048
1728	236000	114000	286.7	0.3629
1729	236000	118000	257.3	0.3718
1730	236000	122000	247.0	0.3646
1731	236000	126000	230.1	0.4413
1732	236000	130000	190.4	0.4258
1733	236000	134000	175.1	0.4349
1734	236000	138000	161.4	0.4532
1735	236000	142000	173.8	0.5855
1736	236000	146000	94.2	0.8424
1737	236000	150000	117.5	0.7307
1738	236000	154000	156.1	0.7454
1739	236000	158000	147.3	0.382
1740	236000	162000	116.8	0.3798
1741	236000	166000	102.8	0.3787
1742	236000	170000	91.4	0.2995
1743	236000	174000	82.2	0.3781
1744	236000	178000	89.9	0.28
1745	236000	182000	96.5	0.6678
1746	236000	186000	91.6	0.3009
1747	236000	190000	81.6	0.5658
1748	236000	194000	77.0	0.4565
1749	236000	198000	72.5	0.4127
1750	236000	202000	58.6	0.4461
1751	236000	206000	40.9	0.5891
1752	236000	210000	36.0	0.4668
1753	236000	214000	35.6	0.5039
1754	240000	22000	367.8	0.1431
1755	240000	26000	262.9	0.4456
1756	240000	30000	260.8	0.3377
1757	240000	34000	301.1	0.0287
1758	240000	38000	350.0	0.071
1759	240000	42000	344.9	0.496
1760	240000	46000	374.2	0.4717
1761	240000	50000	438.7	0.129
1762	240000	54000	450.5	0.3117
1763	240000	58000	479.1	0.0146
1764	240000	62000	456.4	0.4069
1765	240000	66000	447.8	0.3693
1766	240000	70000	473.3	0.4144
1767	240000	74000	504.0	0.4529
1768	240000	78000	498.5	0.412
1769	240000	82000	451.6	0.4778
1770	240000	86000	397.8	0.2556
1771	240000	90000	404.4	0.408
1772	240000	94000	372.1	0.2759
1773	240000	98000	415.6	0.0833
1774	240000	102000	519.9	0.2372
1775	240000	106000	455.0	0.2653
1776	240000	110000	449.5	0.0928
1777	240000	114000	361.5	0.1261
1778	240000	118000	364.0	0.2883
1779	240000	122000	305.7	0.2877
1780	240000	126000	296.7	0.3097
1781	240000	130000	212.6	0.3617
1782	240000	134000	241.6	0.513
1783	240000	138000	251.9	0.5237
1784	240000	142000	188.3	0.4659
1785	240000	146000	162.8	0.6676
1786	240000	150000	103.1	0.6897
1787	240000	154000	94.6	0.7931
1788	240000	158000	102.5	0.5237
1789	240000	162000	100.1	0.5558
1790	240000	166000	96.3	0.4717
1791	240000	170000	81.5	0.4417
1792	240000	174000	67.7	0.5468
1793	240000	178000	65.2	0.4382
1794	240000	182000	63.2	0.1961
1795	240000	186000	71.8	0.1378
1796	240000	190000	84.9	0.1679
1797	240000	194000	77.5	0.2928
1798	240000	198000	65.5	0.269
1799	240000	202000	43.2	0.4443
1800	240000	206000	34.1	0.4731
1801	240000	210000	33.5	0.3829
1802	244000	26000	300.0	0.3717
1803	244000	30000	270.9	0.4083
1804	244000	34000	303.2	0.2799
1805	244000	38000	349.7	0.1065
1806	244000	42000	353.4	0.4494
1807	244000	46000	391.1	0.3819
1808	244000	50000	445.9	0.0004
1809	244000	54000	463.5	0.0756
1810	244000	58000	464.1	0.0275
1811	244000	62000	437.2	0.3202
1812	244000	66000	452.7	0.4314
1813	244000	70000	481.3	0.4104
1814	244000	74000	513.7	0.4481
1815	244000	78000	508.7	0.5903
1816	244000	82000	456.2	0.4508
1817	244000	86000	447.4	0.4736
1818	244000	90000	394.9	0.1858
1819	244000	94000	369.0	0.3055
1820	244000	98000	481.0	0.2061
1821	244000	102000	584.9	0.1292
1822	244000	106000	549.7	0.2341
1823	244000	110000	460.0	0.3246
1824	244000	114000	450.3	0.174
1825	244000	118000	407.7	0.1999
1826	244000	122000	401.4	0.2821
1827	244000	126000	336.9	0.2807
1828	244000	130000	210.2	0.4518
1829	244000	134000	266.4	0.5972
1830	244000	138000	238.3	0.4277
1831	244000	142000	182.4	0.5208
1832	244000	146000	237.8	0.6133
1833	244000	150000	205.4	0.657
1834	244000	154000	138.1	0.5291
1835	244000	158000	90.3	0.5179
1836	244000	162000	61.3	0.6363
1837	244000	166000	63.4	0.4179
1838	244000	170000	56.5	0.6964
1839	244000	174000	47.8	0.7826
1840	244000	178000	43.6	0.5126
1841	244000	182000	40.0	0.6526
1842	244000	186000	38.7	0.5651
1843	244000	190000	40.5	0.5375
1844	244000	194000	43.7	0.5723
1845	244000	198000	38.0	0.5375
1846	244000	202000	33.7	0.4165
1847	244000	206000	31.6	0.4207
1848	244000	210000	31.8	0.5068
1849	248000	26000	350.8	0.2236
1850	248000	30000	282.7	0.4219
1851	248000	34000	348.3	0.327
1852	248000	38000	366.1	0.0233
1853	248000	42000	370.8	0.4346
1854	248000	46000	361.7	0.4123
1855	248000	50000	388.2	0.2826
1856	248000	54000	461.2	0.0454
1857	248000	58000	447.5	0.1935
1858	248000	62000	432.0	0.3161
1859	248000	66000	442.1	0.2384
1860	248000	70000	469.2	0.3171
1861	248000	74000	509.6	0.3779
1862	248000	78000	504.0	0.5881
1863	248000	82000	507.8	0.3436
1864	248000	86000	448.0	0.4136
1865	248000	90000	428.5	0.2998
1866	248000	94000	383.2	0.2631
1867	248000	98000	468.9	0.0766
1868	248000	102000	573.8	0.2061
1869	248000	106000	586.1	0.1851
1870	248000	110000	473.2	0.2142
1871	248000	114000	388.4	0.2249
1872	248000	118000	369.4	0.1659
1873	248000	122000	311.6	0.2484
1874	248000	126000	340.4	0.0088
1875	248000	130000	308.7	0.2544
1876	248000	134000	303.2	0.3479
1877	248000	138000	282.4	0.3131
1878	248000	142000	199.7	0.5295
1879	248000	146000	242.1	0.6132
1880	248000	150000	250.7	0.5694
1881	248000	154000	185.2	0.5026
1882	248000	158000	132.8	0.4674
1883	248000	162000	110.5	0.4207
1884	248000	166000	118.5	0.4813
1885	248000	182000	69.3	0.5789
1886	248000	186000	49.5	0.782
1887	248000	190000	36.8	0.3862
1888	248000	194000	30.8	0.4855
1889	248000	198000	30.5	0.4443
1890	248000	202000	30.0	0.4169
1891	248000	206000	29.9	0.4424
1892	248000	210000	29.7	0.5027
1893	252000	26000	319.7	0.5465
1894	252000	30000	303.2	0.5056
1895	252000	34000	330.5	0.3378
1896	252000	38000	345.7	0.3475
1897	252000	42000	384.1	0.5457
1898	252000	46000	374.6	0.3101
1899	252000	50000	327.1	0.3679
1900	252000	54000	410.7	0.2135
1901	252000	62000	427.0	0.2177
1902	252000	66000	423.6	0.3794
1903	252000	70000	455.0	0.3311
1904	252000	74000	498.4	0.2132
1905	252000	78000	467.1	0.4897
1906	252000	82000	510.1	0.4331
1907	252000	86000	469.4	0.4855
1908	252000	90000	423.5	0.3582
1909	252000	94000	416.6	0.4184
1910	252000	98000	490.5	0.3402
1911	252000	102000	568.5	0.0705
1912	252000	106000	524.5	0.3669
1913	252000	110000	406.0	0.5142
1914	252000	114000	434.6	0.2377
1915	252000	118000	426.0	0.1756
1916	252000	122000	300.3	0.3238
1917	252000	126000	505.1	0.076
1918	252000	130000	358.8	0.4095
1919	252000	134000	275.9	0.41
1920	252000	138000	229.1	0.466
1921	252000	142000	218.6	0.5493
1922	252000	146000	266.0	0.623
1923	252000	150000	280.5	0.7331
1924	252000	154000	196.3	0.5641
1925	252000	158000	212.0	0.4475
1926	252000	162000	169.6	0.4773
1927	252000	194000	31.9	0.6546
1928	252000	198000	26.6	0.516
1929	252000	202000	24.5	0.4164
1930	252000	206000	25.5	0.3771
1931	256000	26000	328.2	0.5737
1932	256000	30000	299.3	0.5431
1933	256000	34000	330.1	0.4309
1934	256000	38000	343.7	0.4059
1935	256000	42000	372.1	0.4562
1936	256000	46000	350.1	0.3058
1937	256000	50000	302.3	0.4144
1938	256000	74000	455.2	0.2487
1939	256000	78000	444.8	0.3442
1940	256000	82000	478.7	0.4373
1941	256000	86000	485.7	0.4079
1942	256000	90000	455.3	0.3793
1943	256000	94000	433.3	0.2734
1944	256000	98000	443.2	0.4839
1945	256000	102000	530.8	0.1518
1946	256000	106000	495.5	0.3515
1947	256000	110000	453.5	0.3599
1948	256000	114000	492.6	0.1109
1949	256000	118000	373.5	0.3008
1950	256000	122000	319.5	0.2561
1951	256000	126000	463.8	0.1525
1952	256000	130000	398.0	0.3099
1953	256000	134000	321.1	0.2522
1954	256000	138000	295.9	0.4918
1955	256000	142000	240.3	0.6992
1956	256000	146000	247.3	0.6754
1957	256000	150000	275.6	0.6227
1958	256000	154000	226.7	0.5791
1959	256000	158000	241.3	0.4817
1960	256000	162000	205.6	0.4094
1961	256000	206000	22.8	0.4483
1962	260000	30000	312.1	0.4955
1963	260000	34000	349.1	0.3673
1964	260000	38000	325.0	0.3988
1965	260000	42000	326.0	0.2497
1966	260000	46000	352.8	0.197
1967	260000	86000	472.7	0.4918
1968	260000	90000	483.0	0.3595
1969	260000	94000	480.4	0.4149
1970	260000	98000	456.4	0.3714
1971	260000	102000	492.5	0.3634
1972	260000	106000	463.8	0.3405
1973	260000	110000	416.6	0.3768
1974	260000	114000	388.5	0.3495
1975	260000	118000	411.4	0.2497
1976	260000	122000	410.6	0.3161
1977	260000	126000	448.3	0.2247
1978	260000	130000	513.5	0.1087
1979	260000	134000	370.6	0.4485
1980	260000	138000	328.1	0.3892
1981	260000	142000	334.5	0.4224
1982	260000	146000	248.8	0.5687
1983	260000	150000	281.9	0.5356
1984	260000	154000	283.8	0.5552
1985	260000	158000	224.6	0.6352
1986	260000	162000	174.0	0.4746
1987	264000	90000	472.2	0.4659
1988	264000	94000	476.5	0.4539
1989	264000	98000	474.4	0.4674
1990	264000	102000	495.5	0.284
1991	264000	106000	515.1	0.2107
1992	264000	110000	489.6	0.3357
1993	264000	114000	538.3	0.1096
1994	264000	118000	514.6	0.1539
1995	264000	122000	359.1	0.4561
1996	264000	126000	436.3	0.3545
1997	264000	130000	518.6	0.3558
1998	264000	134000	476.0	0.1898
1999	264000	138000	406.7	0.2777
2000	264000	142000	348.0	0.1589
2001	264000	146000	270.6	0.5199
2002	264000	150000	266.5	0.6705
2003	264000	154000	234.1	0.5697
2004	264000	158000	194.8	0.5983
2005	264000	162000	227.1	0.4302
2006	268000	94000	503.6	0.414
2007	268000	98000	515.6	0.3684
2008	268000	102000	495.4	0.4454
2009	268000	106000	502.6	0.3717
2010	268000	110000	544.8	0.1591
2011	268000	114000	460.0	0.285
2012	268000	118000	438.1	0.2896
2013	268000	122000	430.9	0.5134
2014	268000	126000	423.1	0.4198
2015	268000	130000	556.0	0.0866
2016	268000	134000	602.8	0
2017	268000	138000	532.2	0
2018	268000	142000	420.5	0
2019	268000	146000	324.1	0.3909
2020	268000	150000	291.3	0.614
2021	268000	154000	261.1	0.5017
2022	268000	158000	251.6	0.3654
2023	268000	162000	267.7	0.4315
2024	272000	94000	487.0	0.3358
2025	272000	98000	486.4	0.3592
2026	272000	102000	467.5	0.4715
2027	272000	106000	465.9	0.5293
2028	272000	110000	514.8	0.5626
2029	272000	114000	526.1	0.3402
2030	272000	118000	486.9	0.1533
2031	272000	122000	502.1	0.3986
2032	272000	126000	509.9	0.4536
2033	272000	130000	545.0	0.327
2034	272000	134000	650.8	0.0105
2035	272000	138000	589.5	0
2036	272000	142000	486.8	0
2037	272000	146000	393.3	0.0632
2038	272000	150000	345.0	0.2084
2039	272000	154000	286.2	0.6305
2040	272000	158000	283.3	0.4296
2041	276000	94000	426.4	0.2447
2042	276000	98000	431.9	0.3489
2043	276000	102000	461.8	0.3627
2044	276000	106000	463.1	0.4646
2045	276000	110000	490.1	0.5275
2046	276000	114000	491.3	0.4253
2047	276000	118000	462.1	0.4517
2048	276000	122000	515.4	0.5113
2049	276000	126000	542.9	0.5391
2050	276000	130000	557.9	0.4545
2051	276000	134000	591.6	0.0483
2052	276000	138000	601.8	0
2053	276000	142000	555.6	0
2054	276000	146000	478.5	0.0002
2055	276000	150000	406.8	0.0502
2056	276000	154000	306.2	0.3848
2057	276000	158000	268.1	0.5394
2058	280000	98000	517.4	0.2248
2059	280000	102000	446.1	0.3605
2060	280000	106000	457.2	0.3077
2061	280000	110000	496.1	0.1818
2062	280000	114000	543.0	0.2634
2063	280000	118000	497.2	0.4849
2064	280000	122000	550.2	0.395
2065	280000	126000	563.8	0.5498
2066	280000	130000	585.3	0.3198
2067	280000	134000	566.3	0.1921
2068	280000	138000	548.0	0.3112
2069	280000	142000	598.4	0.2661
2070	280000	146000	546.1	0.012
2071	280000	150000	448.6	0.3566
2072	284000	106000	499.7	0.3044
2073	284000	110000	490.4	0.2659
2074	284000	114000	543.3	0.1495
2075	284000	118000	570.2	0.2137
2076	284000	122000	592.6	0.4637
2077	284000	126000	591.2	0.4846
2078	284000	130000	586.2	0.0781
2079	284000	134000	572.3	0.1257
2080	284000	142000	520.7	0.5188
2081	284000	146000	551.3	0.3301
2082	284000	150000	533.5	0.1983
2083	288000	106000	522.2	0.4696
2084	288000	110000	537.7	0.4079
2085	288000	114000	509.2	0.4069
2086	288000	118000	590.5	0.2066
2087	288000	122000	626.4	0.4222
2088	288000	126000	625.4	0.4353
2089	288000	130000	613.8	0.0667
2090	288000	134000	607.7	0.01
2091	292000	114000	536.2	0.5014
2092	292000	118000	581.7	0.4237
2093	292000	122000	637.5	0.0558
2094	292000	126000	649.0	0.2044
2095	292000	130000	599.1	0.0964
2096	292000	134000	574.9	0.0932
2097	296000	114000	598.1	0.4237
2098	296000	118000	561.7	0.4955
