ID	XLAMB	YLAMB	ALT	BETA
1	24000	174000	16.5	0.4423
2	24000	178000	8.1	0.4352
3	24000	182000	14.0	0.4452
4	24000	190000	0.0	0.4222
5	24000	194000	-0.3	0.4148
6	24000	198000	3.9	0.3035
7	24000	202000	0.6	0.0596
8	28000	170000	29.4	0.4035
9	28000	174000	18.2	0.3503
10	28000	178000	8.7	0.3643
11	28000	182000	6.6	0.3634
12	28000	186000	10.5	0.3927
13	28000	190000	4.9	0.3376
14	28000	194000	0.1	0.3846
15	28000	198000	1.6	0.4029
16	28000	202000	5.0	0.326
17	32000	166000	69.5	0.4064
18	32000	170000	31.6	0.377
19	32000	174000	29.1	0.4083
20	32000	178000	14.6	0.3079
21	32000	182000	2.5	0.2899
22	32000	186000	7.7	0.3507
23	32000	190000	5.0	0.3343
24	32000	194000	0.5	0.314
25	32000	198000	1.1	0.4685
26	32000	202000	3.7	0.4593
27	32000	206000	1.2	0.0589
28	36000	162000	48.8	0.4246
29	36000	166000	69.7	0.3035
30	36000	170000	32.1	0.3953
31	36000	174000	18.7	0.4156
32	36000	178000	11.2	0.3145
33	36000	182000	3.1	0.1999
34	36000	186000	1.3	0.2711
35	36000	190000	0.8	0.284
36	36000	194000	0.4	0.3032
37	36000	198000	0.2	0.3676
38	36000	202000	0.9	0.4751
39	36000	206000	2.7	0.466
40	40000	158000	20.1	0.3556
41	40000	162000	48.7	0.2576
42	40000	166000	55.9	0.3322
43	40000	170000	24.1	0.3425
44	40000	174000	17.1	0.4018
45	40000	178000	11.0	0.3477
46	40000	182000	3.2	0.2545
47	40000	186000	0.2	0.1221
48	40000	190000	0.0	0.2025
49	40000	194000	0.0	0.2359
50	40000	198000	0.1	0.3392
51	40000	202000	0.2	0.3584
52	40000	206000	0.6	0.3043
53	40000	210000	1.1	0.1458
54	44000	154000	16.4	0.5797
55	44000	158000	17.9	0.3533
56	44000	162000	37.4	0.3141
57	44000	166000	45.0	0.3068
58	44000	170000	23.3	0.3578
59	44000	174000	15.6	0.4577
60	44000	178000	10.5	0.3666
61	44000	182000	3.8	0.2691
62	44000	186000	2.4	0.1897
63	44000	190000	2.6	0.2962
64	44000	194000	0.9	0.2991
65	44000	198000	0.3	0.2376
66	44000	202000	0.0	0.3166
67	44000	206000	0.2	0.4075
68	44000	210000	1.1	0.3194
69	44000	214000	0.2	0.0306
70	48000	154000	16.7	0.4657
71	48000	158000	16.0	0.3698
72	48000	162000	27.7	0.3618
73	48000	166000	40.5	0.2614
74	48000	170000	37.0	0.2896
75	48000	174000	22.4	0.4261
76	48000	178000	13.4	0.3159
77	48000	182000	12.4	0.2958
78	48000	186000	12.7	0.3382
79	48000	190000	15.3	0.3481
80	48000	194000	4.0	0.2176
81	48000	198000	5.7	0.2673
82	48000	202000	0.3	0.27
83	48000	206000	0.2	0.2767
84	48000	210000	1.1	0.5174
85	48000	214000	3.3	0.8448
86	52000	162000	16.3	0.4403
87	52000	166000	19.8	0.2923
88	52000	170000	42.7	0.2136
89	52000	174000	35.8	0.3161
90	52000	178000	23.0	0.3131
91	52000	182000	19.6	0.3241
92	52000	186000	23.1	0.4014
93	52000	190000	6.2	0.3198
94	52000	194000	9.8	0.4035
95	52000	198000	12.8	0.3135
96	52000	202000	2.8	0.2869
97	52000	206000	1.4	0.3296
98	52000	210000	0.7	0.3463
99	52000	214000	2.1	0.933
100	52000	218000	0.8	0.1199
101	56000	162000	19.6	0.5031
102	56000	166000	19.3	0.3751
103	56000	170000	28.7	0.2405
104	56000	174000	33.4	0.3101
105	56000	178000	36.0	0.3314
106	56000	182000	28.3	0.3101
107	56000	186000	19.6	0.3793
108	56000	190000	13.7	0.4771
109	56000	194000	14.1	0.3283
110	56000	198000	29.2	0.2574
111	56000	202000	8.4	0.3101
112	56000	206000	3.7	0.2007
113	56000	210000	1.2	0.3462
114	56000	214000	0.1	0.299
115	56000	218000	2.3	0.3664
116	56000	222000	0.1	0.0019
117	60000	162000	25.6	0.4506
118	60000	166000	15.8	0.4995
119	60000	170000	23.3	0.3422
120	60000	174000	23.2	0.3463
121	60000	178000	29.0	0.3611
122	60000	182000	21.7	0.413
123	60000	186000	27.5	0.3605
124	60000	190000	17.9	0.3981
125	60000	194000	13.9	0.3661
126	60000	198000	30.7	0.3468
127	60000	202000	18.8	0.2025
128	60000	206000	10.0	0.2103
129	60000	210000	2.2	0.4778
130	60000	214000	0.1	0.235
131	60000	218000	0.4	0.3525
132	60000	222000	1.0	0.1598
133	64000	162000	31.4	0.5391
134	64000	166000	16.3	0.4627
135	64000	170000	17.2	0.39
136	64000	174000	20.1	0.3094
137	64000	178000	22.1	0.3537
138	64000	182000	19.4	0.6494
139	64000	186000	22.3	0.4714
140	64000	190000	29.3	0.3984
141	64000	194000	17.6	0.1736
142	64000	198000	21.8	0.2461
143	64000	202000	13.0	0.3494
144	64000	206000	13.4	0.2444
145	64000	210000	9.6	0.349
146	64000	214000	0.1	0.2166
147	64000	218000	0.2	0.2434
148	64000	222000	1.4	0.3224
149	64000	226000	0.2	0.0116
150	68000	158000	33.5	0.6721
151	68000	162000	40.2	0.4999
152	68000	166000	22.9	0.5832
153	68000	170000	16.4	0.7407
154	68000	174000	25.6	0.348
155	68000	178000	19.6	0.4897
156	68000	182000	18.0	0.4584
157	68000	186000	23.1	0.3973
158	68000	190000	35.3	0.3771
159	68000	194000	25.4	0.2348
160	68000	198000	15.2	0.2212
161	68000	202000	13.4	0.2387
162	68000	206000	6.5	0.4719
163	68000	210000	8.9	0.7291
164	68000	214000	2.0	0.5984
165	68000	218000	1.6	0.2862
166	68000	222000	1.5	0.53
167	68000	226000	2.3	1.5746
168	72000	134000	40.9	0.3573
169	72000	138000	52.2	0.343
170	72000	142000	50.9	0.4298
171	72000	146000	31.2	0.4324
172	72000	150000	26.2	0.4854
173	72000	154000	21.8	0.4629
174	72000	158000	28.4	0.4703
175	72000	162000	33.1	0.4635
176	72000	166000	34.2	0.6783
177	72000	170000	15.5	0.7315
178	72000	174000	18.5	0.4677
179	72000	178000	18.6	0.3794
180	72000	182000	17.1	0.4023
181	72000	186000	23.1	0.3613
182	72000	190000	32.8	0.4333
183	72000	194000	26.7	0.3084
184	72000	198000	15.4	0.2085
185	72000	202000	12.0	0.1988
186	72000	206000	5.9	0.3776
187	72000	210000	5.4	0.6273
188	72000	214000	2.4	0.4731
189	72000	218000	0.7	0.0906
190	72000	222000	1.8	1.0189
191	72000	226000	2.2	0.7476
192	76000	134000	31.5	0.3225
193	76000	138000	51.3	0.3733
194	76000	142000	53.5	0.4158
195	76000	146000	32.9	0.6898
196	76000	150000	18.4	0.4859
197	76000	154000	16.1	0.4697
198	76000	158000	17.5	0.5725
199	76000	162000	39.6	0.374
200	76000	166000	30.2	0.4403
201	76000	170000	15.2	0.5567
202	76000	174000	13.6	0.4382
203	76000	178000	14.6	0.3954
204	76000	182000	20.0	0.3563
205	76000	186000	25.9	0.3961
206	76000	190000	29.5	0.3193
207	76000	194000	20.2	0.1521
208	76000	198000	20.2	0.2391
209	76000	202000	15.9	0.3162
210	76000	206000	6.0	0.1717
211	76000	210000	6.6	0.2609
212	76000	214000	0.8	0.1852
213	76000	218000	1.0	0.1954
214	76000	222000	0.8	0.3235
215	76000	226000	4.1	0.4831
216	76000	230000	0.2	0.0198
217	80000	130000	18.6	0.3293
218	80000	134000	32.7	0.2377
219	80000	138000	40.0	0.4338
220	80000	142000	45.5	0.495
221	80000	146000	22.5	0.662
222	80000	150000	37.4	0.3925
223	80000	154000	23.4	0.4245
224	80000	158000	13.9	0.4637
225	80000	162000	29.5	0.4416
226	80000	166000	34.3	0.4325
227	80000	170000	16.7	0.3862
228	80000	174000	13.7	0.4603
229	80000	178000	11.2	0.4304
230	80000	182000	12.6	0.294
231	80000	186000	16.5	0.2397
232	80000	190000	22.8	0.3054
233	80000	194000	14.6	0.2704
234	80000	198000	21.6	0.2035
235	80000	202000	10.0	0.2753
236	80000	206000	13.1	0.1944
237	80000	210000	9.8	0.1978
238	80000	214000	1.3	0.2002
239	80000	218000	0.3	0.2733
240	80000	222000	0.9	0.3918
241	80000	226000	1.3	0.4838
242	80000	230000	1.0	0.1107
243	84000	134000	19.3	0.3291
244	84000	138000	24.0	0.4369
245	84000	142000	27.3	1.0484
246	84000	146000	29.4	0.5821
247	84000	150000	47.5	0.3534
248	84000	154000	28.2	0.3891
249	84000	158000	17.6	0.4362
250	84000	162000	14.5	0.4259
251	84000	166000	26.5	0.3972
252	84000	170000	27.8	0.3007
253	84000	174000	15.5	0.5781
254	84000	178000	9.3	0.4478
255	84000	182000	9.6	0.3455
256	84000	186000	12.5	0.2845
257	84000	190000	16.0	0.2327
258	84000	194000	12.6	0.1496
259	84000	198000	13.8	0.4155
260	84000	202000	10.5	0.3256
261	84000	206000	14.5	0.1671
262	84000	210000	8.0	0.2648
263	84000	214000	2.0	0.1776
264	84000	218000	0.3	0.3667
265	88000	130000	19.5	0.2419
266	88000	134000	26.8	0.2055
267	88000	138000	39.4	0.3725
268	88000	142000	51.8	0.703
269	88000	146000	45.5	0.5705
270	88000	150000	49.1	0.3356
271	88000	154000	33.8	0.3857
272	88000	158000	24.8	0.4038
273	88000	162000	43.4	0.3669
274	88000	166000	21.0	0.4099
275	88000	170000	44.1	0.3054
276	88000	174000	35.7	0.2497
277	88000	178000	18.7	0.3599
278	88000	182000	8.9	0.3479
279	88000	186000	7.4	0.3111
280	88000	190000	11.1	0.2036
281	88000	194000	11.8	0.2256
282	88000	198000	8.9	0.2758
283	88000	202000	12.4	0.2221
284	88000	206000	18.6	0.1461
285	88000	210000	9.2	0.3341
286	88000	214000	1.4	0.186
287	92000	130000	26.8	0.3019
288	92000	134000	27.7	0.261
289	92000	138000	46.6	0.3822
290	92000	142000	60.9	0.3688
291	92000	146000	65.2	0.3421
292	92000	150000	43.4	0.3786
293	92000	154000	36.1	0.3753
294	92000	158000	25.4	0.329
295	92000	162000	72.1	0.2341
296	92000	166000	16.6	0.3334
297	92000	170000	30.4	0.3721
298	92000	174000	49.3	0.3642
299	92000	178000	35.8	0.4071
300	92000	182000	10.2	0.2208
301	92000	186000	7.4	0.4628
302	92000	190000	8.0	0.2505
303	92000	194000	7.2	0.1007
304	92000	198000	5.6	0.1311
305	92000	202000	12.4	0.2758
306	92000	206000	5.7	0.2585
307	92000	210000	4.3	0.3497
308	92000	214000	1.2	0.1312
309	92000	218000	0.2	0.3453
310	92000	222000	0.0	0.4409
311	96000	130000	32.7	0.3593
312	96000	134000	40.0	0.4292
313	96000	138000	52.3	0.3984
314	96000	142000	53.6	0.4291
315	96000	146000	59.4	0.3694
316	96000	150000	45.3	0.3823
317	96000	154000	74.6	0.3079
318	96000	158000	41.6	0.3851
319	96000	162000	69.3	0.3788
320	96000	166000	49.1	0.3079
321	96000	170000	19.8	0.5413
322	96000	174000	19.8	0.4571
323	96000	178000	16.4	0.3844
324	96000	182000	7.9	0.2104
325	96000	186000	8.2	0.1641
326	96000	190000	9.3	0.3988
327	96000	194000	6.2	0.2826
328	96000	198000	5.2	0.2891
329	96000	202000	4.6	0.2718
330	96000	206000	5.5	0.3365
331	96000	210000	4.6	0.3509
332	96000	214000	1.0	0.281
333	96000	218000	0.2	0.3625
334	96000	222000	0.1	0.4191
335	100000	110000	102.2	0.3638
336	100000	114000	84.0	0.4064
337	100000	118000	53.3	0.4085
338	100000	122000	27.9	0.3943
339	100000	126000	17.8	0.1997
340	100000	130000	26.3	0.2783
341	100000	134000	49.1	0.3882
342	100000	138000	63.6	0.3315
343	100000	142000	51.4	0.3855
344	100000	146000	50.6	0.353
345	100000	150000	69.3	0.3878
346	100000	154000	88.3	0.2559
347	100000	158000	77.1	0.2792
348	100000	162000	94.3	0.3613
349	100000	166000	51.1	0.333
350	100000	170000	64.3	0.3969
351	100000	174000	15.5	0.3819
352	100000	178000	12.4	0.3143
353	100000	182000	12.3	0.372
354	100000	186000	7.2	0.4026
355	100000	190000	7.1	0.5474
356	100000	194000	5.6	0.3623
357	100000	198000	5.5	0.3596
358	100000	202000	4.9	0.3181
359	100000	206000	6.3	0.1738
360	100000	210000	4.8	0.2655
361	100000	214000	0.9	0.1982
362	100000	218000	0.2	0.3904
363	100000	222000	0.1	0.4348
364	104000	110000	123.2	0.2817
365	104000	114000	99.7	0.2961
366	104000	118000	72.8	0.3402
367	104000	122000	41.0	0.3634
368	104000	126000	21.1	0.3889
369	104000	130000	41.6	0.2954
370	104000	134000	68.5	0.2993
371	104000	138000	62.0	0.3535
372	104000	142000	56.3	0.416
373	104000	146000	49.5	0.3989
374	104000	150000	60.0	0.3522
375	104000	154000	52.7	0.318
376	104000	158000	52.5	0.2953
377	104000	162000	94.2	0.2775
378	104000	166000	83.0	0.3148
379	104000	170000	68.8	0.3723
380	104000	174000	31.9	0.4105
381	104000	178000	35.6	0.3886
382	104000	182000	29.8	0.245
383	104000	186000	9.0	0.3101
384	104000	190000	7.7	0.7521
385	104000	194000	9.0	0.7292
386	104000	198000	5.9	1.0517
387	104000	202000	5.0	0.4069
388	104000	206000	4.8	0.2466
389	104000	210000	4.5	0.1796
390	104000	214000	1.0	0.2633
391	104000	218000	0.3	0.4034
392	108000	114000	120.4	0.366
393	108000	118000	117.7	0.3878
394	108000	122000	69.9	0.5201
395	108000	126000	24.9	0.4793
396	108000	130000	42.5	0.3534
397	108000	134000	74.8	0.3643
398	108000	138000	59.5	0.3291
399	108000	142000	53.7	0.3584
400	108000	146000	41.7	0.5317
401	108000	150000	39.0	0.4327
402	108000	154000	40.8	0.3515
403	108000	158000	38.6	0.3075
404	108000	162000	77.6	0.2843
405	108000	166000	51.3	0.3965
406	108000	170000	59.9	0.2859
407	108000	174000	40.6	0.3631
408	108000	178000	49.2	0.3641
409	108000	182000	31.3	0.2958
410	108000	186000	20.3	0.4007
411	108000	190000	10.0	0.7586
412	108000	194000	6.8	0.6384
413	108000	198000	6.3	1.1575
414	108000	202000	5.1	1.321
415	108000	206000	4.0	1.0312
416	108000	210000	4.8	0.4612
417	108000	214000	0.7	0.3858
418	108000	218000	0.4	0.4284
419	112000	114000	139.8	0.2379
420	112000	118000	136.2	0.2945
421	112000	122000	84.0	0.445
422	112000	126000	29.2	0.8833
423	112000	130000	49.1	0.3726
424	112000	134000	79.5	0.3936
425	112000	138000	67.1	0.3408
426	112000	142000	52.9	0.4914
427	112000	146000	51.8	0.3251
428	112000	150000	37.0	0.3501
429	112000	154000	28.4	0.614
430	112000	158000	28.8	0.366
431	112000	162000	41.7	0.3635
432	112000	166000	42.4	0.3473
433	112000	170000	71.5	0.2932
434	112000	174000	64.7	0.4796
435	112000	178000	56.2	0.3504
436	112000	182000	36.9	0.3028
437	112000	186000	16.9	0.4243
438	112000	190000	5.3	0.3784
439	112000	194000	5.6	0.4384
440	112000	198000	5.0	0.3876
441	112000	202000	4.0	0.2946
442	112000	206000	5.9	0.5757
443	112000	210000	4.7	0.5176
444	116000	114000	149.0	0.3033
445	116000	118000	128.7	0.384
446	116000	122000	93.9	0.5727
447	116000	126000	42.6	0.8089
448	116000	130000	44.2	0.4386
449	116000	134000	75.2	0.3837
450	116000	138000	67.6	0.3969
451	116000	142000	61.9	0.4224
452	116000	146000	62.6	0.3744
453	116000	150000	47.9	0.4072
454	116000	154000	45.3	0.4785
455	116000	158000	29.6	0.3654
456	116000	162000	39.0	0.4379
457	116000	166000	27.2	0.3467
458	116000	170000	55.7	0.2749
459	116000	174000	59.3	0.2901
460	116000	178000	52.1	0.3488
461	116000	182000	30.6	0.3557
462	116000	186000	13.6	0.3271
463	116000	190000	5.0	0.3579
464	116000	194000	4.9	0.2373
465	116000	198000	5.2	0.3507
466	116000	202000	4.5	0.2907
467	116000	206000	4.0	0.3457
468	116000	210000	2.6	0.2109
469	116000	214000	1.2	0.3429
470	120000	114000	140.2	0.4219
471	120000	118000	94.5	0.447
472	120000	122000	61.1	0.4173
473	120000	126000	37.8	0.6733
474	120000	130000	43.5	0.4736
475	120000	134000	86.9	0.3992
476	120000	138000	76.4	0.3486
477	120000	142000	74.1	0.3702
478	120000	146000	82.9	0.2956
479	120000	150000	59.9	0.314
480	120000	154000	52.5	0.3164
481	120000	158000	36.0	0.3197
482	120000	162000	46.4	0.2949
483	120000	166000	21.8	0.334
484	120000	170000	41.0	0.2878
485	120000	174000	55.3	0.2804
486	120000	178000	40.1	0.3066
487	120000	182000	29.6	0.3367
488	120000	186000	15.0	0.3304
489	120000	190000	4.0	0.229
490	120000	194000	4.0	0.291
491	120000	198000	3.8	0.2547
492	120000	202000	3.4	0.2932
493	120000	206000	3.0	0.4504
494	120000	210000	3.3	0.2412
495	120000	214000	1.3	0.3372
496	124000	114000	127.1	0.3792
497	124000	118000	72.6	0.416
498	124000	122000	58.3	0.6289
499	124000	126000	57.3	0.4072
500	124000	130000	55.2	0.5644
501	124000	134000	96.4	0.3991
502	124000	138000	92.5	0.3342
503	124000	142000	84.9	0.5211
504	124000	146000	86.2	0.3372
505	124000	150000	69.0	0.2917
506	124000	154000	51.6	0.343
507	124000	158000	42.6	0.349
508	124000	162000	46.9	0.3047
509	124000	166000	41.1	0.3094
510	124000	170000	24.4	0.3849
511	124000	174000	38.1	0.3295
512	124000	178000	34.6	0.4284
513	124000	182000	17.2	0.3745
514	124000	186000	9.7	0.3139
515	124000	190000	4.1	0.2806
516	124000	194000	3.4	0.2763
517	124000	198000	3.6	0.4612
518	124000	202000	4.0	0.3321
519	124000	206000	3.5	0.2157
520	124000	210000	4.8	0.2411
521	124000	214000	2.8	0.2952
522	128000	110000	139.0	0.4978
523	128000	114000	135.0	0.3722
524	128000	118000	107.0	0.396
525	128000	122000	85.4	0.4264
526	128000	126000	73.2	0.4104
527	128000	130000	72.5	0.5926
528	128000	134000	104.0	0.3652
529	128000	138000	96.9	0.6196
530	128000	142000	84.6	0.4633
531	128000	146000	75.1	0.3089
532	128000	150000	69.0	0.4739
533	128000	154000	60.0	0.5185
534	128000	158000	47.3	0.2639
535	128000	162000	50.7	0.2901
536	128000	166000	36.9	0.262
537	128000	170000	24.1	0.3938
538	128000	174000	20.3	0.4587
539	128000	178000	17.6	0.5419
540	128000	182000	13.5	0.5455
541	128000	186000	5.3	0.3008
542	128000	190000	3.7	0.2526
543	128000	194000	3.1	0.31
544	128000	198000	3.2	0.2315
545	128000	202000	12.7	0.2458
546	128000	206000	6.2	0.248
547	128000	210000	5.2	0.3556
548	128000	214000	5.9	0.337
549	128000	218000	2.0	0.4493
550	132000	74000	240.5	0.1534
551	132000	78000	246.1	0.1273
552	132000	82000	232.4	0.2271
553	132000	90000	206.0	0.1715
554	132000	94000	224.7	0.1896
555	132000	106000	192.8	0.2356
556	132000	110000	147.2	0.4804
557	132000	114000	150.8	0.3527
558	132000	118000	136.5	0.377
559	132000	122000	79.5	0.428
560	132000	126000	63.2	0.4922
561	132000	130000	93.3	0.559
562	132000	134000	123.9	0.3833
563	132000	138000	106.4	0.3973
564	132000	142000	98.2	0.4113
565	132000	146000	84.7	0.3721
566	132000	150000	69.6	0.4832
567	132000	154000	63.2	0.5093
568	132000	158000	63.3	0.3175
569	132000	162000	54.7	0.3205
570	132000	166000	57.1	0.3583
571	132000	170000	51.3	0.3775
572	132000	174000	21.5	0.3858
573	132000	178000	42.3	0.3846
574	132000	182000	27.6	0.2789
575	132000	186000	8.1	0.3424
576	132000	190000	3.5	0.4286
577	132000	194000	2.3	0.2552
578	132000	198000	3.1	0.3129
579	132000	202000	24.0	0.4367
580	132000	206000	14.1	0.3802
581	132000	210000	5.9	0.3351
582	132000	214000	1.8	0.3644
583	132000	218000	1.7	0.3887
584	136000	70000	259.3	0.1689
585	136000	74000	265.7	0.1368
586	136000	78000	265.4	0.2118
587	136000	82000	223.8	0.4179
588	136000	86000	199.5	0.1295
589	136000	90000	214.0	0.1049
590	136000	94000	235.5	0.1491
591	136000	98000	216.1	0.1191
592	136000	102000	197.1	0.1573
593	136000	106000	175.0	0.3502
594	136000	110000	144.0	0.4194
595	136000	114000	157.3	0.3789
596	136000	118000	167.4	0.3607
597	136000	122000	107.8	0.4417
598	136000	126000	83.8	0.4692
599	136000	130000	116.1	0.727
600	136000	134000	121.7	0.3474
601	136000	138000	107.0	0.5021
602	136000	142000	108.9	0.3081
603	136000	146000	109.3	0.3506
604	136000	150000	71.8	0.6145
605	136000	154000	59.2	0.5736
606	136000	158000	59.0	0.3171
607	136000	162000	42.9	0.296
608	136000	166000	49.1	0.3386
609	136000	170000	56.9	0.3392
610	136000	174000	27.8	0.3875
611	136000	178000	55.4	0.3264
612	136000	182000	40.6	0.32
613	136000	186000	13.5	0.4204
614	136000	190000	6.8	0.4192
615	136000	194000	1.7	0.2483
616	136000	198000	1.7	0.2179
617	136000	202000	21.7	0.6522
618	136000	206000	19.8	0.5383
619	136000	210000	7.1	0.3392
620	136000	214000	1.4	0.2887
621	136000	218000	0.7	0.442
622	136000	222000	1.2	0.4542
623	140000	70000	287.7	0.1309
624	140000	74000	281.5	0.1506
625	140000	78000	285.6	0.1302
626	140000	82000	242.8	0.208
627	140000	86000	211.2	0.1005
628	140000	90000	236.2	0.118
629	140000	94000	249.8	0.1597
630	140000	98000	228.7	0.164
631	140000	102000	195.7	0.2733
632	140000	106000	198.2	0.2662
633	140000	110000	171.2	0.4164
634	140000	114000	149.8	0.3008
635	140000	118000	180.6	0.3252
636	140000	122000	154.9	0.3896
637	140000	126000	113.2	0.4996
638	140000	130000	140.8	0.6028
639	140000	134000	123.2	0.4937
640	140000	138000	116.2	0.5363
641	140000	142000	95.4	0.5605
642	140000	146000	94.3	0.5477
643	140000	150000	83.1	0.571
644	140000	154000	61.9	0.4461
645	140000	158000	49.1	0.535
646	140000	162000	42.4	0.3811
647	140000	166000	50.3	0.377
648	140000	170000	52.3	0.4011
649	140000	174000	47.9	0.3851
650	140000	178000	57.8	0.4093
651	140000	182000	32.9	0.3809
652	140000	186000	22.0	0.351
653	140000	190000	9.8	0.2963
654	140000	194000	4.2	0.3063
655	140000	198000	3.3	0.2956
656	140000	202000	11.9	0.5517
657	140000	206000	17.3	0.2826
658	140000	210000	9.8	0.3427
659	140000	214000	1.9	0.827
660	140000	218000	1.4	1.7871
661	140000	222000	0.4	0.6734
662	140000	226000	1.2	0.5701
663	140000	230000	1.1	0.1597
664	144000	74000	300.4	0.1194
665	144000	78000	296.2	0.1538
666	144000	82000	247.5	0.2272
667	144000	86000	243.1	0.142
668	144000	90000	246.4	0.143
669	144000	94000	241.4	0.1193
670	144000	98000	227.3	0.187
671	144000	102000	219.3	0.2838
672	144000	106000	190.8	0.3266
673	144000	110000	174.1	0.4187
674	144000	114000	162.8	0.3608
675	144000	118000	186.7	0.3256
676	144000	122000	178.9	0.5718
677	144000	126000	162.3	0.5244
678	144000	130000	151.1	0.5764
679	144000	134000	137.3	0.3693
680	144000	138000	117.5	0.5362
681	144000	142000	111.5	0.4783
682	144000	146000	124.4	0.3757
683	144000	150000	114.7	0.6448
684	144000	154000	103.6	0.5207
685	144000	158000	73.0	0.5025
686	144000	162000	38.5	0.4952
687	144000	166000	28.9	0.7679
688	144000	170000	49.3	0.6175
689	144000	174000	50.9	0.7963
690	144000	178000	57.4	0.404
691	144000	182000	39.0	0.3551
692	144000	186000	14.5	0.2875
693	144000	190000	8.3	0.279
694	144000	194000	4.6	0.2626
695	144000	198000	2.4	0.3788
696	144000	202000	7.2	0.2618
697	144000	206000	9.2	0.2591
698	144000	210000	9.7	0.3012
699	144000	214000	2.0	0.8506
700	144000	218000	2.8	1.5117
701	144000	222000	2.8	1.2931
702	144000	226000	3.9	1.2669
703	144000	230000	2.2	0.7659
704	148000	70000	331.5	0.1369
705	148000	74000	316.9	0.231
706	148000	78000	295.1	0.1896
707	148000	82000	242.8	0.2278
708	148000	86000	224.8	0.1187
709	148000	90000	261.1	0.1072
710	148000	94000	252.5	0.21
711	148000	98000	252.3	0.1907
712	148000	102000	235.1	0.3091
713	148000	106000	182.9	0.408
714	148000	110000	166.7	0.439
715	148000	114000	190.7	0.3587
716	148000	118000	161.5	0.3272
717	148000	122000	152.0	0.6528
718	148000	126000	169.4	0.5522
719	148000	130000	153.9	0.5911
720	148000	134000	142.2	0.4008
721	148000	138000	149.1	0.405
722	148000	142000	135.4	0.5462
723	148000	146000	136.3	0.4536
724	148000	150000	122.1	0.491
725	148000	154000	101.3	0.5276
726	148000	158000	99.6	0.5133
727	148000	162000	89.8	0.5507
728	148000	166000	66.8	0.7768
729	148000	170000	39.0	0.8427
730	148000	174000	36.2	0.8225
731	148000	178000	49.4	0.8519
732	148000	182000	35.5	0.4993
733	148000	186000	13.5	0.3621
734	148000	190000	7.8	0.4311
735	148000	194000	3.1	0.4699
736	148000	198000	3.1	0.5578
737	148000	202000	6.6	0.4633
738	148000	206000	9.1	0.4735
739	148000	210000	4.4	0.8931
740	148000	214000	3.3	0.7882
741	148000	218000	2.8	1.643
742	148000	222000	4.1	1.634
743	148000	226000	4.6	0.8578
744	148000	230000	9.7	0.5497
745	152000	70000	337.0	0.1086
746	152000	74000	328.4	0.1407
747	152000	78000	303.8	0.1997
748	152000	82000	232.5	0.1743
749	152000	86000	224.9	0.1015
750	152000	90000	246.0	0.1514
751	152000	94000	262.6	0.1718
752	152000	98000	238.5	0.1494
753	152000	102000	223.4	0.2316
754	152000	106000	191.6	0.3166
755	152000	110000	185.6	0.3711
756	152000	114000	187.4	0.3646
757	152000	118000	153.8	0.6551
758	152000	122000	118.9	0.8069
759	152000	126000	137.8	0.6609
760	152000	130000	140.4	0.537
761	152000	134000	141.1	0.4134
762	152000	138000	151.5	0.4325
763	152000	142000	144.5	0.4346
764	152000	146000	143.0	0.4158
765	152000	150000	128.8	0.4757
766	152000	154000	112.4	0.6409
767	152000	158000	120.0	0.54
768	152000	162000	122.6	0.3539
769	152000	166000	93.7	0.7241
770	152000	170000	74.7	0.7135
771	152000	174000	39.7	1.0713
772	152000	178000	33.7	0.7574
773	152000	182000	18.2	0.5029
774	152000	186000	11.0	0.5354
775	152000	190000	6.2	0.3735
776	152000	194000	2.6	0.2618
777	152000	198000	13.4	0.5933
778	152000	202000	15.0	0.4117
779	152000	206000	12.9	0.6154
780	152000	210000	8.0	1.0883
781	152000	214000	5.3	1.4083
782	152000	218000	3.4	1.7763
783	152000	222000	2.5	0.8303
784	152000	226000	10.3	0.4051
785	152000	230000	21.5	0.1891
786	152000	234000	21.2	0.158
787	152000	238000	13.7	0.0958
788	156000	70000	342.7	0.1274
789	156000	74000	354.4	0.2102
790	156000	78000	298.9	0.1632
791	156000	82000	237.0	0.2059
792	156000	86000	189.1	0.0594
793	156000	90000	220.1	0.1502
794	156000	94000	259.7	0.1574
795	156000	98000	252.6	0.1684
796	156000	102000	237.4	0.2926
797	156000	106000	206.6	0.3843
798	156000	110000	213.4	0.3358
799	156000	114000	219.9	0.3997
800	156000	118000	173.1	0.5109
801	156000	122000	125.0	0.7005
802	156000	126000	162.6	0.7417
803	156000	130000	155.9	0.745
804	156000	134000	147.2	0.4576
805	156000	138000	149.5	0.4397
806	156000	142000	133.0	0.4257
807	156000	146000	124.9	0.4011
808	156000	150000	116.8	0.3967
809	156000	154000	104.4	0.4794
810	156000	158000	101.9	0.4512
811	156000	162000	112.0	0.4321
812	156000	166000	107.0	0.3362
813	156000	170000	70.3	0.6784
814	156000	174000	48.1	0.8952
815	156000	178000	24.6	0.8756
816	156000	182000	10.7	0.5085
817	156000	186000	8.3	0.5362
818	156000	190000	6.2	0.644
819	156000	194000	3.4	0.6047
820	156000	198000	13.4	0.4312
821	156000	202000	15.8	0.6077
822	156000	206000	16.2	0.6409
823	156000	210000	8.0	0.9291
824	156000	214000	4.6	1.0291
825	156000	218000	6.7	0.7824
826	156000	222000	10.5	0.5808
827	156000	226000	22.6	0.5236
828	156000	230000	23.7	0.4236
829	156000	234000	18.9	0.3349
830	156000	238000	14.6	0.3922
831	156000	242000	8.1	0.0534
832	160000	70000	357.6	0.0936
833	160000	74000	341.5	0.1625
834	160000	78000	313.5	0.1613
835	160000	82000	229.4	0.3396
836	160000	86000	177.4	0.3687
837	160000	90000	193.3	0.2326
838	160000	94000	226.1	0.1752
839	160000	98000	265.2	0.2226
840	160000	102000	244.0	0.376
841	160000	106000	246.7	0.3379
842	160000	110000	223.5	0.3822
843	160000	114000	206.9	0.3617
844	160000	118000	183.7	0.3993
845	160000	122000	119.4	0.7271
846	160000	126000	155.2	0.53
847	160000	130000	157.6	0.702
848	160000	134000	147.2	0.4567
849	160000	138000	145.7	0.4564
850	160000	142000	128.6	0.3654
851	160000	146000	109.8	0.3755
852	160000	150000	122.5	0.4381
853	160000	154000	99.9	0.4787
854	160000	158000	84.6	0.6406
855	160000	162000	94.1	0.5528
856	160000	166000	104.4	0.4331
857	160000	170000	77.7	0.5832
858	160000	174000	59.2	0.5779
859	160000	178000	29.0	0.5817
860	160000	182000	11.5	0.509
861	160000	186000	8.8	0.4818
862	160000	190000	5.6	0.71
863	160000	194000	4.3	0.3829
864	160000	198000	5.3	0.3133
865	160000	202000	7.9	0.256
866	160000	206000	12.4	0.3947
867	160000	210000	7.5	0.4714
868	160000	214000	8.1	0.5276
869	160000	218000	13.2	0.5051
870	160000	222000	16.8	0.5437
871	160000	226000	24.6	0.391
872	160000	230000	20.7	0.2795
873	160000	234000	14.4	0.2168
874	160000	238000	13.7	0.2659
875	160000	242000	13.3	0.1207
876	164000	74000	347.4	0.1483
877	164000	78000	345.5	0.1602
878	164000	82000	277.8	0.1965
879	164000	86000	195.0	0.2122
880	164000	90000	195.2	0.137
881	164000	94000	224.1	0.1449
882	164000	98000	266.0	0.2108
883	164000	102000	260.0	0.2245
884	164000	106000	258.8	0.2903
885	164000	110000	246.0	0.2165
886	164000	114000	224.7	0.2665
887	164000	118000	188.4	0.3313
888	164000	122000	126.3	0.4784
889	164000	126000	136.0	0.7266
890	164000	130000	156.4	0.5043
891	164000	134000	146.0	0.4639
892	164000	138000	147.4	0.3893
893	164000	142000	143.9	0.4078
894	164000	146000	112.6	0.41
895	164000	150000	93.7	0.5352
896	164000	154000	85.1	0.5106
897	164000	158000	87.4	0.4172
898	164000	162000	78.7	0.4146
899	164000	166000	82.2	0.4284
900	164000	170000	72.7	0.4586
901	164000	174000	61.4	0.4918
902	164000	178000	26.6	0.4338
903	164000	182000	12.3	0.4716
904	164000	186000	7.9	0.3404
905	164000	190000	7.4	0.2852
906	164000	194000	10.0	0.2241
907	164000	198000	7.8	0.1505
908	164000	202000	4.8	0.4031
909	164000	206000	7.7	0.2223
910	164000	210000	9.4	0.5394
911	164000	214000	11.2	0.5396
912	164000	218000	14.4	0.3708
913	164000	222000	23.1	0.5636
914	164000	226000	24.0	0.2262
915	164000	230000	19.1	0.2037
916	164000	234000	15.6	0.2385
917	164000	238000	12.5	0.0337
918	164000	242000	13.1	0.0535
919	168000	74000	335.1	0.1655
920	168000	78000	350.2	0.2021
921	168000	82000	287.2	0.1674
922	168000	86000	207.7	0.2934
923	168000	90000	207.1	0.1819
924	168000	94000	194.3	0.2619
925	168000	98000	261.2	0.2854
926	168000	102000	285.9	0.3127
927	168000	106000	274.1	0.3955
928	168000	110000	253.4	0.3658
929	168000	114000	229.6	0.3245
930	168000	118000	207.6	0.2664
931	168000	122000	158.0	0.6403
932	168000	126000	114.1	0.5418
933	168000	130000	155.4	0.4585
934	168000	134000	146.6	0.4452
935	168000	138000	156.5	0.4206
936	168000	142000	142.4	0.4628
937	168000	146000	123.9	0.4769
938	168000	150000	128.9	0.6991
939	168000	154000	99.4	0.5145
940	168000	158000	76.0	0.4554
941	168000	162000	59.0	0.3146
942	168000	166000	49.6	0.3381
943	168000	170000	57.0	0.4456
944	168000	174000	63.3	0.4611
945	168000	178000	25.6	0.3921
946	168000	182000	13.2	0.4069
947	168000	186000	8.7	0.4166
948	168000	190000	9.0	0.3587
949	168000	194000	14.9	0.2868
950	168000	198000	9.3	0.2585
951	168000	202000	5.2	0.2606
952	168000	206000	6.0	0.2798
953	168000	210000	8.6	0.3509
954	168000	214000	12.9	0.3405
955	168000	218000	17.7	0.5073
956	168000	222000	28.9	0.1195
957	168000	226000	22.9	0.2781
958	168000	230000	17.3	0.178
959	168000	234000	12.8	0.2052
960	172000	74000	232.6	0.1983
961	172000	78000	302.5	0.1661
962	172000	82000	301.1	0.1572
963	172000	86000	207.8	0.1982
964	172000	90000	209.9	0.2334
965	172000	94000	175.1	0.1871
966	172000	98000	245.3	0.1707
967	172000	102000	284.6	0.2693
968	172000	106000	273.6	0.2694
969	172000	110000	252.1	0.3967
970	172000	114000	252.2	0.3878
971	172000	118000	239.7	0.2006
972	172000	122000	185.9	0.3975
973	172000	126000	120.1	0.4537
974	172000	130000	130.8	0.4035
975	172000	134000	148.1	0.3929
976	172000	138000	155.5	0.4454
977	172000	142000	156.2	0.4535
978	172000	146000	148.8	0.4397
979	172000	150000	133.2	0.4396
980	172000	154000	101.6	0.4396
981	172000	158000	67.7	0.4934
982	172000	162000	70.8	0.4021
983	172000	166000	78.6	0.2826
984	172000	170000	55.1	0.3845
985	172000	174000	43.0	0.5851
986	172000	178000	24.9	0.5012
987	172000	182000	11.9	0.3164
988	172000	186000	10.4	0.4129
989	172000	190000	9.9	0.3241
990	172000	194000	15.2	0.3772
991	172000	198000	9.4	0.2656
992	172000	202000	6.2	0.1857
993	172000	206000	5.9	0.313
994	172000	210000	8.2	0.2466
995	172000	214000	12.0	0.3426
996	172000	218000	18.8	0.4105
997	172000	222000	25.0	0.3737
998	172000	226000	24.7	0.4248
999	172000	230000	19.1	0.1866
1000	172000	234000	13.8	0.1509
1001	172000	238000	10.9	0.1933
1002	176000	86000	167.1	0.234
1003	176000	90000	194.8	0.226
1004	176000	94000	185.4	0.1635
1005	176000	98000	212.0	0.1568
1006	176000	102000	272.7	0.1593
1007	176000	106000	268.3	0.1879
1008	176000	110000	242.0	0.314
1009	176000	114000	240.2	0.3697
1010	176000	118000	242.6	0.2707
1011	176000	122000	196.2	0.2951
1012	176000	126000	117.2	0.4045
1013	176000	130000	161.2	0.4158
1014	176000	134000	172.3	0.5749
1015	176000	138000	164.4	0.391
1016	176000	142000	154.8	0.4387
1017	176000	146000	154.0	0.4267
1018	176000	150000	143.5	0.5424
1019	176000	154000	129.3	0.4129
1020	176000	158000	103.0	0.4122
1021	176000	162000	85.5	0.5007
1022	176000	166000	86.7	0.3417
1023	176000	170000	60.3	0.5056
1024	176000	174000	45.1	0.7172
1025	176000	178000	33.2	0.501
1026	176000	182000	16.9	0.4518
1027	176000	186000	13.7	0.4112
1028	176000	190000	11.5	0.309
1029	176000	194000	11.0	0.3617
1030	176000	198000	10.1	0.3133
1031	176000	202000	9.3	0.2356
1032	176000	206000	10.2	0.3214
1033	176000	210000	12.7	0.3562
1034	176000	214000	14.7	0.1033
1035	176000	218000	20.6	0.2643
1036	176000	222000	22.6	0.3249
1037	176000	226000	25.1	0.2903
1038	176000	230000	21.5	0.3175
1039	176000	234000	14.8	0.308
1040	176000	238000	10.3	0.2291
1041	176000	242000	7.2	0.2043
1042	180000	70000	462.3	0.139
1043	180000	74000	434.4	0.1655
1044	180000	90000	156.7	0.3425
1045	180000	94000	165.4	0.1919
1046	180000	98000	203.1	0.232
1047	180000	102000	234.0	0.2448
1048	180000	106000	232.2	0.1979
1049	180000	110000	211.3	0.2402
1050	180000	114000	227.8	0.2426
1051	180000	118000	229.9	0.3479
1052	180000	122000	215.0	0.2856
1053	180000	126000	138.7	0.4874
1054	180000	130000	166.1	0.428
1055	180000	134000	168.5	0.4205
1056	180000	138000	171.4	0.4294
1057	180000	142000	164.3	0.4291
1058	180000	146000	151.6	0.4654
1059	180000	150000	135.6	0.4259
1060	180000	154000	125.1	0.4289
1061	180000	158000	121.8	0.4539
1062	180000	162000	98.0	0.502
1063	180000	166000	86.1	0.4364
1064	180000	170000	68.3	0.5692
1065	180000	174000	72.1	0.4438
1066	180000	178000	49.3	0.4005
1067	180000	182000	31.6	0.2542
1068	180000	186000	17.9	0.4049
1069	180000	190000	12.8	0.3515
1070	180000	194000	10.1	0.3223
1071	180000	198000	10.0	0.3484
1072	180000	202000	9.2	0.2461
1073	180000	206000	12.2	0.3924
1074	180000	210000	13.5	0.2443
1075	180000	214000	14.7	0.193
1076	180000	218000	20.0	0.3227
1077	180000	222000	24.0	0.3837
1078	180000	226000	26.6	0.3486
1079	180000	230000	19.7	0.1151
1080	180000	234000	16.9	0.1891
1081	180000	238000	15.0	0.2329
1082	180000	242000	10.6	0.1931
1083	180000	246000	7.5	0.0386
1084	184000	54000	266.5	0.1495
1085	184000	58000	299.5	0.1788
1086	184000	62000	275.5	0.2132
1087	184000	70000	429.6	0.1634
1088	184000	74000	384.4	0.1509
1089	184000	78000	351.0	0.1426
1090	184000	82000	289.7	0.1584
1091	184000	86000	264.3	0.1517
1092	184000	90000	167.9	0.237
1093	184000	94000	159.1	0.4937
1094	184000	98000	198.1	0.2298
1095	184000	102000	203.5	0.3198
1096	184000	106000	218.3	0.2429
1097	184000	110000	177.5	0.2368
1098	184000	114000	159.3	0.2905
1099	184000	118000	190.2	0.3187
1100	184000	122000	198.1	0.3778
1101	184000	126000	144.9	0.7442
1102	184000	130000	132.3	0.5309
1103	184000	134000	174.9	0.4536
1104	184000	138000	168.2	0.4107
1105	184000	142000	152.1	0.4409
1106	184000	146000	144.1	0.421
1107	184000	150000	128.7	0.4275
1108	184000	154000	107.1	0.4264
1109	184000	158000	91.0	0.4596
1110	184000	162000	86.8	0.4398
1111	184000	166000	77.3	0.613
1112	184000	170000	64.4	0.4563
1113	184000	174000	70.5	0.4051
1114	184000	178000	52.1	0.3768
1115	184000	182000	41.7	0.2965
1116	184000	186000	27.4	0.4394
1117	184000	190000	16.6	0.3202
1118	184000	194000	13.3	0.2531
1119	184000	198000	12.0	0.2639
1120	184000	202000	17.6	0.3784
1121	184000	206000	17.8	0.3757
1122	184000	210000	18.1	0.2569
1123	184000	214000	14.4	0.2107
1124	184000	218000	18.4	0.3286
1125	184000	222000	24.4	0.5461
1126	184000	226000	27.8	0.4522
1127	184000	230000	23.5	0.1796
1128	184000	234000	19.7	0.0695
1129	184000	238000	17.6	0.0383
1130	184000	242000	13.3	0.027
1131	188000	54000	369.2	0.1522
1132	188000	58000	351.1	0.1916
1133	188000	62000	270.4	0.2188
1134	188000	66000	362.7	0.1644
1135	188000	70000	397.8	0.1402
1136	188000	74000	368.0	0.1244
1137	188000	78000	358.7	0.1435
1138	188000	82000	329.9	0.1855
1139	188000	86000	305.1	0.1907
1140	188000	90000	204.2	0.2211
1141	188000	94000	236.3	0.2431
1142	188000	98000	251.3	0.293
1143	188000	102000	169.7	0.3174
1144	188000	106000	178.5	0.4421
1145	188000	110000	180.0	0.2633
1146	188000	114000	201.1	0.4659
1147	188000	118000	217.6	0.3372
1148	188000	122000	189.9	0.3309
1149	188000	126000	159.9	0.5232
1150	188000	130000	146.4	0.6523
1151	188000	134000	190.1	0.4883
1152	188000	138000	172.7	0.3732
1153	188000	142000	152.1	0.4541
1154	188000	146000	142.8	0.4097
1155	188000	150000	126.4	0.4327
1156	188000	154000	111.7	0.4618
1157	188000	158000	87.5	0.4426
1158	188000	162000	65.5	0.5748
1159	188000	166000	57.0	0.5955
1160	188000	170000	56.2	0.3921
1161	188000	174000	66.6	0.3195
1162	188000	178000	66.9	0.2965
1163	188000	182000	35.2	0.2941
1164	188000	186000	21.6	0.2475
1165	188000	190000	18.7	0.2443
1166	188000	194000	24.4	0.2481
1167	188000	198000	16.3	0.3524
1168	188000	202000	19.2	0.3336
1169	188000	206000	20.3	0.3168
1170	188000	210000	16.6	0.242
1171	188000	214000	19.5	0.3514
1172	188000	218000	19.5	0.2261
1173	188000	222000	23.2	0.5884
1174	188000	226000	29.7	0.2855
1175	188000	230000	25.7	0.1546
1176	188000	234000	24.6	0.0916
1177	188000	238000	24.7	0.1826
1178	192000	54000	391.2	0.1655
1179	192000	58000	316.2	0.2052
1180	192000	62000	297.3	0.1928
1181	192000	66000	357.2	0.1512
1182	192000	70000	393.7	0.1186
1183	192000	74000	364.7	0.1633
1184	192000	78000	369.5	0.1561
1185	192000	82000	341.4	0.1713
1186	192000	86000	287.0	0.1278
1187	192000	90000	189.3	0.2592
1188	192000	94000	221.8	0.1502
1189	192000	98000	223.4	0.1868
1190	192000	102000	220.7	0.2531
1191	192000	106000	227.7	0.2721
1192	192000	110000	257.8	0.3294
1193	192000	114000	229.1	0.2133
1194	192000	118000	246.2	0.2218
1195	192000	122000	226.0	0.3262
1196	192000	126000	179.3	0.3474
1197	192000	130000	148.9	0.6259
1198	192000	134000	182.9	0.4564
1199	192000	138000	174.3	0.3794
1200	192000	142000	149.8	0.4249
1201	192000	146000	138.8	0.4312
1202	192000	150000	123.5	0.4538
1203	192000	154000	97.0	0.4568
1204	192000	158000	73.3	0.6047
1205	192000	162000	68.6	0.5818
1206	192000	166000	48.5	0.4825
1207	192000	170000	51.8	0.3757
1208	192000	174000	48.5	0.3134
1209	192000	178000	56.3	0.1901
1210	192000	182000	46.8	0.3597
1211	192000	186000	42.9	0.4026
1212	192000	190000	22.5	0.2938
1213	192000	194000	21.0	0.2363
1214	192000	198000	15.5	0.193
1215	192000	202000	17.4	0.2725
1216	192000	206000	20.4	0.4229
1217	192000	210000	16.1	0.1862
1218	192000	214000	20.3	0.3407
1219	192000	218000	18.8	0.2133
1220	192000	222000	21.8	0.47
1221	192000	226000	27.9	0.3352
1222	192000	230000	31.7	0.3853
1223	192000	234000	28.5	0.2592
1224	192000	238000	24.3	0.2335
1225	196000	50000	368.0	0.1642
1226	196000	54000	356.9	0.2084
1227	196000	58000	285.8	0.1871
1228	196000	62000	377.3	0.1377
1229	196000	66000	383.6	0.1222
1230	196000	70000	393.0	0.1501
1231	196000	74000	390.1	0.1589
1232	196000	78000	411.3	0.1625
1233	196000	82000	339.8	0.1557
1234	196000	86000	259.0	0.1029
1235	196000	90000	181.8	0.1802
1236	196000	94000	191.7	0.1791
1237	196000	98000	187.1	0.2121
1238	196000	102000	244.0	0.2467
1239	196000	106000	264.7	0.4179
1240	196000	110000	251.0	0.3188
1241	196000	114000	253.3	0.4391
1242	196000	118000	263.8	0.3064
1243	196000	122000	236.2	0.2528
1244	196000	126000	168.9	0.2784
1245	196000	130000	146.0	0.6833
1246	196000	134000	193.4	0.3427
1247	196000	138000	187.1	0.405
1248	196000	142000	159.9	0.4124
1249	196000	146000	139.6	0.4316
1250	196000	150000	129.4	0.4551
1251	196000	154000	98.6	0.4475
1252	196000	158000	81.7	0.6092
1253	196000	162000	62.3	0.4371
1254	196000	166000	44.4	0.3642
1255	196000	170000	38.7	0.2914
1256	196000	174000	42.3	0.2421
1257	196000	178000	50.0	0.2075
1258	196000	182000	51.0	0.3249
1259	196000	186000	38.6	0.3697
1260	196000	190000	25.1	0.3094
1261	196000	194000	25.8	0.1748
1262	196000	198000	20.4	0.3219
1263	196000	202000	22.1	0.4108
1264	196000	206000	21.2	0.2746
1265	196000	210000	22.7	0.2016
1266	196000	214000	20.6	0.1136
1267	196000	218000	20.4	0.1553
1268	196000	222000	25.0	0.4656
1269	196000	226000	27.4	0.1849
1270	196000	230000	32.5	0.2356
1271	196000	234000	28.3	0.2608
1272	196000	238000	25.1	0.3199
1273	196000	242000	21.4	0.2146
1274	200000	50000	394.4	0.161
1275	200000	54000	305.9	0.1773
1276	200000	58000	370.1	0.1474
1277	200000	62000	407.5	0.1382
1278	200000	66000	414.9	0.1476
1279	200000	70000	392.2	0.1434
1280	200000	74000	363.6	0.1391
1281	200000	78000	379.2	0.1565
1282	200000	82000	363.7	0.1248
1283	200000	86000	250.0	0.0748
1284	200000	90000	168.8	0.1902
1285	200000	94000	156.5	0.1825
1286	200000	98000	218.9	0.1139
1287	200000	102000	273.6	0.2103
1288	200000	106000	285.6	0.3127
1289	200000	110000	255.7	0.3771
1290	200000	114000	250.8	0.2491
1291	200000	118000	277.8	0.2657
1292	200000	122000	256.0	0.2947
1293	200000	126000	219.1	0.2467
1294	200000	130000	162.6	0.3941
1295	200000	134000	162.9	0.5614
1296	200000	138000	184.6	0.4315
1297	200000	142000	166.3	0.3975
1298	200000	146000	141.3	0.4353
1299	200000	150000	139.1	0.4771
1300	200000	154000	122.4	0.5468
1301	200000	158000	95.0	0.5713
1302	200000	162000	70.3	0.4932
1303	200000	166000	43.3	0.358
1304	200000	170000	29.4	0.2252
1305	200000	174000	40.2	0.2514
1306	200000	178000	39.1	0.2682
1307	200000	182000	37.2	0.3435
1308	200000	186000	27.8	0.3274
1309	200000	190000	25.6	0.2367
1310	200000	194000	30.9	0.3794
1311	200000	198000	21.7	0.3102
1312	200000	202000	24.3	0.3028
1313	200000	206000	25.2	0.2071
1314	200000	210000	26.6	0.3597
1315	200000	214000	23.0	0.2815
1316	200000	218000	22.2	0.335
1317	200000	222000	23.4	0.4387
1318	200000	226000	30.5	0.2878
1319	200000	230000	34.6	0.2019
1320	200000	234000	31.2	0.2153
1321	200000	238000	26.3	0.3008
1322	200000	242000	22.1	0.1783
1323	204000	46000	335.2	0.1608
1324	204000	50000	404.0	0.169
1325	204000	54000	303.4	0.1554
1326	204000	58000	376.7	0.1261
1327	204000	62000	398.6	0.0787
1328	204000	66000	404.4	0.1743
1329	204000	70000	379.2	0.1474
1330	204000	74000	360.9	0.1501
1331	204000	78000	340.7	0.1475
1332	204000	82000	307.2	0.1628
1333	204000	86000	250.5	0.412
1334	204000	90000	189.8	0.1294
1335	204000	94000	167.2	0.1875
1336	204000	98000	229.9	0.1402
1337	204000	102000	281.4	0.2252
1338	204000	106000	295.1	0.2689
1339	204000	110000	280.5	0.3535
1340	204000	114000	265.0	0.2391
1341	204000	118000	283.8	0.2744
1342	204000	122000	264.8	0.284
1343	204000	126000	259.1	0.3092
1344	204000	130000	193.6	0.2969
1345	204000	134000	146.7	0.4424
1346	204000	138000	159.3	0.5258
1347	204000	142000	157.9	0.3986
1348	204000	146000	140.2	0.4215
1349	204000	150000	138.6	0.4284
1350	204000	154000	130.7	0.618
1351	204000	158000	103.9	0.4363
1352	204000	162000	80.1	0.4131
1353	204000	166000	56.6	0.3121
1354	204000	170000	34.9	0.3184
1355	204000	174000	26.4	0.1882
1356	204000	178000	25.9	0.2461
1357	204000	182000	22.7	0.2324
1358	204000	186000	28.3	0.2566
1359	204000	190000	36.6	0.2603
1360	204000	194000	26.0	0.3498
1361	204000	198000	30.3	0.5265
1362	204000	202000	29.6	0.2154
1363	204000	206000	29.5	0.312
1364	204000	210000	29.1	0.4202
1365	204000	214000	26.2	0.3995
1366	204000	218000	27.9	0.2558
1367	204000	222000	27.9	0.2518
1368	204000	226000	30.8	0.262
1369	204000	230000	28.7	0.0877
1370	208000	42000	238.2	0.161
1371	208000	46000	299.9	0.1636
1372	208000	50000	406.6	0.1709
1373	208000	54000	312.4	0.1567
1374	208000	58000	358.1	0.1478
1375	208000	62000	406.3	0.1326
1376	208000	66000	419.2	0.1098
1377	208000	70000	409.8	0.1357
1378	208000	74000	370.1	0.1568
1379	208000	78000	402.5	0.1672
1380	208000	82000	362.3	0.1612
1381	208000	86000	267.0	0.1411
1382	208000	90000	192.7	0.1564
1383	208000	94000	184.1	0.1408
1384	208000	98000	209.6	0.1533
1385	208000	102000	264.8	0.1957
1386	208000	106000	302.1	0.2184
1387	208000	110000	311.3	0.284
1388	208000	114000	286.5	0.2562
1389	208000	118000	292.8	0.2942
1390	208000	122000	265.8	0.2988
1391	208000	126000	244.7	0.3186
1392	208000	130000	246.4	0.2797
1393	208000	134000	139.2	0.3193
1394	208000	138000	127.7	0.6563
1395	208000	142000	144.2	0.4627
1396	208000	146000	145.6	0.3983
1397	208000	150000	133.6	0.4412
1398	208000	154000	127.6	0.5421
1399	208000	158000	111.3	0.3825
1400	208000	162000	84.5	0.4044
1401	208000	166000	61.1	0.5053
1402	208000	170000	41.2	0.3463
1403	208000	174000	45.6	0.2747
1404	208000	178000	39.7	0.2333
1405	208000	182000	26.8	0.3214
1406	208000	186000	32.4	0.2541
1407	208000	190000	30.1	0.2053
1408	208000	194000	32.5	0.5478
1409	208000	198000	38.0	0.3523
1410	208000	202000	39.9	0.2037
1411	208000	206000	34.3	0.269
1412	208000	210000	35.4	0.3557
1413	208000	214000	35.9	0.2405
1414	208000	218000	39.6	0.2761
1415	208000	222000	40.8	0.2572
1416	212000	42000	278.7	0.1476
1417	212000	46000	322.9	0.1224
1418	212000	50000	368.6	0.1562
1419	212000	54000	330.5	0.1744
1420	212000	58000	388.4	0.1621
1421	212000	62000	429.3	0.1637
1422	212000	66000	446.9	0.1977
1423	212000	70000	410.8	0.108
1424	212000	74000	388.0	0.1483
1425	212000	78000	424.4	0.1383
1426	212000	82000	370.9	0.1592
1427	212000	86000	304.7	0.1994
1428	212000	90000	257.9	0.2237
1429	212000	94000	231.1	0.3207
1430	212000	98000	233.7	0.4575
1431	212000	102000	234.6	0.1068
1432	212000	106000	272.7	0.1114
1433	212000	110000	276.5	0.1748
1434	212000	114000	312.9	0.2948
1435	212000	118000	291.4	0.2569
1436	212000	122000	261.4	0.1703
1437	212000	126000	231.6	0.2354
1438	212000	130000	216.4	0.2903
1439	212000	134000	153.7	0.4801
1440	212000	138000	135.5	0.4541
1441	212000	142000	184.7	0.5277
1442	212000	146000	167.5	0.4595
1443	212000	150000	139.7	0.463
1444	212000	154000	120.1	0.6409
1445	212000	158000	106.6	0.3893
1446	212000	162000	88.7	0.3811
1447	212000	166000	67.0	0.2874
1448	212000	170000	47.5	0.2479
1449	212000	174000	55.9	0.2979
1450	212000	178000	36.6	0.3111
1451	212000	182000	28.5	0.299
1452	212000	186000	31.8	0.3875
1453	212000	190000	35.1	0.3938
1454	212000	194000	37.0	0.4361
1455	212000	198000	45.7	0.3882
1456	212000	202000	47.9	0.4315
1457	212000	206000	40.7	0.1456
1458	212000	210000	43.5	0.5286
1459	212000	214000	44.6	0.5877
1460	212000	218000	44.1	0.2679
1461	212000	222000	40.9	0.1918
1462	216000	34000	221.6	0.1454
1463	216000	38000	273.0	0.1277
1464	216000	42000	335.3	0.2355
1465	216000	46000	319.3	0.1157
1466	216000	50000	391.8	0.1655
1467	216000	54000	402.1	0.1591
1468	216000	58000	404.9	0.2331
1469	216000	62000	439.0	0.2102
1470	216000	66000	467.1	0.1439
1471	216000	70000	458.4	0.1526
1472	216000	74000	458.7	0.1352
1473	216000	78000	398.1	0.1757
1474	216000	82000	396.2	0.1725
1475	216000	86000	323.6	0.1584
1476	216000	90000	279.7	0.1825
1477	216000	94000	268.4	0.3094
1478	216000	98000	264.9	0.3704
1479	216000	102000	241.0	0.2008
1480	216000	106000	239.3	0.128
1481	216000	110000	230.2	0.105
1482	216000	114000	293.7	0.2067
1483	216000	118000	287.6	0.3075
1484	216000	122000	256.6	0.2527
1485	216000	126000	230.9	0.3085
1486	216000	130000	237.8	0.2546
1487	216000	134000	210.2	0.2437
1488	216000	138000	126.4	0.5202
1489	216000	142000	179.8	0.4427
1490	216000	146000	168.5	0.4166
1491	216000	150000	145.6	0.4469
1492	216000	154000	123.5	0.635
1493	216000	158000	108.8	0.4182
1494	216000	162000	76.9	0.4048
1495	216000	166000	67.1	0.2072
1496	216000	170000	54.6	0.2192
1497	216000	174000	41.2	0.3096
1498	216000	178000	41.4	0.3804
1499	216000	182000	33.3	0.7158
1500	216000	186000	35.2	0.1935
1501	216000	190000	39.6	0.3402
1502	216000	194000	52.7	0.6886
1503	216000	198000	61.7	0.1865
1504	216000	202000	59.6	0.2642
1505	216000	206000	54.2	0.1732
1506	216000	210000	53.2	0.3778
1507	216000	214000	47.1	0.5313
1508	216000	218000	40.8	0.1623
1509	220000	34000	231.7	0.1408
1510	220000	38000	274.6	0.1573
1511	220000	42000	336.1	0.136
1512	220000	46000	335.6	0.1358
1513	220000	50000	400.2	0.1709
1514	220000	54000	404.9	0.1055
1515	220000	58000	394.9	0.1037
1516	220000	62000	437.5	0.1201
1517	220000	66000	471.2	0.1657
1518	220000	70000	482.0	0.1875
1519	220000	74000	464.7	0.1551
1520	220000	78000	433.7	0.1636
1521	220000	82000	475.9	0.1301
1522	220000	86000	404.7	0.1744
1523	220000	90000	380.0	0.1945
1524	220000	94000	306.8	0.1414
1525	220000	98000	282.6	0.1084
1526	220000	102000	251.3	0.393
1527	220000	106000	196.5	0.292
1528	220000	110000	210.4	0.1867
1529	220000	114000	241.3	0.1497
1530	220000	118000	294.2	0.2155
1531	220000	122000	281.0	0.3002
1532	220000	126000	250.4	0.269
1533	220000	130000	256.4	0.338
1534	220000	134000	226.0	0.2573
1535	220000	138000	141.4	0.4413
1536	220000	142000	175.6	0.6909
1537	220000	146000	170.0	0.4416
1538	220000	150000	155.2	0.4394
1539	220000	154000	130.4	0.6634
1540	220000	158000	112.6	0.4643
1541	220000	162000	87.6	0.3777
1542	220000	166000	91.3	0.2795
1543	220000	170000	65.0	0.2531
1544	220000	174000	46.4	0.2465
1545	220000	178000	49.9	0.3843
1546	220000	182000	36.2	0.5364
1547	220000	186000	42.8	0.465
1548	220000	190000	50.8	0.5332
1549	220000	194000	66.1	0.3514
1550	220000	198000	68.6	0.2141
1551	220000	202000	64.7	0.3106
1552	220000	206000	61.8	0.2728
1553	220000	210000	53.8	0.2008
1554	220000	214000	43.6	0.4961
1555	220000	218000	37.8	0.1381
1556	224000	34000	270.2	0.1702
1557	224000	38000	314.2	0.1596
1558	224000	42000	340.7	0.1923
1559	224000	46000	355.8	0.1407
1560	224000	50000	391.6	0.1411
1561	224000	54000	398.8	0.1484
1562	224000	58000	406.0	0.1135
1563	224000	62000	432.3	0.0842
1564	224000	66000	472.0	0.1915
1565	224000	70000	526.9	0.1843
1566	224000	74000	467.7	0.0897
1567	224000	78000	499.3	0.1466
1568	224000	82000	536.9	0.2093
1569	224000	86000	521.6	0.1655
1570	224000	90000	505.6	0.1655
1571	224000	94000	371.7	0.1621
1572	224000	98000	354.6	0.1103
1573	224000	102000	327.3	0.1727
1574	224000	106000	209.2	0.1383
1575	224000	110000	180.7	0.1398
1576	224000	114000	184.2	0.1419
1577	224000	118000	276.4	0.1467
1578	224000	122000	263.9	0.1731
1579	224000	126000	270.5	0.2753
1580	224000	130000	271.9	0.2842
1581	224000	134000	246.5	0.3783
1582	224000	138000	221.0	0.3849
1583	224000	142000	132.2	0.6499
1584	224000	146000	163.4	0.5521
1585	224000	150000	163.0	0.5624
1586	224000	154000	140.0	0.5532
1587	224000	158000	117.8	0.4229
1588	224000	162000	97.2	0.4303
1589	224000	166000	80.4	0.2849
1590	224000	170000	69.8	0.2226
1591	224000	174000	49.2	0.2315
1592	224000	178000	45.3	0.374
1593	224000	182000	44.1	0.3835
1594	224000	186000	59.5	0.3665
1595	224000	190000	71.7	0.2571
1596	224000	194000	75.6	0.2284
1597	224000	198000	70.4	0.198
1598	224000	202000	63.5	0.2372
1599	224000	206000	56.8	0.219
1600	224000	210000	47.2	0.3407
1601	224000	214000	40.0	0.6178
1602	224000	218000	33.8	0.2462
1603	228000	22000	237.9	0.219
1604	228000	26000	271.3	0.1982
1605	228000	30000	267.1	0.2265
1606	228000	34000	299.0	0.1305
1607	228000	38000	333.1	0.1818
1608	228000	42000	348.8	0.1485
1609	228000	46000	364.1	0.1387
1610	228000	50000	422.6	0.1634
1611	228000	54000	424.5	0.1764
1612	228000	58000	445.5	0.219
1613	228000	62000	440.5	0.1004
1614	228000	66000	496.2	0.1197
1615	228000	70000	492.8	0.0781
1616	228000	74000	466.2	0.083
1617	228000	78000	497.6	0.1392
1618	228000	82000	533.6	0.1945
1619	228000	86000	488.1	0.1478
1620	228000	90000	486.7	0.1818
1621	228000	94000	451.0	0.2489
1622	228000	98000	372.6	0.1034
1623	228000	102000	327.3	0.1155
1624	228000	106000	236.0	0.201
1625	228000	110000	201.0	0.1751
1626	228000	114000	198.4	0.2353
1627	228000	118000	230.0	0.1897
1628	228000	122000	247.8	0.1127
1629	228000	126000	262.1	0.3101
1630	228000	130000	261.7	0.2332
1631	228000	134000	219.8	0.2659
1632	228000	138000	245.1	0.4655
1633	228000	142000	143.5	0.4546
1634	228000	146000	133.7	0.5405
1635	228000	150000	169.1	0.8377
1636	228000	154000	148.1	0.5291
1637	228000	158000	130.1	0.4595
1638	228000	162000	97.3	0.4832
1639	228000	166000	92.5	0.4117
1640	228000	170000	84.7	0.3791
1641	228000	174000	60.8	0.4153
1642	228000	178000	44.6	0.3355
1643	228000	182000	55.9	0.5451
1644	228000	186000	73.3	0.8749
1645	228000	190000	78.8	0.625
1646	228000	194000	77.9	0.1953
1647	228000	198000	70.7	0.1812
1648	228000	202000	63.5	0.2512
1649	228000	206000	55.6	0.2923
1650	228000	210000	47.0	0.2252
1651	228000	214000	38.3	0.2814
1652	228000	218000	34.2	0.2785
1653	228000	222000	30.0	0.1238
1654	232000	22000	280.7	0.2593
1655	232000	26000	240.3	0.212
1656	232000	30000	248.2	0.278
1657	232000	34000	297.1	0.1827
1658	232000	38000	351.4	0.1908
1659	232000	42000	348.3	0.1928
1660	232000	46000	358.2	0.1401
1661	232000	50000	425.4	0.1766
1662	232000	54000	416.4	0.1594
1663	232000	58000	459.2	0.2478
1664	232000	62000	470.0	0.4373
1665	232000	66000	500.1	0.1165
1666	232000	70000	507.2	0.0939
1667	232000	74000	483.9	0.0936
1668	232000	78000	449.7	0.0802
1669	232000	82000	430.2	0.1622
1670	232000	86000	413.3	0.1979
1671	232000	90000	417.9	0.1129
1672	232000	94000	392.9	0.1249
1673	232000	98000	320.3	0.1141
1674	232000	102000	276.8	0.178
1675	232000	106000	313.1	0.1167
1676	232000	110000	297.5	0.1616
1677	232000	114000	268.6	0.2137
1678	232000	118000	200.2	0.2596
1679	232000	122000	202.1	0.2313
1680	232000	126000	192.4	0.2172
1681	232000	130000	237.9	0.2536
1682	232000	134000	229.9	0.2122
1683	232000	138000	225.1	0.2613
1684	232000	142000	205.1	0.6358
1685	232000	146000	99.0	0.7098
1686	232000	150000	169.4	0.6973
1687	232000	154000	157.8	0.5402
1688	232000	158000	138.5	0.4455
1689	232000	162000	105.0	0.4724
1690	232000	166000	99.1	0.4682
1691	232000	170000	87.2	0.4272
1692	232000	174000	68.9	0.4309
1693	232000	178000	57.8	0.5225
1694	232000	182000	85.8	0.5103
1695	232000	186000	82.0	0.5956
1696	232000	190000	85.3	0.7161
1697	232000	194000	81.1	0.3125
1698	232000	198000	71.9	0.3264
1699	232000	202000	63.7	0.2417
1700	232000	206000	51.2	0.2252
1701	232000	210000	42.7	0.2876
1702	232000	214000	36.9	0.2253
1703	232000	218000	32.5	0.2543
1704	232000	222000	28.1	0.0863
1705	236000	22000	337.8	0.2591
1706	236000	26000	304.7	0.3721
1707	236000	30000	246.8	0.2523
1708	236000	34000	319.8	0.1709
1709	236000	38000	343.2	0.1987
1710	236000	42000	340.4	0.1527
1711	236000	46000	365.4	0.1944
1712	236000	50000	437.7	0.1604
1713	236000	54000	443.5	0.1891
1714	236000	58000	466.0	0.1521
1715	236000	62000	459.6	0.0709
1716	236000	66000	461.6	0.0758
1717	236000	70000	497.3	0.0978
1718	236000	74000	480.8	0.1536
1719	236000	78000	451.0	0.0027
1720	236000	82000	452.1	0.0607
1721	236000	86000	408.1	0.1075
1722	236000	90000	414.9	0.1034
1723	236000	94000	377.8	0.1397
1724	236000	98000	323.9	0.1975
1725	236000	102000	430.9	0.1384
1726	236000	106000	382.7	0.1465
1727	236000	110000	331.1	0.1355
1728	236000	114000	286.7	0.1483
1729	236000	118000	257.3	0.2657
1730	236000	122000	247.0	0.1933
1731	236000	126000	230.1	0.1825
1732	236000	130000	190.4	0.2713
1733	236000	134000	175.1	0.2619
1734	236000	138000	161.4	0.3816
1735	236000	142000	173.8	0.5138
1736	236000	146000	94.2	0.7798
1737	236000	150000	117.5	0.6111
1738	236000	154000	156.1	0.7387
1739	236000	158000	147.3	0.4846
1740	236000	162000	116.8	0.4254
1741	236000	166000	102.8	0.5
1742	236000	170000	91.4	0.4959
1743	236000	174000	82.2	0.4473
1744	236000	178000	89.9	0.2232
1745	236000	182000	96.5	0.3514
1746	236000	186000	91.6	0.5855
1747	236000	190000	81.6	0.5551
1748	236000	194000	77.0	0.3189
1749	236000	198000	72.5	0.2874
1750	236000	202000	58.6	0.3317
1751	236000	206000	40.9	0.3618
1752	236000	210000	36.0	0.1917
1753	236000	214000	35.6	0.6915
1754	240000	22000	367.8	0.3302
1755	240000	26000	262.9	0.1463
1756	240000	30000	260.8	0.1579
1757	240000	34000	301.1	0.1864
1758	240000	38000	350.0	0.1729
1759	240000	42000	344.9	0.1082
1760	240000	46000	374.2	0.1227
1761	240000	50000	438.7	0.1517
1762	240000	54000	450.5	0.1666
1763	240000	58000	479.1	0.1623
1764	240000	62000	456.4	0.0496
1765	240000	66000	447.8	0.1375
1766	240000	70000	473.3	0.0733
1767	240000	74000	504.0	0.1122
1768	240000	78000	498.5	0.0638
1769	240000	82000	451.6	0.082
1770	240000	86000	397.8	0.1101
1771	240000	90000	404.4	0.1397
1772	240000	94000	372.1	0.138
1773	240000	98000	415.6	0.1633
1774	240000	102000	519.9	0.1524
1775	240000	106000	455.0	0.1518
1776	240000	110000	449.5	0.1581
1777	240000	114000	361.5	0.1425
1778	240000	118000	364.0	0.1719
1779	240000	122000	305.7	0.1511
1780	240000	126000	296.7	0.2207
1781	240000	130000	212.6	0.1631
1782	240000	134000	241.6	0.2406
1783	240000	138000	251.9	0.3216
1784	240000	142000	188.3	0.4054
1785	240000	146000	162.8	0.5548
1786	240000	150000	103.1	0.7657
1787	240000	154000	94.6	0.6311
1788	240000	158000	102.5	0.4496
1789	240000	162000	100.1	0.6561
1790	240000	166000	96.3	0.6855
1791	240000	170000	81.5	0.5777
1792	240000	174000	67.7	0.5825
1793	240000	178000	65.2	0.4147
1794	240000	182000	63.2	0.2642
1795	240000	186000	71.8	0.2456
1796	240000	190000	84.9	0.3176
1797	240000	194000	77.5	0.2219
1798	240000	198000	65.5	0.2729
1799	240000	202000	43.2	0.3151
1800	240000	206000	34.1	0.1666
1801	240000	210000	33.5	0.1194
1802	244000	26000	300.0	0.2307
1803	244000	30000	270.9	0.1712
1804	244000	34000	303.2	0.1667
1805	244000	38000	349.7	0.1701
1806	244000	42000	353.4	0.249
1807	244000	46000	391.1	0.1988
1808	244000	50000	445.9	0.1658
1809	244000	54000	463.5	0.1648
1810	244000	58000	464.1	0.1609
1811	244000	62000	437.2	0.136
1812	244000	66000	452.7	0.0689
1813	244000	70000	481.3	0.0745
1814	244000	74000	513.7	0.1369
1815	244000	78000	508.7	0.2468
1816	244000	82000	456.2	0.1321
1817	244000	86000	447.4	0.0967
1818	244000	90000	394.9	0.1392
1819	244000	94000	369.0	0.1521
1820	244000	98000	481.0	0.1463
1821	244000	102000	584.9	0.1322
1822	244000	106000	549.7	0.1299
1823	244000	110000	460.0	0.1694
1824	244000	114000	450.3	0.1413
1825	244000	118000	407.7	0.1868
1826	244000	122000	401.4	0.1251
1827	244000	126000	336.9	0.1718
1828	244000	130000	210.2	0.3157
1829	244000	134000	266.4	0.3
1830	244000	138000	238.3	0.3034
1831	244000	142000	182.4	0.4784
1832	244000	146000	237.8	0.4441
1833	244000	150000	205.4	0.4754
1834	244000	154000	138.1	0.3764
1835	244000	158000	90.3	0.4464
1836	244000	162000	61.3	0.4304
1837	244000	166000	63.4	0.2306
1838	244000	170000	56.5	0.6991
1839	244000	174000	47.8	0.5452
1840	244000	178000	43.6	0.3353
1841	244000	182000	40.0	0.6249
1842	244000	186000	38.7	0.4863
1843	244000	190000	40.5	0.4737
1844	244000	194000	43.7	0.4905
1845	244000	198000	38.0	0.3612
1846	244000	202000	33.7	0.2098
1847	244000	206000	31.6	0.2487
1848	244000	210000	31.8	0.1989
1849	248000	26000	350.8	0.2849
1850	248000	30000	282.7	0.2536
1851	248000	34000	348.3	0.1793
1852	248000	38000	366.1	0.1689
1853	248000	42000	370.8	0.4356
1854	248000	46000	361.7	0.1168
1855	248000	50000	388.2	0.1957
1856	248000	54000	461.2	0.1775
1857	248000	58000	447.5	0.2144
1858	248000	62000	432.0	0.0914
1859	248000	66000	442.1	0.111
1860	248000	70000	469.2	0.117
1861	248000	74000	509.6	0.1534
1862	248000	78000	504.0	0.2555
1863	248000	82000	507.8	0.1179
1864	248000	86000	448.0	0.1404
1865	248000	90000	428.5	0.1157
1866	248000	94000	383.2	0.1241
1867	248000	98000	468.9	0.1592
1868	248000	102000	573.8	0.1475
1869	248000	106000	586.1	0.1413
1870	248000	110000	473.2	0.1386
1871	248000	114000	388.4	0.204
1872	248000	118000	369.4	0.1529
1873	248000	122000	311.6	0.1217
1874	248000	126000	340.4	0.1636
1875	248000	130000	308.7	0.233
1876	248000	134000	303.2	0.2038
1877	248000	138000	282.4	0.2267
1878	248000	142000	199.7	0.2815
1879	248000	146000	242.1	0.3995
1880	248000	150000	250.7	0.2541
1881	248000	154000	185.2	0.2658
1882	248000	158000	132.8	0.345
1883	248000	162000	110.5	0.2523
1884	248000	166000	118.5	0.0851
1885	248000	182000	69.3	0.3472
1886	248000	186000	49.5	0.6607
1887	248000	190000	36.8	0.3032
1888	248000	194000	30.8	0.2641
1889	248000	198000	30.5	0.3817
1890	248000	202000	30.0	0.3261
1891	248000	206000	29.9	0.2648
1892	248000	210000	29.7	0.0709
1893	252000	26000	319.7	0.416
1894	252000	30000	303.2	0.2897
1895	252000	34000	330.5	0.1969
1896	252000	38000	345.7	0.2146
1897	252000	42000	384.1	0.447
1898	252000	46000	374.6	0.2335
1899	252000	50000	327.1	0.2835
1900	252000	54000	410.7	0.1773
1901	252000	62000	427.0	0.193
1902	252000	66000	423.6	0.0985
1903	252000	70000	455.0	0.1722
1904	252000	74000	498.4	0.1475
1905	252000	78000	467.1	0.1056
1906	252000	82000	510.1	0.0759
1907	252000	86000	469.4	0.095
1908	252000	90000	423.5	0.123
1909	252000	94000	416.6	0.1345
1910	252000	98000	490.5	0.3209
1911	252000	102000	568.5	0.1334
1912	252000	106000	524.5	0.0906
1913	252000	110000	406.0	0.1142
1914	252000	114000	434.6	0.123
1915	252000	118000	426.0	0.1351
1916	252000	122000	300.3	0.1411
1917	252000	126000	505.1	0.1482
1918	252000	130000	358.8	0.1457
1919	252000	134000	275.9	0.1308
1920	252000	138000	229.1	0.2261
1921	252000	142000	218.6	0.3639
1922	252000	146000	266.0	0.3348
1923	252000	150000	280.5	0.4479
1924	252000	154000	196.3	0.2244
1925	252000	158000	212.0	0.1912
1926	252000	162000	169.6	0.1414
1927	252000	194000	31.9	0.315
1928	252000	198000	26.6	0.1106
1929	252000	202000	24.5	0.2263
1930	252000	206000	25.5	0.2486
1931	256000	26000	328.2	0.5125
1932	256000	30000	299.3	0.3651
1933	256000	34000	330.1	0.2756
1934	256000	38000	343.7	0.2981
1935	256000	42000	372.1	0.3864
1936	256000	46000	350.1	0.2069
1937	256000	50000	302.3	0.1249
1938	256000	74000	455.2	0.1502
1939	256000	78000	444.8	0.131
1940	256000	82000	478.7	0.0636
1941	256000	86000	485.7	0.0743
1942	256000	90000	455.3	0.1131
1943	256000	94000	433.3	0.102
1944	256000	98000	443.2	0.0851
1945	256000	102000	530.8	0.1503
1946	256000	106000	495.5	0.119
1947	256000	110000	453.5	0.1008
1948	256000	114000	492.6	0.1445
1949	256000	118000	373.5	0.1893
1950	256000	122000	319.5	0.1587
1951	256000	126000	463.8	0.1399
1952	256000	130000	398.0	0.2973
1953	256000	134000	321.1	0.2755
1954	256000	138000	295.9	0.233
1955	256000	142000	240.3	0.5169
1956	256000	146000	247.3	0.4244
1957	256000	150000	275.6	0.2812
1958	256000	154000	226.7	0.279
1959	256000	158000	241.3	0.2168
1960	256000	162000	205.6	0.1642
1961	256000	206000	22.8	0.5304
1962	260000	30000	312.1	0.2765
1963	260000	34000	349.1	0.1895
1964	260000	38000	325.0	0.2955
1965	260000	42000	326.0	0.2193
1966	260000	46000	352.8	0.2159
1967	260000	86000	472.7	0.0615
1968	260000	90000	483.0	0.1153
1969	260000	94000	480.4	0.1326
1970	260000	98000	456.4	0.0941
1971	260000	102000	492.5	0.1773
1972	260000	106000	463.8	0.1265
1973	260000	110000	416.6	0.2553
1974	260000	114000	388.5	0.1551
1975	260000	118000	411.4	0.1017
1976	260000	122000	410.6	0.2133
1977	260000	126000	448.3	0.1273
1978	260000	130000	513.5	0.1797
1979	260000	134000	370.6	0.2624
1980	260000	138000	328.1	0.1475
1981	260000	142000	334.5	0.2599
1982	260000	146000	248.8	0.329
1983	260000	150000	281.9	0.234
1984	260000	154000	283.8	0.2232
1985	260000	158000	224.6	0.3491
1986	260000	162000	174.0	0.0922
1987	264000	90000	472.2	0.0646
1988	264000	94000	476.5	0.0596
1989	264000	98000	474.4	0.1377
1990	264000	102000	495.5	0.1012
1991	264000	106000	515.1	0.1313
1992	264000	110000	489.6	0.1558
1993	264000	114000	538.3	0.1544
1994	264000	118000	514.6	0.1286
1995	264000	122000	359.1	0.2128
1996	264000	126000	436.3	0.2712
1997	264000	130000	518.6	0.1432
1998	264000	134000	476.0	0.174
1999	264000	138000	406.7	0.201
2000	264000	142000	348.0	0.158
2001	264000	146000	270.6	0.2188
2002	264000	150000	266.5	0.3523
2003	264000	154000	234.1	0.2276
2004	264000	158000	194.8	0.3993
2005	264000	162000	227.1	0.2105
2006	268000	94000	503.6	0.1097
2007	268000	98000	515.6	0.0858
2008	268000	102000	495.4	0.1244
2009	268000	106000	502.6	0.0649
2010	268000	110000	544.8	0.1486
2011	268000	114000	460.0	0.1531
2012	268000	118000	438.1	0.1644
2013	268000	122000	430.9	0.1172
2014	268000	126000	423.1	0.2982
2015	268000	130000	556.0	0.1699
2016	268000	134000	602.8	0.1312
2017	268000	138000	532.2	0.1495
2018	268000	142000	420.5	0.1653
2019	268000	146000	324.1	0.3418
2020	268000	150000	291.3	0.2794
2021	268000	154000	261.1	0.2227
2022	268000	158000	251.6	0.3028
2023	268000	162000	267.7	0.3521
2024	272000	94000	487.0	0.1407
2025	272000	98000	486.4	0.1153
2026	272000	102000	467.5	0.123
2027	272000	106000	465.9	0.0774
2028	272000	110000	514.8	0.2347
2029	272000	114000	526.1	0.1779
2030	272000	118000	486.9	0.1646
2031	272000	122000	502.1	0.1632
2032	272000	126000	509.9	0.2528
2033	272000	130000	545.0	0.2177
2034	272000	134000	650.8	0.0928
2035	272000	138000	589.5	0.0776
2036	272000	142000	486.8	0.1655
2037	272000	146000	393.3	0.1822
2038	272000	150000	345.0	0.1593
2039	272000	154000	286.2	0.3495
2040	272000	158000	283.3	0.3375
2041	276000	94000	426.4	0.1034
2042	276000	98000	431.9	0.1137
2043	276000	102000	461.8	0.079
2044	276000	106000	463.1	0.2328
2045	276000	110000	490.1	0.2423
2046	276000	114000	491.3	0.0993
2047	276000	118000	462.1	0.1677
2048	276000	122000	515.4	0.1534
2049	276000	126000	542.9	0.1337
2050	276000	130000	557.9	0.1546
2051	276000	134000	591.6	0.1163
2052	276000	138000	601.8	0.1387
2053	276000	142000	555.6	0.1514
2054	276000	146000	478.5	0.161
2055	276000	150000	406.8	0.1823
2056	276000	154000	306.2	0.1553
2057	276000	158000	268.1	0.1828
2058	280000	98000	517.4	0.1106
2059	280000	102000	446.1	0.0847
2060	280000	106000	457.2	0.0837
2061	280000	110000	496.1	0.1349
2062	280000	114000	543.0	0.157
2063	280000	118000	497.2	0.1596
2064	280000	122000	550.2	0.1184
2065	280000	126000	563.8	0.1963
2066	280000	130000	585.3	0.2285
2067	280000	134000	566.3	0.178
2068	280000	138000	548.0	0.1292
2069	280000	142000	598.4	0.1669
2070	280000	146000	546.1	0.1563
2071	280000	150000	448.6	0.2151
2072	284000	106000	499.7	0.0867
2073	284000	110000	490.4	0.1537
2074	284000	114000	543.3	0.1505
2075	284000	118000	570.2	0.1263
2076	284000	122000	592.6	0.1398
2077	284000	126000	591.2	0.0723
2078	284000	130000	586.2	0.1566
2079	284000	134000	572.3	0.1466
2080	284000	142000	520.7	0.216
2081	284000	146000	551.3	0.1114
2082	284000	150000	533.5	0.1905
2083	288000	106000	522.2	0.0854
2084	288000	110000	537.7	0.0499
2085	288000	114000	509.2	0.0541
2086	288000	118000	590.5	0.1262
2087	288000	122000	626.4	0.1383
2088	288000	126000	625.4	0.1013
2089	288000	130000	613.8	0.1504
2090	288000	134000	607.7	0.1633
2091	292000	114000	536.2	0.0474
2092	292000	118000	581.7	0.1291
2093	292000	122000	637.5	0.1538
2094	292000	126000	649.0	0.1448
2095	292000	130000	599.1	0.148
2096	292000	134000	574.9	0.1422
2097	296000	114000	598.1	0.0594
2098	296000	118000	561.7	0.0367
