ID	XLAMB	YLAMB	ALT	BETA
1	24000	174000	16.5	0.5876
2	24000	178000	8.1	0.5943
3	24000	182000	14.0	0.5990
4	24000	190000	0.0	0.5881
5	24000	194000	-0.3	0.5650
6	24000	198000	3.9	0.3278
7	24000	202000	0.6	0.0565
8	28000	170000	29.4	0.5708
9	28000	174000	18.2	0.5556
10	28000	178000	8.7	0.5609
11	28000	182000	6.6	0.5618
12	28000	186000	10.5	0.5748
13	28000	190000	4.9	0.5503
14	28000	194000	0.1	0.5711
15	28000	198000	1.6	0.5619
16	28000	202000	5.0	0.3039
17	32000	166000	69.5	0.5771
18	32000	170000	31.6	0.5597
19	32000	174000	29.1	0.5681
20	32000	178000	14.6	0.5177
21	32000	182000	2.5	0.5231
22	32000	186000	7.7	0.5568
23	32000	190000	5.0	0.5487
24	32000	194000	0.5	0.5496
25	32000	198000	1.1	0.6652
26	32000	202000	3.7	0.5085
27	32000	206000	1.2	0.0468
28	36000	162000	48.8	0.5950
29	36000	166000	69.7	0.5188
30	36000	170000	32.1	0.5805
31	36000	174000	18.7	0.6017
32	36000	178000	11.2	0.5410
33	36000	182000	3.1	0.4924
34	36000	186000	1.3	0.5219
35	36000	190000	0.8	0.5275
36	36000	194000	0.4	0.5363
37	36000	198000	0.2	0.5636
38	36000	202000	0.9	0.5941
39	36000	206000	2.7	0.4421
40	40000	158000	20.1	0.5579
41	40000	162000	48.7	0.5105
42	40000	166000	55.9	0.5349
43	40000	170000	24.1	0.5536
44	40000	174000	17.1	0.5698
45	40000	178000	11.0	0.5529
46	40000	182000	3.2	0.5151
47	40000	186000	0.2	0.4570
48	40000	190000	0.0	0.4949
49	40000	194000	0.0	0.5083
50	40000	198000	0.1	0.5505
51	40000	202000	0.2	0.5525
52	40000	206000	0.6	0.5239
53	40000	210000	1.1	0.1638
54	44000	154000	16.4	0.7023
55	44000	158000	17.9	0.5346
56	44000	162000	37.4	0.5381
57	44000	166000	45.0	0.5303
58	44000	170000	23.3	0.5501
59	44000	174000	15.6	0.6791
60	44000	178000	10.5	0.5726
61	44000	182000	3.8	0.5206
62	44000	186000	2.4	0.4617
63	44000	190000	2.6	0.5591
64	44000	194000	0.9	0.5461
65	44000	198000	0.3	0.5021
66	44000	202000	0.0	0.5414
67	44000	206000	0.2	0.5576
68	44000	210000	1.1	0.4764
69	44000	214000	0.2	0.0306
70	48000	154000	16.7	0.6221
71	48000	158000	16.0	0.5725
72	48000	162000	27.7	0.5609
73	48000	166000	40.5	0.5031
74	48000	170000	37.0	0.4869
75	48000	174000	22.4	0.5915
76	48000	178000	13.4	0.5371
77	48000	182000	12.4	0.5315
78	48000	186000	12.7	0.5572
79	48000	190000	15.3	0.5532
80	48000	194000	4.0	0.4992
81	48000	198000	5.7	0.5115
82	48000	202000	0.3	0.5212
83	48000	206000	0.2	0.5243
84	48000	210000	1.1	0.6401
85	48000	214000	3.3	0.4761
86	52000	162000	16.3	0.6166
87	52000	166000	19.8	0.5305
88	52000	170000	42.7	0.4482
89	52000	174000	35.8	0.5200
90	52000	178000	23.0	0.5393
91	52000	182000	19.6	0.5580
92	52000	186000	23.1	0.5905
93	52000	190000	6.2	0.5396
94	52000	194000	9.8	0.5772
95	52000	198000	12.8	0.5190
96	52000	202000	2.8	0.5266
97	52000	206000	1.4	0.5528
98	52000	210000	0.7	0.5913
99	52000	214000	2.1	0.7938
100	52000	218000	0.8	0.1158
101	56000	162000	19.6	0.6654
102	56000	166000	19.3	0.5887
103	56000	170000	28.7	0.5075
104	56000	174000	33.4	0.5368
105	56000	178000	36.0	0.5439
106	56000	182000	28.3	0.5391
107	56000	186000	19.6	0.5810
108	56000	190000	13.7	0.6145
109	56000	194000	14.1	0.5235
110	56000	198000	29.2	0.4762
111	56000	202000	8.4	0.5371
112	56000	206000	3.7	0.4891
113	56000	210000	1.2	0.5470
114	56000	214000	0.1	0.5336
115	56000	218000	2.3	0.4522
116	56000	222000	0.1	0.0000
117	60000	162000	25.6	0.6132
118	60000	166000	15.8	0.6710
119	60000	170000	23.3	0.5493
120	60000	174000	23.2	0.5504
121	60000	178000	29.0	0.5555
122	60000	182000	21.7	0.6142
123	60000	186000	27.5	0.5716
124	60000	190000	17.9	0.5771
125	60000	194000	13.9	0.5577
126	60000	198000	30.7	0.5518
127	60000	202000	18.8	0.4903
128	60000	206000	10.0	0.4945
129	60000	210000	2.2	0.5625
130	60000	214000	0.1	0.5075
131	60000	218000	0.4	0.5537
132	60000	222000	1.0	0.2389
133	64000	162000	31.4	0.6880
134	64000	166000	16.3	0.6102
135	64000	170000	17.2	0.5674
136	64000	174000	20.1	0.5334
137	64000	178000	22.1	0.5675
138	64000	182000	19.4	0.7619
139	64000	186000	22.3	0.6817
140	64000	190000	29.3	0.5702
141	64000	194000	17.6	0.4794
142	64000	198000	21.8	0.4829
143	64000	202000	13.0	0.5884
144	64000	206000	13.4	0.4103
145	64000	210000	9.6	0.5370
146	64000	214000	0.1	0.5000
147	64000	218000	0.2	0.5108
148	64000	222000	1.4	0.5119
149	64000	226000	0.2	0.0149
150	68000	158000	33.5	0.7296
151	68000	162000	40.2	0.6634
152	68000	166000	22.9	0.6639
153	68000	170000	16.4	0.6939
154	68000	174000	25.6	0.5506
155	68000	178000	19.6	0.6428
156	68000	182000	18.0	0.6303
157	68000	186000	23.1	0.5996
158	68000	190000	35.3	0.5453
159	68000	194000	25.4	0.4987
160	68000	198000	15.2	0.4772
161	68000	202000	13.4	0.4477
162	68000	206000	6.5	0.5273
163	68000	210000	8.9	0.6808
164	68000	214000	2.0	0.7049
165	68000	218000	1.6	0.5701
166	68000	222000	1.5	0.5248
167	68000	226000	2.3	0.4795
168	72000	134000	40.9	0.5515
169	72000	138000	52.2	0.5274
170	72000	142000	50.9	0.5798
171	72000	146000	31.2	0.5948
172	72000	150000	26.2	0.6152
173	72000	154000	21.8	0.6016
174	72000	158000	28.4	0.6111
175	72000	162000	33.1	0.6633
176	72000	166000	34.2	0.6809
177	72000	170000	15.5	0.7460
178	72000	174000	18.5	0.6442
179	72000	178000	18.6	0.5582
180	72000	182000	17.1	0.5820
181	72000	186000	23.1	0.5564
182	72000	190000	32.8	0.5848
183	72000	194000	26.7	0.5452
184	72000	198000	15.4	0.4654
185	72000	202000	12.0	0.4574
186	72000	206000	5.9	0.5441
187	72000	210000	5.4	0.6612
188	72000	214000	2.4	0.5879
189	72000	218000	0.7	0.4428
190	72000	222000	1.8	0.4637
191	72000	226000	2.2	0.4537
192	76000	134000	31.5	0.4994
193	76000	138000	51.3	0.5612
194	76000	142000	53.5	0.5815
195	76000	146000	32.9	0.7003
196	76000	150000	18.4	0.5762
197	76000	154000	16.1	0.6034
198	76000	158000	17.5	0.6451
199	76000	162000	39.6	0.5585
200	76000	166000	30.2	0.5912
201	76000	170000	15.2	0.7121
202	76000	174000	13.6	0.5967
203	76000	178000	14.6	0.5751
204	76000	182000	20.0	0.5536
205	76000	186000	25.9	0.5847
206	76000	190000	29.5	0.5394
207	76000	194000	20.2	0.4694
208	76000	198000	20.2	0.4181
209	76000	202000	15.9	0.4265
210	76000	206000	6.0	0.4792
211	76000	210000	6.6	0.4740
212	76000	214000	0.8	0.4830
213	76000	218000	1.0	0.4743
214	76000	222000	0.8	0.5484
215	76000	226000	4.1	0.5844
216	76000	230000	0.2	0.0145
217	80000	130000	18.6	0.5439
218	80000	134000	32.7	0.3920
219	80000	138000	40.0	0.5763
220	80000	142000	45.5	0.6253
221	80000	146000	22.5	0.7039
222	80000	150000	37.4	0.5558
223	80000	154000	23.4	0.5971
224	80000	158000	13.9	0.5975
225	80000	162000	29.5	0.6042
226	80000	166000	34.3	0.5959
227	80000	170000	16.7	0.5790
228	80000	174000	13.7	0.6098
229	80000	178000	11.2	0.6541
230	80000	182000	12.6	0.5285
231	80000	186000	16.5	0.5200
232	80000	190000	22.8	0.5670
233	80000	194000	14.6	0.5169
234	80000	198000	21.6	0.3801
235	80000	202000	10.0	0.5420
236	80000	206000	13.1	0.4747
237	80000	210000	9.8	0.4731
238	80000	214000	1.3	0.4770
239	80000	218000	0.3	0.5205
240	80000	222000	0.9	0.5871
241	80000	226000	1.3	0.6084
242	80000	230000	1.0	0.1258
243	84000	134000	19.3	0.5013
244	84000	138000	24.0	0.5077
245	84000	142000	27.3	0.8176
246	84000	146000	29.4	0.5747
247	84000	150000	47.5	0.5467
248	84000	154000	28.2	0.5670
249	84000	158000	17.6	0.5915
250	84000	162000	14.5	0.6029
251	84000	166000	26.5	0.5720
252	84000	170000	27.8	0.5267
253	84000	174000	15.5	0.6715
254	84000	178000	9.3	0.6200
255	84000	182000	9.6	0.5488
256	84000	186000	12.5	0.5236
257	84000	190000	16.0	0.5058
258	84000	194000	12.6	0.4485
259	84000	198000	13.8	0.5955
260	84000	202000	10.5	0.5476
261	84000	206000	14.5	0.4189
262	84000	210000	8.0	0.5070
263	84000	214000	2.0	0.4643
264	84000	218000	0.3	0.5620
265	88000	130000	19.5	0.4751
266	88000	134000	26.8	0.3757
267	88000	138000	39.4	0.4982
268	88000	142000	51.8	0.6562
269	88000	146000	45.5	0.6154
270	88000	150000	49.1	0.5488
271	88000	154000	33.8	0.5601
272	88000	158000	24.8	0.5759
273	88000	162000	43.4	0.5154
274	88000	166000	21.0	0.5850
275	88000	170000	44.1	0.5222
276	88000	174000	35.7	0.4880
277	88000	178000	18.7	0.5826
278	88000	182000	8.9	0.5468
279	88000	186000	7.4	0.5374
280	88000	190000	11.1	0.4937
281	88000	194000	11.8	0.4611
282	88000	198000	8.9	0.4866
283	88000	202000	12.4	0.4839
284	88000	206000	18.6	0.4151
285	88000	210000	9.2	0.5720
286	88000	214000	1.4	0.4863
287	92000	130000	26.8	0.5096
288	92000	134000	27.7	0.4597
289	92000	138000	46.6	0.5507
290	92000	142000	60.9	0.5525
291	92000	146000	65.2	0.5177
292	92000	150000	43.4	0.5614
293	92000	154000	36.1	0.5592
294	92000	158000	25.4	0.5442
295	92000	162000	72.1	0.4560
296	92000	166000	16.6	0.5438
297	92000	170000	30.4	0.5603
298	92000	174000	49.3	0.5593
299	92000	178000	35.8	0.5656
300	92000	182000	10.2	0.5418
301	92000	186000	7.4	0.6312
302	92000	190000	8.0	0.5111
303	92000	194000	7.2	0.4527
304	92000	198000	5.6	0.4638
305	92000	202000	12.4	0.4996
306	92000	206000	5.7	0.5100
307	92000	210000	4.3	0.5847
308	92000	214000	1.2	0.4638
309	92000	218000	0.2	0.5445
310	92000	222000	0.0	0.5958
311	96000	130000	32.7	0.3481
312	96000	134000	40.0	0.5138
313	96000	138000	52.3	0.5383
314	96000	142000	53.6	0.5808
315	96000	146000	59.4	0.5601
316	96000	150000	45.3	0.5565
317	96000	154000	74.6	0.5071
318	96000	158000	41.6	0.5614
319	96000	162000	69.3	0.5612
320	96000	166000	49.1	0.5120
321	96000	170000	19.8	0.6215
322	96000	174000	19.8	0.6674
323	96000	178000	16.4	0.5671
324	96000	182000	7.9	0.5005
325	96000	186000	8.2	0.4471
326	96000	190000	9.3	0.5466
327	96000	194000	6.2	0.5397
328	96000	198000	5.2	0.5227
329	96000	202000	4.6	0.5171
330	96000	206000	5.5	0.5396
331	96000	210000	4.6	0.5500
332	96000	214000	1.0	0.5225
333	96000	218000	0.2	0.5585
334	96000	222000	0.1	0.5719
335	100000	110000	102.2	0.5509
336	100000	114000	84.0	0.5617
337	100000	118000	53.3	0.5798
338	100000	122000	27.9	0.5680
339	100000	126000	17.8	0.4064
340	100000	130000	26.3	0.4296
341	100000	134000	49.1	0.5311
342	100000	138000	63.6	0.5356
343	100000	142000	51.4	0.5596
344	100000	146000	50.6	0.5442
345	100000	150000	69.3	0.4711
346	100000	154000	88.3	0.4134
347	100000	158000	77.1	0.4942
348	100000	162000	94.3	0.5279
349	100000	166000	51.1	0.5462
350	100000	170000	64.3	0.5646
351	100000	174000	15.5	0.5569
352	100000	178000	12.4	0.5325
353	100000	182000	12.3	0.5722
354	100000	186000	7.2	0.5965
355	100000	190000	7.1	0.6058
356	100000	194000	5.6	0.5525
357	100000	198000	5.5	0.5539
358	100000	202000	4.9	0.5356
359	100000	206000	6.3	0.4176
360	100000	210000	4.8	0.5092
361	100000	214000	0.9	0.4911
362	100000	218000	0.2	0.5729
363	100000	222000	0.1	0.5943
364	104000	110000	123.2	0.5167
365	104000	114000	99.7	0.4820
366	104000	118000	72.8	0.5185
367	104000	122000	41.0	0.5597
368	104000	126000	21.1	0.4908
369	104000	130000	41.6	0.3676
370	104000	134000	68.5	0.3223
371	104000	138000	62.0	0.5110
372	104000	142000	56.3	0.5825
373	104000	146000	49.5	0.5725
374	104000	150000	60.0	0.5520
375	104000	154000	52.7	0.5383
376	104000	158000	52.5	0.5267
377	104000	162000	94.2	0.4156
378	104000	166000	83.0	0.5355
379	104000	170000	68.8	0.5608
380	104000	174000	31.9	0.5768
381	104000	178000	35.6	0.5672
382	104000	182000	29.8	0.4621
383	104000	186000	9.0	0.5294
384	104000	190000	7.7	0.7777
385	104000	194000	9.0	0.7545
386	104000	198000	5.9	0.8335
387	104000	202000	5.0	0.5608
388	104000	206000	4.8	0.4616
389	104000	210000	4.5	0.4828
390	104000	214000	1.0	0.5178
391	104000	218000	0.3	0.5787
392	108000	114000	120.4	0.5067
393	108000	118000	117.7	0.5585
394	108000	122000	69.9	0.5883
395	108000	126000	24.9	0.4968
396	108000	130000	42.5	0.5480
397	108000	134000	74.8	0.5355
398	108000	138000	59.5	0.5421
399	108000	142000	53.7	0.5569
400	108000	146000	41.7	0.6260
401	108000	150000	39.0	0.5683
402	108000	154000	40.8	0.5479
403	108000	158000	38.6	0.5335
404	108000	162000	77.6	0.4917
405	108000	166000	51.3	0.5595
406	108000	170000	59.9	0.5228
407	108000	174000	40.6	0.5548
408	108000	178000	49.2	0.5570
409	108000	182000	31.3	0.5264
410	108000	186000	20.3	0.5828
411	108000	190000	10.0	0.7025
412	108000	194000	6.8	0.6653
413	108000	198000	6.3	0.8391
414	108000	202000	5.1	0.9094
415	108000	206000	4.0	0.7345
416	108000	210000	4.8	0.5898
417	108000	214000	0.7	0.5681
418	108000	218000	0.4	0.5900
419	112000	114000	139.8	0.5058
420	112000	118000	136.2	0.4137
421	112000	122000	84.0	0.4940
422	112000	126000	29.2	0.6604
423	112000	130000	49.1	0.4255
424	112000	134000	79.5	0.5125
425	112000	138000	67.1	0.5332
426	112000	142000	52.9	0.6171
427	112000	146000	51.8	0.5378
428	112000	150000	37.0	0.5593
429	112000	154000	28.4	0.6535
430	112000	158000	28.8	0.5494
431	112000	162000	41.7	0.5479
432	112000	166000	42.4	0.5478
433	112000	170000	71.5	0.5246
434	112000	174000	64.7	0.6180
435	112000	178000	56.2	0.5397
436	112000	182000	36.9	0.5035
437	112000	186000	16.9	0.5963
438	112000	190000	5.3	0.5569
439	112000	194000	5.6	0.5244
440	112000	198000	5.0	0.5525
441	112000	202000	4.0	0.5311
442	112000	206000	5.9	0.6544
443	112000	210000	4.7	0.5942
444	116000	114000	149.0	0.4369
445	116000	118000	128.7	0.5319
446	116000	122000	93.9	0.6069
447	116000	126000	42.6	0.6402
448	116000	130000	44.2	0.5113
449	116000	134000	75.2	0.4845
450	116000	138000	67.6	0.5734
451	116000	142000	61.9	0.5810
452	116000	146000	62.6	0.5421
453	116000	150000	47.9	0.6215
454	116000	154000	45.3	0.5431
455	116000	158000	29.6	0.5221
456	116000	162000	39.0	0.5604
457	116000	166000	27.2	0.5616
458	116000	170000	55.7	0.5179
459	116000	174000	59.3	0.5241
460	116000	178000	52.1	0.5413
461	116000	182000	30.6	0.5516
462	116000	186000	13.6	0.5265
463	116000	190000	5.0	0.5792
464	116000	194000	4.9	0.5120
465	116000	198000	5.2	0.5617
466	116000	202000	4.5	0.5073
467	116000	206000	4.0	0.5161
468	116000	210000	2.6	0.4862
469	116000	214000	1.2	0.5374
470	120000	114000	140.2	0.5732
471	120000	118000	94.5	0.5950
472	120000	122000	61.1	0.5811
473	120000	126000	37.8	0.6930
474	120000	130000	43.5	0.4487
475	120000	134000	86.9	0.5123
476	120000	138000	76.4	0.5532
477	120000	142000	74.1	0.5432
478	120000	146000	82.9	0.4351
479	120000	150000	59.9	0.5267
480	120000	154000	52.5	0.5385
481	120000	158000	36.0	0.5367
482	120000	162000	46.4	0.4900
483	120000	166000	21.8	0.5300
484	120000	170000	41.0	0.5224
485	120000	174000	55.3	0.5207
486	120000	178000	40.1	0.5354
487	120000	182000	29.6	0.5604
488	120000	186000	15.0	0.5237
489	120000	190000	4.0	0.4935
490	120000	194000	4.0	0.5236
491	120000	198000	3.8	0.5108
492	120000	202000	3.4	0.5213
493	120000	206000	3.0	0.5883
494	120000	210000	3.3	0.4607
495	120000	214000	1.3	0.5379
496	124000	114000	127.1	0.5669
497	124000	118000	72.6	0.5827
498	124000	122000	58.3	0.6678
499	124000	126000	57.3	0.4964
500	124000	130000	55.2	0.5385
501	124000	134000	96.4	0.5226
502	124000	138000	92.5	0.5359
503	124000	142000	84.9	0.6218
504	124000	146000	86.2	0.5131
505	124000	150000	69.0	0.5052
506	124000	154000	51.6	0.5482
507	124000	158000	42.6	0.5477
508	124000	162000	46.9	0.5319
509	124000	166000	41.1	0.5231
510	124000	170000	24.4	0.5694
511	124000	174000	38.1	0.5302
512	124000	178000	34.6	0.5696
513	124000	182000	17.2	0.5546
514	124000	186000	9.7	0.5305
515	124000	190000	4.1	0.4794
516	124000	194000	3.4	0.4954
517	124000	198000	3.6	0.6233
518	124000	202000	4.0	0.5603
519	124000	206000	3.5	0.4576
520	124000	210000	4.8	0.4571
521	124000	214000	2.8	0.4932
522	128000	110000	139.0	0.6114
523	128000	114000	135.0	0.5550
524	128000	118000	107.0	0.5649
525	128000	122000	85.4	0.5899
526	128000	126000	73.2	0.5257
527	128000	130000	72.5	0.5972
528	128000	134000	104.0	0.5497
529	128000	138000	96.9	0.6514
530	128000	142000	84.6	0.6132
531	128000	146000	75.1	0.5371
532	128000	150000	69.0	0.5697
533	128000	154000	60.0	0.5951
534	128000	158000	47.3	0.5124
535	128000	162000	50.7	0.5193
536	128000	166000	36.9	0.4906
537	128000	170000	24.1	0.6088
538	128000	174000	20.3	0.5780
539	128000	178000	17.6	0.6171
540	128000	182000	13.5	0.7144
541	128000	186000	5.3	0.5338
542	128000	190000	3.7	0.5070
543	128000	194000	3.1	0.5453
544	128000	198000	3.2	0.5364
545	128000	202000	12.7	0.4764
546	128000	206000	6.2	0.4879
547	128000	210000	5.2	0.5576
548	128000	214000	5.9	0.4586
549	128000	218000	2.0	0.5841
550	132000	74000	240.5	0.2619
551	132000	78000	246.1	0.2191
552	132000	82000	232.4	0.4489
553	132000	90000	206.0	0.2296
554	132000	94000	224.7	0.3969
555	132000	106000	192.8	0.3872
556	132000	110000	147.2	0.5909
557	132000	114000	150.8	0.4955
558	132000	118000	136.5	0.5230
559	132000	122000	79.5	0.5957
560	132000	126000	63.2	0.5942
561	132000	130000	93.3	0.6327
562	132000	134000	123.9	0.5231
563	132000	138000	106.4	0.5534
564	132000	142000	98.2	0.5505
565	132000	146000	84.7	0.5598
566	132000	150000	69.6	0.5741
567	132000	154000	63.2	0.5747
568	132000	158000	63.3	0.5301
569	132000	162000	54.7	0.5373
570	132000	166000	57.1	0.5519
571	132000	170000	51.3	0.5574
572	132000	174000	21.5	0.5473
573	132000	178000	42.3	0.5501
574	132000	182000	27.6	0.5164
575	132000	186000	8.1	0.5435
576	132000	190000	3.5	0.6050
577	132000	194000	2.3	0.5182
578	132000	198000	3.1	0.5400
579	132000	202000	24.0	0.5552
580	132000	206000	14.1	0.5658
581	132000	210000	5.9	0.5437
582	132000	214000	1.8	0.5468
583	132000	218000	1.7	0.5626
584	136000	70000	259.3	0.0304
585	136000	74000	265.7	0.2154
586	136000	78000	265.4	0.3456
587	136000	82000	223.8	0.5347
588	136000	86000	199.5	0.1309
589	136000	90000	214.0	0.2050
590	136000	94000	235.5	0.3198
591	136000	98000	216.1	0.3941
592	136000	102000	197.1	0.3871
593	136000	106000	175.0	0.4480
594	136000	110000	144.0	0.5605
595	136000	114000	157.3	0.5584
596	136000	118000	167.4	0.4585
597	136000	122000	107.8	0.5834
598	136000	126000	83.8	0.5779
599	136000	130000	116.1	0.7479
600	136000	134000	121.7	0.4552
601	136000	138000	107.0	0.5973
602	136000	142000	108.9	0.4913
603	136000	146000	109.3	0.4570
604	136000	150000	71.8	0.6133
605	136000	154000	59.2	0.6371
606	136000	158000	59.0	0.5386
607	136000	162000	42.9	0.5293
608	136000	166000	49.1	0.5433
609	136000	170000	56.9	0.5435
610	136000	174000	27.8	0.5829
611	136000	178000	55.4	0.5233
612	136000	182000	40.6	0.5109
613	136000	186000	13.5	0.5753
614	136000	190000	6.8	0.6109
615	136000	194000	1.7	0.4907
616	136000	198000	1.7	0.4290
617	136000	202000	21.7	0.6879
618	136000	206000	19.8	0.6763
619	136000	210000	7.1	0.5454
620	136000	214000	1.4	0.5276
621	136000	218000	0.7	0.5637
622	136000	222000	1.2	0.6018
623	140000	70000	287.7	0.1324
624	140000	74000	281.5	0.3970
625	140000	78000	285.6	0.2467
626	140000	82000	242.8	0.4590
627	140000	86000	211.2	0.2383
628	140000	90000	236.2	0.2200
629	140000	94000	249.8	0.2220
630	140000	98000	228.7	0.3831
631	140000	102000	195.7	0.4905
632	140000	106000	198.2	0.4445
633	140000	110000	171.2	0.5551
634	140000	114000	149.8	0.4746
635	140000	118000	180.6	0.4340
636	140000	122000	154.9	0.5362
637	140000	126000	113.2	0.6176
638	140000	130000	140.8	0.6412
639	140000	134000	123.2	0.6424
640	140000	138000	116.2	0.6657
641	140000	142000	95.4	0.5813
642	140000	146000	94.3	0.5554
643	140000	150000	83.1	0.5670
644	140000	154000	61.9	0.5769
645	140000	158000	49.1	0.6781
646	140000	162000	42.4	0.5805
647	140000	166000	50.3	0.5592
648	140000	170000	52.3	0.5653
649	140000	174000	47.9	0.5521
650	140000	178000	57.8	0.6075
651	140000	182000	32.9	0.5750
652	140000	186000	22.0	0.5245
653	140000	190000	9.8	0.4989
654	140000	194000	4.2	0.5245
655	140000	198000	3.3	0.4532
656	140000	202000	11.9	0.5837
657	140000	206000	17.3	0.4907
658	140000	210000	9.8	0.5508
659	140000	214000	1.9	0.5267
660	140000	218000	1.4	0.6203
661	140000	222000	0.4	0.5812
662	140000	226000	1.2	0.4865
663	140000	230000	1.1	0.3742
664	144000	74000	300.4	0.3394
665	144000	78000	296.2	0.1556
666	144000	82000	247.5	0.4814
667	144000	86000	243.1	0.1723
668	144000	90000	246.4	0.1469
669	144000	94000	241.4	0.2897
670	144000	98000	227.3	0.4210
671	144000	102000	219.3	0.5138
672	144000	106000	190.8	0.5023
673	144000	110000	174.1	0.5749
674	144000	114000	162.8	0.4937
675	144000	118000	186.7	0.3677
676	144000	122000	178.9	0.6362
677	144000	126000	162.3	0.5622
678	144000	130000	151.1	0.5802
679	144000	134000	137.3	0.5543
680	144000	138000	117.5	0.5860
681	144000	142000	111.5	0.5298
682	144000	146000	124.4	0.5588
683	144000	150000	114.7	0.6110
684	144000	154000	103.6	0.4575
685	144000	158000	73.0	0.5667
686	144000	162000	38.5	0.6314
687	144000	166000	28.9	0.8275
688	144000	170000	49.3	0.6612
689	144000	174000	50.9	0.7433
690	144000	178000	57.4	0.5762
691	144000	182000	39.0	0.5455
692	144000	186000	14.5	0.5231
693	144000	190000	8.3	0.5005
694	144000	194000	4.6	0.5122
695	144000	198000	2.4	0.5874
696	144000	202000	7.2	0.4157
697	144000	206000	9.2	0.5101
698	144000	210000	9.7	0.5295
699	144000	214000	2.0	0.6297
700	144000	218000	2.8	0.7292
701	144000	222000	2.8	0.7394
702	144000	226000	3.9	0.8046
703	144000	230000	2.2	0.6749
704	148000	70000	331.5	0.1186
705	148000	74000	316.9	0.3571
706	148000	78000	295.1	0.2758
707	148000	82000	242.8	0.4529
708	148000	86000	224.8	0.1712
709	148000	90000	261.1	0.2833
710	148000	94000	252.5	0.4176
711	148000	98000	252.3	0.3578
712	148000	102000	235.1	0.4747
713	148000	106000	182.9	0.5883
714	148000	110000	166.7	0.5943
715	148000	114000	190.7	0.5159
716	148000	118000	161.5	0.4269
717	148000	122000	152.0	0.6146
718	148000	126000	169.4	0.6218
719	148000	130000	153.9	0.6410
720	148000	134000	142.2	0.5751
721	148000	138000	149.1	0.5683
722	148000	142000	135.4	0.7038
723	148000	146000	136.3	0.5952
724	148000	150000	122.1	0.5656
725	148000	154000	101.3	0.5912
726	148000	158000	99.6	0.5763
727	148000	162000	89.8	0.6099
728	148000	166000	66.8	0.7271
729	148000	170000	39.0	0.8329
730	148000	174000	36.2	0.7740
731	148000	178000	49.4	0.7313
732	148000	182000	35.5	0.6074
733	148000	186000	13.5	0.5430
734	148000	190000	7.8	0.6230
735	148000	194000	3.1	0.6655
736	148000	198000	3.1	0.6541
737	148000	202000	6.6	0.5993
738	148000	206000	9.1	0.6755
739	148000	210000	4.4	0.7221
740	148000	214000	3.3	0.5974
741	148000	218000	2.8	0.9600
742	148000	222000	4.1	0.9786
743	148000	226000	4.6	0.6516
744	148000	230000	9.7	0.4910
745	152000	70000	337.0	0.1846
746	152000	74000	328.4	0.0900
747	152000	78000	303.8	0.1907
748	152000	82000	232.5	0.4381
749	152000	86000	224.9	0.2259
750	152000	90000	246.0	0.0581
751	152000	94000	262.6	0.2894
752	152000	98000	238.5	0.1982
753	152000	102000	223.4	0.4418
754	152000	106000	191.6	0.5160
755	152000	110000	185.6	0.4741
756	152000	114000	187.4	0.4271
757	152000	118000	153.8	0.6377
758	152000	122000	118.9	0.8360
759	152000	126000	137.8	0.6355
760	152000	130000	140.4	0.5430
761	152000	134000	141.1	0.5891
762	152000	138000	151.5	0.5772
763	152000	142000	144.5	0.5909
764	152000	146000	143.0	0.5835
765	152000	150000	128.8	0.6074
766	152000	154000	112.4	0.6715
767	152000	158000	120.0	0.5735
768	152000	162000	122.6	0.2686
769	152000	166000	93.7	0.6689
770	152000	170000	74.7	0.7740
771	152000	174000	39.7	0.8535
772	152000	178000	33.7	0.7666
773	152000	182000	18.2	0.6837
774	152000	186000	11.0	0.5770
775	152000	190000	6.2	0.5589
776	152000	194000	2.6	0.4460
777	152000	198000	13.4	0.6363
778	152000	202000	15.0	0.6595
779	152000	206000	12.9	0.7397
780	152000	210000	8.0	0.8075
781	152000	214000	5.3	0.8726
782	152000	218000	3.4	0.9738
783	152000	222000	2.5	0.6447
784	152000	226000	10.3	0.5036
785	152000	230000	21.5	0.1302
786	152000	234000	21.2	0.2281
787	152000	238000	13.7	0.3923
788	156000	70000	342.7	0.4172
789	156000	74000	354.4	0.2479
790	156000	78000	298.9	0.1008
791	156000	82000	237.0	0.4504
792	156000	86000	189.1	0.3383
793	156000	90000	220.1	0.1175
794	156000	94000	259.7	0.2050
795	156000	98000	252.6	0.3548
796	156000	102000	237.4	0.4757
797	156000	106000	206.6	0.5484
798	156000	110000	213.4	0.4866
799	156000	114000	219.9	0.4822
800	156000	118000	173.1	0.4867
801	156000	122000	125.0	0.8121
802	156000	126000	162.6	0.7554
803	156000	130000	155.9	0.7726
804	156000	134000	147.2	0.6001
805	156000	138000	149.5	0.5917
806	156000	142000	133.0	0.5976
807	156000	146000	124.9	0.5664
808	156000	150000	116.8	0.5275
809	156000	154000	104.4	0.6006
810	156000	158000	101.9	0.4403
811	156000	162000	112.0	0.3929
812	156000	166000	107.0	0.2408
813	156000	170000	70.3	0.7356
814	156000	174000	48.1	0.8104
815	156000	178000	24.6	0.8056
816	156000	182000	10.7	0.6692
817	156000	186000	8.3	0.5916
818	156000	190000	6.2	0.6570
819	156000	194000	3.4	0.6343
820	156000	198000	13.4	0.5403
821	156000	202000	15.8	0.6419
822	156000	206000	16.2	0.6762
823	156000	210000	8.0	0.7550
824	156000	214000	4.6	0.8621
825	156000	218000	6.7	0.6806
826	156000	222000	10.5	0.6206
827	156000	226000	22.6	0.4854
828	156000	230000	23.7	0.4379
829	156000	234000	18.9	0.3851
830	156000	238000	14.6	0.5337
831	156000	242000	8.1	0.4346
832	160000	70000	357.6	0.4145
833	160000	74000	341.5	0.2337
834	160000	78000	313.5	0.0143
835	160000	82000	229.4	0.4083
836	160000	86000	177.4	0.5284
837	160000	90000	193.3	0.2636
838	160000	94000	226.1	0.2965
839	160000	98000	265.2	0.4584
840	160000	102000	244.0	0.5232
841	160000	106000	246.7	0.4476
842	160000	110000	223.5	0.5489
843	160000	114000	206.9	0.5405
844	160000	118000	183.7	0.5165
845	160000	122000	119.4	0.7523
846	160000	126000	155.2	0.5952
847	160000	130000	157.6	0.6865
848	160000	134000	147.2	0.6108
849	160000	138000	145.7	0.5857
850	160000	142000	128.6	0.4248
851	160000	146000	109.8	0.4806
852	160000	150000	122.5	0.5463
853	160000	154000	99.9	0.5726
854	160000	158000	84.6	0.6641
855	160000	162000	94.1	0.6223
856	160000	166000	104.4	0.3967
857	160000	170000	77.7	0.6204
858	160000	174000	59.2	0.6967
859	160000	178000	29.0	0.6560
860	160000	182000	11.5	0.5264
861	160000	186000	8.8	0.5172
862	160000	190000	5.6	0.6122
863	160000	194000	4.3	0.6065
864	160000	198000	5.3	0.5215
865	160000	202000	7.9	0.5101
866	160000	206000	12.4	0.5602
867	160000	210000	7.5	0.6357
868	160000	214000	8.1	0.6687
869	160000	218000	13.2	0.4887
870	160000	222000	16.8	0.5418
871	160000	226000	24.6	0.4727
872	160000	230000	20.7	0.4820
873	160000	234000	14.4	0.4890
874	160000	238000	13.7	0.5150
875	160000	242000	13.3	0.3167
876	164000	74000	347.4	0.0948
877	164000	78000	345.5	0.0072
878	164000	82000	277.8	0.1041
879	164000	86000	195.0	0.3081
880	164000	90000	195.2	0.2465
881	164000	94000	224.1	0.2869
882	164000	98000	266.0	0.4468
883	164000	102000	260.0	0.4137
884	164000	106000	258.8	0.4413
885	164000	110000	246.0	0.3499
886	164000	114000	224.7	0.4164
887	164000	118000	188.4	0.4100
888	164000	122000	126.3	0.5539
889	164000	126000	136.0	0.7097
890	164000	130000	156.4	0.6265
891	164000	134000	146.0	0.6013
892	164000	138000	147.4	0.5683
893	164000	142000	143.9	0.4849
894	164000	146000	112.6	0.5278
895	164000	150000	93.7	0.5968
896	164000	154000	85.1	0.6019
897	164000	158000	87.4	0.5044
898	164000	162000	78.7	0.5477
899	164000	166000	82.2	0.5768
900	164000	170000	72.7	0.5749
901	164000	174000	61.4	0.5620
902	164000	178000	26.6	0.5324
903	164000	182000	12.3	0.6044
904	164000	186000	7.9	0.5024
905	164000	190000	7.4	0.4613
906	164000	194000	10.0	0.4830
907	164000	198000	7.8	0.4495
908	164000	202000	4.8	0.5640
909	164000	206000	7.7	0.5107
910	164000	210000	9.4	0.5724
911	164000	214000	11.2	0.5752
912	164000	218000	14.4	0.4046
913	164000	222000	23.1	0.5573
914	164000	226000	24.0	0.3248
915	164000	230000	19.1	0.3890
916	164000	234000	15.6	0.4518
917	164000	238000	12.5	0.4112
918	164000	242000	13.1	0.3537
919	168000	74000	335.1	0.0000
920	168000	78000	350.2	0.1119
921	168000	82000	287.2	0.0204
922	168000	86000	207.7	0.3689
923	168000	90000	207.1	0.2624
924	168000	94000	194.3	0.3005
925	168000	98000	261.2	0.4515
926	168000	102000	285.9	0.4138
927	168000	106000	274.1	0.4629
928	168000	110000	253.4	0.4929
929	168000	114000	229.6	0.4874
930	168000	118000	207.6	0.3528
931	168000	122000	158.0	0.6126
932	168000	126000	114.1	0.6011
933	168000	130000	155.4	0.6014
934	168000	134000	146.6	0.5901
935	168000	138000	156.5	0.5848
936	168000	142000	142.4	0.6003
937	168000	146000	123.9	0.6035
938	168000	150000	128.9	0.7485
939	168000	154000	99.4	0.5801
940	168000	158000	76.0	0.5501
941	168000	162000	59.0	0.4979
942	168000	166000	49.6	0.5040
943	168000	170000	57.0	0.5584
944	168000	174000	63.3	0.5208
945	168000	178000	25.6	0.5148
946	168000	182000	13.2	0.5413
947	168000	186000	8.7	0.5595
948	168000	190000	9.0	0.5332
949	168000	194000	14.9	0.5203
950	168000	198000	9.3	0.5494
951	168000	202000	5.2	0.4935
952	168000	206000	6.0	0.4421
953	168000	210000	8.6	0.4624
954	168000	214000	12.9	0.4056
955	168000	218000	17.7	0.5820
956	168000	222000	28.9	0.3175
957	168000	226000	22.9	0.5167
958	168000	230000	17.3	0.3992
959	168000	234000	12.8	0.4903
960	172000	74000	232.6	0.0834
961	172000	78000	302.5	0.0570
962	172000	82000	301.1	0.0277
963	172000	86000	207.8	0.1685
964	172000	90000	209.9	0.4209
965	172000	94000	175.1	0.2136
966	172000	98000	245.3	0.3497
967	172000	102000	284.6	0.4909
968	172000	106000	273.6	0.4354
969	172000	110000	252.1	0.5610
970	172000	114000	252.2	0.4996
971	172000	118000	239.7	0.4042
972	172000	122000	185.9	0.5253
973	172000	126000	120.1	0.5772
974	172000	130000	130.8	0.5341
975	172000	134000	148.1	0.5312
976	172000	138000	155.5	0.5613
977	172000	142000	156.2	0.6045
978	172000	146000	148.8	0.5917
979	172000	150000	133.2	0.5729
980	172000	154000	101.6	0.5295
981	172000	158000	67.7	0.5815
982	172000	162000	70.8	0.5148
983	172000	166000	78.6	0.3091
984	172000	170000	55.1	0.3893
985	172000	174000	43.0	0.7310
986	172000	178000	24.9	0.6212
987	172000	182000	11.9	0.5055
988	172000	186000	10.4	0.5219
989	172000	190000	9.9	0.5173
990	172000	194000	15.2	0.5913
991	172000	198000	9.4	0.4944
992	172000	202000	6.2	0.4500
993	172000	206000	5.9	0.5239
994	172000	210000	8.2	0.4278
995	172000	214000	12.0	0.4344
996	172000	218000	18.8	0.5284
997	172000	222000	25.0	0.5751
998	172000	226000	24.7	0.5746
999	172000	230000	19.1	0.4885
1000	172000	234000	13.8	0.4745
1001	172000	238000	10.9	0.4561
1002	176000	86000	167.1	0.3208
1003	176000	90000	194.8	0.3827
1004	176000	94000	185.4	0.2473
1005	176000	98000	212.0	0.2292
1006	176000	102000	272.7	0.2658
1007	176000	106000	268.3	0.4444
1008	176000	110000	242.0	0.4729
1009	176000	114000	240.2	0.5261
1010	176000	118000	242.6	0.4644
1011	176000	122000	196.2	0.5254
1012	176000	126000	117.2	0.5157
1013	176000	130000	161.2	0.5515
1014	176000	134000	172.3	0.6466
1015	176000	138000	164.4	0.5595
1016	176000	142000	154.8	0.6068
1017	176000	146000	154.0	0.5560
1018	176000	150000	143.5	0.6362
1019	176000	154000	129.3	0.5330
1020	176000	158000	103.0	0.5072
1021	176000	162000	85.5	0.6156
1022	176000	166000	86.7	0.4068
1023	176000	170000	60.3	0.6606
1024	176000	174000	45.1	0.6756
1025	176000	178000	33.2	0.5363
1026	176000	182000	16.9	0.5678
1027	176000	186000	13.7	0.5251
1028	176000	190000	11.5	0.5159
1029	176000	194000	11.0	0.5797
1030	176000	198000	10.1	0.5116
1031	176000	202000	9.3	0.3964
1032	176000	206000	10.2	0.4809
1033	176000	210000	12.7	0.4596
1034	176000	214000	14.7	0.3223
1035	176000	218000	20.6	0.3501
1036	176000	222000	22.6	0.5162
1037	176000	226000	25.1	0.5150
1038	176000	230000	21.5	0.5587
1039	176000	234000	14.8	0.5310
1040	176000	238000	10.3	0.5118
1041	176000	242000	7.2	0.5511
1042	180000	70000	462.3	0.0762
1043	180000	74000	434.4	0.0000
1044	180000	90000	156.7	0.4434
1045	180000	94000	165.4	0.2712
1046	180000	98000	203.1	0.2282
1047	180000	102000	234.0	0.4159
1048	180000	106000	232.2	0.4050
1049	180000	110000	211.3	0.3528
1050	180000	114000	227.8	0.4559
1051	180000	118000	229.9	0.5252
1052	180000	122000	215.0	0.3448
1053	180000	126000	138.7	0.5591
1054	180000	130000	166.1	0.5568
1055	180000	134000	168.5	0.5789
1056	180000	138000	171.4	0.5823
1057	180000	142000	164.3	0.5636
1058	180000	146000	151.6	0.6026
1059	180000	150000	135.6	0.5771
1060	180000	154000	125.1	0.5746
1061	180000	158000	121.8	0.5974
1062	180000	162000	98.0	0.6190
1063	180000	166000	86.1	0.5917
1064	180000	170000	68.3	0.6062
1065	180000	174000	72.1	0.5644
1066	180000	178000	49.3	0.5255
1067	180000	182000	31.6	0.4458
1068	180000	186000	17.9	0.5964
1069	180000	190000	12.8	0.5132
1070	180000	194000	10.1	0.4975
1071	180000	198000	10.0	0.5791
1072	180000	202000	9.2	0.5040
1073	180000	206000	12.2	0.6341
1074	180000	210000	13.5	0.3874
1075	180000	214000	14.7	0.4340
1076	180000	218000	20.0	0.4068
1077	180000	222000	24.0	0.4852
1078	180000	226000	26.6	0.4450
1079	180000	230000	19.7	0.4128
1080	180000	234000	16.9	0.4524
1081	180000	238000	15.0	0.4292
1082	180000	242000	10.6	0.4018
1083	180000	246000	7.5	0.3490
1084	184000	54000	266.5	0.0528
1085	184000	58000	299.5	0.0737
1086	184000	62000	275.5	0.0988
1087	184000	70000	429.6	0.0071
1088	184000	74000	384.4	0.1202
1089	184000	78000	351.0	0.1248
1090	184000	82000	289.7	0.0404
1091	184000	86000	264.3	0.1213
1092	184000	90000	167.9	0.3560
1093	184000	94000	159.1	0.4410
1094	184000	98000	198.1	0.3168
1095	184000	102000	203.5	0.4813
1096	184000	106000	218.3	0.4215
1097	184000	110000	177.5	0.3619
1098	184000	114000	159.3	0.3137
1099	184000	118000	190.2	0.3630
1100	184000	122000	198.1	0.5036
1101	184000	126000	144.9	0.5594
1102	184000	130000	132.3	0.6379
1103	184000	134000	174.9	0.5902
1104	184000	138000	168.2	0.5805
1105	184000	142000	152.1	0.5915
1106	184000	146000	144.1	0.5850
1107	184000	150000	128.7	0.5855
1108	184000	154000	107.1	0.5733
1109	184000	158000	91.0	0.5972
1110	184000	162000	86.8	0.5933
1111	184000	166000	77.3	0.6239
1112	184000	170000	64.4	0.5411
1113	184000	174000	70.5	0.5269
1114	184000	178000	52.1	0.5096
1115	184000	182000	41.7	0.4522
1116	184000	186000	27.4	0.5487
1117	184000	190000	16.6	0.4254
1118	184000	194000	13.3	0.4105
1119	184000	198000	12.0	0.4870
1120	184000	202000	17.6	0.5419
1121	184000	206000	17.8	0.5289
1122	184000	210000	18.1	0.3223
1123	184000	214000	14.4	0.4511
1124	184000	218000	18.4	0.4649
1125	184000	222000	24.4	0.6084
1126	184000	226000	27.8	0.5857
1127	184000	230000	23.5	0.4224
1128	184000	234000	19.7	0.3968
1129	184000	238000	17.6	0.4000
1130	184000	242000	13.3	0.4265
1131	188000	54000	369.2	0.0824
1132	188000	58000	351.1	0.1380
1133	188000	62000	270.4	0.1323
1134	188000	66000	362.7	0.1444
1135	188000	70000	397.8	0.0981
1136	188000	74000	368.0	0.2083
1137	188000	78000	358.7	0.1689
1138	188000	82000	329.9	0.0485
1139	188000	86000	305.1	0.1992
1140	188000	90000	204.2	0.4124
1141	188000	94000	236.3	0.3936
1142	188000	98000	251.3	0.4722
1143	188000	102000	169.7	0.3536
1144	188000	106000	178.5	0.5188
1145	188000	110000	180.0	0.3450
1146	188000	114000	201.1	0.4025
1147	188000	118000	217.6	0.3688
1148	188000	122000	189.9	0.3211
1149	188000	126000	159.9	0.5194
1150	188000	130000	146.4	0.6504
1151	188000	134000	190.1	0.5516
1152	188000	138000	172.7	0.5610
1153	188000	142000	152.1	0.6207
1154	188000	146000	142.8	0.5729
1155	188000	150000	126.4	0.5840
1156	188000	154000	111.7	0.6000
1157	188000	158000	87.5	0.5883
1158	188000	162000	65.5	0.6143
1159	188000	166000	57.0	0.6399
1160	188000	170000	56.2	0.5693
1161	188000	174000	66.6	0.5290
1162	188000	178000	66.9	0.5176
1163	188000	182000	35.2	0.4474
1164	188000	186000	21.6	0.4697
1165	188000	190000	18.7	0.4280
1166	188000	194000	24.4	0.3736
1167	188000	198000	16.3	0.4423
1168	188000	202000	19.2	0.5631
1169	188000	206000	20.3	0.5824
1170	188000	210000	16.6	0.4235
1171	188000	214000	19.5	0.4869
1172	188000	218000	19.5	0.3868
1173	188000	222000	23.2	0.6873
1174	188000	226000	29.7	0.4650
1175	188000	230000	25.7	0.4182
1176	188000	234000	24.6	0.4039
1177	188000	238000	24.7	0.4529
1178	192000	54000	391.2	0.0000
1179	192000	58000	316.2	0.0711
1180	192000	62000	297.3	0.2185
1181	192000	66000	357.2	0.1853
1182	192000	70000	393.7	0.3175
1183	192000	74000	364.7	0.3121
1184	192000	78000	369.5	0.2099
1185	192000	82000	341.4	0.2262
1186	192000	86000	287.0	0.3305
1187	192000	90000	189.3	0.4297
1188	192000	94000	221.8	0.3350
1189	192000	98000	223.4	0.2410
1190	192000	102000	220.7	0.3818
1191	192000	106000	227.7	0.4389
1192	192000	110000	257.8	0.5116
1193	192000	114000	229.1	0.2879
1194	192000	118000	246.2	0.4229
1195	192000	122000	226.0	0.3870
1196	192000	126000	179.3	0.4651
1197	192000	130000	148.9	0.5345
1198	192000	134000	182.9	0.5191
1199	192000	138000	174.3	0.5542
1200	192000	142000	149.8	0.5857
1201	192000	146000	138.8	0.5904
1202	192000	150000	123.5	0.5997
1203	192000	154000	97.0	0.5947
1204	192000	158000	73.3	0.6138
1205	192000	162000	68.6	0.6230
1206	192000	166000	48.5	0.6523
1207	192000	170000	51.8	0.5544
1208	192000	174000	48.5	0.5228
1209	192000	178000	56.3	0.4647
1210	192000	182000	46.8	0.5454
1211	192000	186000	42.9	0.5513
1212	192000	190000	22.5	0.3611
1213	192000	194000	21.0	0.4009
1214	192000	198000	15.5	0.4003
1215	192000	202000	17.4	0.5747
1216	192000	206000	20.4	0.5833
1217	192000	210000	16.1	0.4639
1218	192000	214000	20.3	0.4918
1219	192000	218000	18.8	0.4478
1220	192000	222000	21.8	0.5600
1221	192000	226000	27.9	0.5043
1222	192000	230000	31.7	0.5053
1223	192000	234000	28.5	0.4816
1224	192000	238000	24.3	0.5047
1225	196000	50000	368.0	0.0043
1226	196000	54000	356.9	0.1280
1227	196000	58000	285.8	0.1327
1228	196000	62000	377.3	0.1241
1229	196000	66000	383.6	0.2529
1230	196000	70000	393.0	0.3006
1231	196000	74000	390.1	0.0288
1232	196000	78000	411.3	0.1370
1233	196000	82000	339.8	0.1077
1234	196000	86000	259.0	0.3484
1235	196000	90000	181.8	0.3851
1236	196000	94000	191.7	0.2518
1237	196000	98000	187.1	0.2495
1238	196000	102000	244.0	0.3768
1239	196000	106000	264.7	0.4445
1240	196000	110000	251.0	0.4990
1241	196000	114000	253.3	0.4488
1242	196000	118000	263.8	0.5121
1243	196000	122000	236.2	0.2858
1244	196000	126000	168.9	0.3676
1245	196000	130000	146.0	0.6458
1246	196000	134000	193.4	0.4906
1247	196000	138000	187.1	0.5311
1248	196000	142000	159.9	0.5798
1249	196000	146000	139.6	0.5889
1250	196000	150000	129.4	0.6010
1251	196000	154000	98.6	0.5951
1252	196000	158000	81.7	0.6102
1253	196000	162000	62.3	0.5907
1254	196000	166000	44.4	0.5508
1255	196000	170000	38.7	0.5244
1256	196000	174000	42.3	0.4763
1257	196000	178000	50.0	0.4755
1258	196000	182000	51.0	0.5510
1259	196000	186000	38.6	0.5463
1260	196000	190000	25.1	0.4050
1261	196000	194000	25.8	0.3105
1262	196000	198000	20.4	0.3873
1263	196000	202000	22.1	0.5634
1264	196000	206000	21.2	0.4888
1265	196000	210000	22.7	0.4647
1266	196000	214000	20.6	0.3239
1267	196000	218000	20.4	0.4063
1268	196000	222000	25.0	0.5136
1269	196000	226000	27.4	0.3441
1270	196000	230000	32.5	0.3570
1271	196000	234000	28.3	0.4614
1272	196000	238000	25.1	0.4656
1273	196000	242000	21.4	0.3304
1274	200000	50000	394.4	0.0154
1275	200000	54000	305.9	0.1842
1276	200000	58000	370.1	0.1928
1277	200000	62000	407.5	0.1685
1278	200000	66000	414.9	0.2755
1279	200000	70000	392.2	0.2636
1280	200000	74000	363.6	0.2318
1281	200000	78000	379.2	0.1112
1282	200000	82000	363.7	0.1415
1283	200000	86000	250.0	0.3788
1284	200000	90000	168.8	0.3276
1285	200000	94000	156.5	0.3533
1286	200000	98000	218.9	0.2182
1287	200000	102000	273.6	0.2767
1288	200000	106000	285.6	0.5234
1289	200000	110000	255.7	0.5565
1290	200000	114000	250.8	0.4510
1291	200000	118000	277.8	0.4835
1292	200000	122000	256.0	0.4748
1293	200000	126000	219.1	0.3962
1294	200000	130000	162.6	0.5246
1295	200000	134000	162.9	0.5986
1296	200000	138000	184.6	0.5725
1297	200000	142000	166.3	0.5653
1298	200000	146000	141.3	0.5890
1299	200000	150000	139.1	0.6074
1300	200000	154000	122.4	0.6199
1301	200000	158000	95.0	0.6215
1302	200000	162000	70.3	0.6313
1303	200000	166000	43.3	0.5561
1304	200000	170000	29.4	0.4892
1305	200000	174000	40.2	0.4900
1306	200000	178000	39.1	0.5034
1307	200000	182000	37.2	0.5515
1308	200000	186000	27.8	0.4879
1309	200000	190000	25.6	0.4488
1310	200000	194000	30.9	0.5322
1311	200000	198000	21.7	0.5191
1312	200000	202000	24.3	0.5152
1313	200000	206000	25.2	0.4111
1314	200000	210000	26.6	0.4591
1315	200000	214000	23.0	0.5069
1316	200000	218000	22.2	0.5269
1317	200000	222000	23.4	0.5783
1318	200000	226000	30.5	0.3836
1319	200000	230000	34.6	0.2595
1320	200000	234000	31.2	0.3174
1321	200000	238000	26.3	0.3269
1322	200000	242000	22.1	0.2545
1323	204000	46000	335.2	0.0481
1324	204000	50000	404.0	0.0050
1325	204000	54000	303.4	0.1194
1326	204000	58000	376.7	0.1805
1327	204000	62000	398.6	0.2909
1328	204000	66000	404.4	0.3044
1329	204000	70000	379.2	0.2278
1330	204000	74000	360.9	0.1124
1331	204000	78000	340.7	0.1508
1332	204000	82000	307.2	0.0300
1333	204000	86000	250.5	0.4989
1334	204000	90000	189.8	0.2931
1335	204000	94000	167.2	0.2809
1336	204000	98000	229.9	0.1211
1337	204000	102000	281.4	0.3656
1338	204000	106000	295.1	0.4871
1339	204000	110000	280.5	0.5597
1340	204000	114000	265.0	0.4596
1341	204000	118000	283.8	0.4994
1342	204000	122000	264.8	0.4992
1343	204000	126000	259.1	0.4916
1344	204000	130000	193.6	0.3834
1345	204000	134000	146.7	0.4879
1346	204000	138000	159.3	0.5953
1347	204000	142000	157.9	0.5333
1348	204000	146000	140.2	0.5749
1349	204000	150000	138.6	0.5838
1350	204000	154000	130.7	0.6214
1351	204000	158000	103.9	0.5905
1352	204000	162000	80.1	0.5754
1353	204000	166000	56.6	0.5353
1354	204000	170000	34.9	0.4685
1355	204000	174000	26.4	0.4843
1356	204000	178000	25.9	0.4995
1357	204000	182000	22.7	0.4613
1358	204000	186000	28.3	0.4550
1359	204000	190000	36.6	0.4814
1360	204000	194000	26.0	0.5240
1361	204000	198000	30.3	0.5466
1362	204000	202000	29.6	0.4404
1363	204000	206000	29.5	0.5111
1364	204000	210000	29.1	0.5352
1365	204000	214000	26.2	0.4847
1366	204000	218000	27.9	0.3925
1367	204000	222000	27.9	0.3814
1368	204000	226000	30.8	0.4665
1369	204000	230000	28.7	0.4315
1370	208000	42000	238.2	0.3078
1371	208000	46000	299.9	0.1781
1372	208000	50000	406.6	0.0199
1373	208000	54000	312.4	0.0725
1374	208000	58000	358.1	0.1357
1375	208000	62000	406.3	0.3231
1376	208000	66000	419.2	0.3273
1377	208000	70000	409.8	0.1127
1378	208000	74000	370.1	0.1963
1379	208000	78000	402.5	0.1887
1380	208000	82000	362.3	0.0145
1381	208000	86000	267.0	0.3274
1382	208000	90000	192.7	0.3179
1383	208000	94000	184.1	0.3065
1384	208000	98000	209.6	0.2301
1385	208000	102000	264.8	0.3124
1386	208000	106000	302.1	0.2864
1387	208000	110000	311.3	0.4179
1388	208000	114000	286.5	0.4734
1389	208000	118000	292.8	0.4185
1390	208000	122000	265.8	0.4674
1391	208000	126000	244.7	0.5183
1392	208000	130000	246.4	0.4605
1393	208000	134000	139.2	0.3995
1394	208000	138000	127.7	0.6481
1395	208000	142000	144.2	0.5465
1396	208000	146000	145.6	0.5741
1397	208000	150000	133.6	0.5811
1398	208000	154000	127.6	0.5874
1399	208000	158000	111.3	0.5680
1400	208000	162000	84.5	0.5753
1401	208000	166000	61.1	0.6667
1402	208000	170000	41.2	0.5784
1403	208000	174000	45.6	0.4846
1404	208000	178000	39.7	0.5003
1405	208000	182000	26.8	0.5311
1406	208000	186000	32.4	0.4151
1407	208000	190000	30.1	0.4920
1408	208000	194000	32.5	0.6475
1409	208000	198000	38.0	0.4430
1410	208000	202000	39.9	0.3741
1411	208000	206000	34.3	0.4941
1412	208000	210000	35.4	0.4455
1413	208000	214000	35.9	0.2733
1414	208000	218000	39.6	0.3597
1415	208000	222000	40.8	0.2838
1416	212000	42000	278.7	0.1316
1417	212000	46000	322.9	0.3563
1418	212000	50000	368.6	0.0335
1419	212000	54000	330.5	0.1804
1420	212000	58000	388.4	0.0996
1421	212000	62000	429.3	0.3945
1422	212000	66000	446.9	0.3401
1423	212000	70000	410.8	0.2444
1424	212000	74000	388.0	0.3295
1425	212000	78000	424.4	0.1429
1426	212000	82000	370.9	0.0262
1427	212000	86000	304.7	0.3136
1428	212000	90000	257.9	0.3385
1429	212000	94000	231.1	0.4394
1430	212000	98000	233.7	0.5217
1431	212000	102000	234.6	0.2028
1432	212000	106000	272.7	0.2864
1433	212000	110000	276.5	0.3147
1434	212000	114000	312.9	0.4413
1435	212000	118000	291.4	0.4159
1436	212000	122000	261.4	0.3265
1437	212000	126000	231.6	0.4576
1438	212000	130000	216.4	0.4227
1439	212000	134000	153.7	0.5335
1440	212000	138000	135.5	0.5426
1441	212000	142000	184.7	0.6174
1442	212000	146000	167.5	0.5994
1443	212000	150000	139.7	0.6025
1444	212000	154000	120.1	0.6463
1445	212000	158000	106.6	0.5587
1446	212000	162000	88.7	0.5657
1447	212000	166000	67.0	0.5300
1448	212000	170000	47.5	0.5011
1449	212000	174000	55.9	0.5093
1450	212000	178000	36.6	0.5280
1451	212000	182000	28.5	0.4843
1452	212000	186000	31.8	0.5478
1453	212000	190000	35.1	0.5136
1454	212000	194000	37.0	0.5565
1455	212000	198000	45.7	0.4551
1456	212000	202000	47.9	0.5535
1457	212000	206000	40.7	0.3774
1458	212000	210000	43.5	0.6771
1459	212000	214000	44.6	0.5530
1460	212000	218000	44.1	0.3318
1461	212000	222000	40.9	0.1834
1462	216000	34000	221.6	0.4313
1463	216000	38000	273.0	0.3913
1464	216000	42000	335.3	0.2313
1465	216000	46000	319.3	0.2593
1466	216000	50000	391.8	0.0000
1467	216000	54000	402.1	0.0214
1468	216000	58000	404.9	0.2899
1469	216000	62000	439.0	0.2853
1470	216000	66000	467.1	0.1001
1471	216000	70000	458.4	0.2261
1472	216000	74000	458.7	0.1511
1473	216000	78000	398.1	0.1153
1474	216000	82000	396.2	0.0846
1475	216000	86000	323.6	0.2153
1476	216000	90000	279.7	0.2897
1477	216000	94000	268.4	0.3402
1478	216000	98000	264.9	0.5540
1479	216000	102000	241.0	0.3509
1480	216000	106000	239.3	0.2772
1481	216000	110000	230.2	0.2826
1482	216000	114000	293.7	0.3296
1483	216000	118000	287.6	0.5221
1484	216000	122000	256.6	0.4782
1485	216000	126000	230.9	0.4003
1486	216000	130000	237.8	0.3686
1487	216000	134000	210.2	0.3289
1488	216000	138000	126.4	0.5793
1489	216000	142000	179.8	0.5737
1490	216000	146000	168.5	0.5813
1491	216000	150000	145.6	0.5965
1492	216000	154000	123.5	0.6335
1493	216000	158000	108.8	0.5827
1494	216000	162000	76.9	0.5319
1495	216000	166000	67.1	0.4917
1496	216000	170000	54.6	0.4839
1497	216000	174000	41.2	0.5425
1498	216000	178000	41.4	0.5647
1499	216000	182000	33.3	0.6399
1500	216000	186000	35.2	0.3046
1501	216000	190000	39.6	0.4408
1502	216000	194000	52.7	0.6448
1503	216000	198000	61.7	0.1078
1504	216000	202000	59.6	0.2410
1505	216000	206000	54.2	0.1319
1506	216000	210000	53.2	0.5597
1507	216000	214000	47.1	0.5768
1508	216000	218000	40.8	0.3284
1509	220000	34000	231.7	0.3781
1510	220000	38000	274.6	0.0469
1511	220000	42000	336.1	0.3245
1512	220000	46000	335.6	0.3193
1513	220000	50000	400.2	0.0078
1514	220000	54000	404.9	0.1856
1515	220000	58000	394.9	0.3559
1516	220000	62000	437.5	0.1757
1517	220000	66000	471.2	0.3627
1518	220000	70000	482.0	0.1447
1519	220000	74000	464.7	0.0276
1520	220000	78000	433.7	0.2467
1521	220000	82000	475.9	0.1954
1522	220000	86000	404.7	0.1070
1523	220000	90000	380.0	0.2040
1524	220000	94000	306.8	0.3603
1525	220000	98000	282.6	0.3551
1526	220000	102000	251.3	0.5777
1527	220000	106000	196.5	0.2413
1528	220000	110000	210.4	0.2980
1529	220000	114000	241.3	0.3886
1530	220000	118000	294.2	0.4537
1531	220000	122000	281.0	0.5223
1532	220000	126000	250.4	0.4823
1533	220000	130000	256.4	0.5133
1534	220000	134000	226.0	0.4107
1535	220000	138000	141.4	0.4045
1536	220000	142000	175.6	0.6714
1537	220000	146000	170.0	0.5917
1538	220000	150000	155.2	0.5938
1539	220000	154000	130.4	0.6437
1540	220000	158000	112.6	0.6022
1541	220000	162000	87.6	0.5569
1542	220000	166000	91.3	0.5275
1543	220000	170000	65.0	0.4857
1544	220000	174000	46.4	0.4806
1545	220000	178000	49.9	0.5938
1546	220000	182000	36.2	0.6998
1547	220000	186000	42.8	0.5694
1548	220000	190000	50.8	0.6326
1549	220000	194000	66.1	0.3967
1550	220000	198000	68.6	0.1739
1551	220000	202000	64.7	0.3889
1552	220000	206000	61.8	0.2967
1553	220000	210000	53.8	0.2355
1554	220000	214000	43.6	0.6430
1555	220000	218000	37.8	0.3559
1556	224000	34000	270.2	0.2445
1557	224000	38000	314.2	0.0200
1558	224000	42000	340.7	0.3512
1559	224000	46000	355.8	0.2360
1560	224000	50000	391.6	0.1257
1561	224000	54000	398.8	0.1056
1562	224000	58000	406.0	0.3870
1563	224000	62000	432.3	0.3569
1564	224000	66000	472.0	0.4362
1565	224000	70000	526.9	0.1625
1566	224000	74000	467.7	0.3766
1567	224000	78000	499.3	0.2786
1568	224000	82000	536.9	0.1489
1569	224000	86000	521.6	0.0000
1570	224000	90000	505.6	0.0000
1571	224000	94000	371.7	0.2417
1572	224000	98000	354.6	0.2933
1573	224000	102000	327.3	0.2250
1574	224000	106000	209.2	0.1921
1575	224000	110000	180.7	0.3020
1576	224000	114000	184.2	0.3707
1577	224000	118000	276.4	0.3195
1578	224000	122000	263.9	0.4134
1579	224000	126000	270.5	0.4730
1580	224000	130000	271.9	0.4553
1581	224000	134000	246.5	0.5353
1582	224000	138000	221.0	0.4745
1583	224000	142000	132.2	0.6054
1584	224000	146000	163.4	0.6146
1585	224000	150000	163.0	0.6209
1586	224000	154000	140.0	0.6173
1587	224000	158000	117.8	0.5804
1588	224000	162000	97.2	0.5755
1589	224000	166000	80.4	0.5051
1590	224000	170000	69.8	0.4957
1591	224000	174000	49.2	0.4605
1592	224000	178000	45.3	0.5686
1593	224000	182000	44.1	0.4439
1594	224000	186000	59.5	0.4240
1595	224000	190000	71.7	0.1996
1596	224000	194000	75.6	0.3158
1597	224000	198000	70.4	0.4639
1598	224000	202000	63.5	0.4958
1599	224000	206000	56.8	0.4196
1600	224000	210000	47.2	0.5240
1601	224000	214000	40.0	0.5667
1602	224000	218000	33.8	0.3851
1603	228000	22000	237.9	0.3762
1604	228000	26000	271.3	0.4081
1605	228000	30000	267.1	0.4232
1606	228000	34000	299.0	0.2496
1607	228000	38000	333.1	0.0753
1608	228000	42000	348.8	0.4056
1609	228000	46000	364.1	0.2086
1610	228000	50000	422.6	0.0072
1611	228000	54000	424.5	0.1632
1612	228000	58000	445.5	0.4435
1613	228000	62000	440.5	0.3912
1614	228000	66000	496.2	0.2768
1615	228000	70000	492.8	0.3339
1616	228000	74000	466.2	0.3138
1617	228000	78000	497.6	0.1192
1618	228000	82000	533.6	0.0433
1619	228000	86000	488.1	0.0581
1620	228000	90000	486.7	0.0383
1621	228000	94000	451.0	0.0817
1622	228000	98000	372.6	0.2328
1623	228000	102000	327.3	0.2160
1624	228000	106000	236.0	0.3096
1625	228000	110000	201.0	0.2759
1626	228000	114000	198.4	0.2483
1627	228000	118000	230.0	0.3404
1628	228000	122000	247.8	0.2954
1629	228000	126000	262.1	0.5020
1630	228000	130000	261.7	0.3988
1631	228000	134000	219.8	0.4060
1632	228000	138000	245.1	0.4832
1633	228000	142000	143.5	0.4981
1634	228000	146000	133.7	0.6424
1635	228000	150000	169.1	0.7718
1636	228000	154000	148.1	0.6245
1637	228000	158000	130.1	0.6031
1638	228000	162000	97.3	0.5913
1639	228000	166000	92.5	0.5692
1640	228000	170000	84.7	0.5604
1641	228000	174000	60.8	0.5610
1642	228000	178000	44.6	0.5127
1643	228000	182000	55.9	0.7185
1644	228000	186000	73.3	0.7594
1645	228000	190000	78.8	0.5975
1646	228000	194000	77.9	0.1933
1647	228000	198000	70.7	0.4822
1648	228000	202000	63.5	0.5137
1649	228000	206000	55.6	0.5008
1650	228000	210000	47.0	0.3707
1651	228000	214000	38.3	0.4832
1652	228000	218000	34.2	0.3972
1653	228000	222000	30.0	0.2659
1654	232000	22000	280.7	0.3396
1655	232000	26000	240.3	0.4617
1656	232000	30000	248.2	0.4922
1657	232000	34000	297.1	0.1229
1658	232000	38000	351.4	0.1909
1659	232000	42000	348.3	0.3944
1660	232000	46000	358.2	0.3351
1661	232000	50000	425.4	0.0899
1662	232000	54000	416.4	0.3538
1663	232000	58000	459.2	0.3686
1664	232000	62000	470.0	0.4116
1665	232000	66000	500.1	0.2292
1666	232000	70000	507.2	0.2598
1667	232000	74000	483.9	0.3269
1668	232000	78000	449.7	0.2734
1669	232000	82000	430.2	0.2546
1670	232000	86000	413.3	0.2212
1671	232000	90000	417.9	0.3030
1672	232000	94000	392.9	0.2045
1673	232000	98000	320.3	0.2368
1674	232000	102000	276.8	0.2828
1675	232000	106000	313.1	0.2731
1676	232000	110000	297.5	0.3639
1677	232000	114000	268.6	0.3527
1678	232000	118000	200.2	0.3817
1679	232000	122000	202.1	0.3274
1680	232000	126000	192.4	0.2856
1681	232000	130000	237.9	0.4129
1682	232000	134000	229.9	0.2228
1683	232000	138000	225.1	0.3055
1684	232000	142000	205.1	0.5778
1685	232000	146000	99.0	0.8177
1686	232000	150000	169.4	0.7451
1687	232000	154000	157.8	0.6593
1688	232000	158000	138.5	0.5946
1689	232000	162000	105.0	0.5845
1690	232000	166000	99.1	0.6226
1691	232000	170000	87.2	0.5828
1692	232000	174000	68.9	0.5581
1693	232000	178000	57.8	0.5478
1694	232000	182000	85.8	0.5271
1695	232000	186000	82.0	0.4900
1696	232000	190000	85.3	0.5691
1697	232000	194000	81.1	0.4406
1698	232000	198000	71.9	0.4702
1699	232000	202000	63.7	0.4406
1700	232000	206000	51.2	0.4343
1701	232000	210000	42.7	0.4450
1702	232000	214000	36.9	0.4679
1703	232000	218000	32.5	0.4529
1704	232000	222000	28.1	0.2630
1705	236000	22000	337.8	0.2570
1706	236000	26000	304.7	0.3334
1707	236000	30000	246.8	0.4265
1708	236000	34000	319.8	0.0227
1709	236000	38000	343.2	0.1626
1710	236000	42000	340.4	0.3810
1711	236000	46000	365.4	0.4084
1712	236000	50000	437.7	0.0663
1713	236000	54000	443.5	0.3463
1714	236000	58000	466.0	0.1804
1715	236000	62000	459.6	0.4029
1716	236000	66000	461.6	0.4055
1717	236000	70000	497.3	0.2845
1718	236000	74000	480.8	0.2937
1719	236000	78000	451.0	0.4136
1720	236000	82000	452.1	0.3310
1721	236000	86000	408.1	0.2442
1722	236000	90000	414.9	0.2798
1723	236000	94000	377.8	0.1685
1724	236000	98000	323.9	0.2018
1725	236000	102000	430.9	0.1230
1726	236000	106000	382.7	0.1613
1727	236000	110000	331.1	0.3315
1728	236000	114000	286.7	0.2979
1729	236000	118000	257.3	0.3574
1730	236000	122000	247.0	0.3876
1731	236000	126000	230.1	0.4068
1732	236000	130000	190.4	0.4066
1733	236000	134000	175.1	0.4035
1734	236000	138000	161.4	0.4420
1735	236000	142000	173.8	0.5709
1736	236000	146000	94.2	0.7258
1737	236000	150000	117.5	0.6613
1738	236000	154000	156.1	0.7316
1739	236000	158000	147.3	0.6033
1740	236000	162000	116.8	0.5839
1741	236000	166000	102.8	0.6161
1742	236000	170000	91.4	0.6171
1743	236000	174000	82.2	0.5680
1744	236000	178000	89.9	0.2614
1745	236000	182000	96.5	0.3794
1746	236000	186000	91.6	0.3409
1747	236000	190000	81.6	0.5481
1748	236000	194000	77.0	0.4216
1749	236000	198000	72.5	0.4269
1750	236000	202000	58.6	0.5147
1751	236000	206000	40.9	0.5817
1752	236000	210000	36.0	0.4677
1753	236000	214000	35.6	0.5268
1754	240000	22000	367.8	0.3933
1755	240000	26000	262.9	0.4257
1756	240000	30000	260.8	0.3403
1757	240000	34000	301.1	0.0696
1758	240000	38000	350.0	0.0931
1759	240000	42000	344.9	0.4158
1760	240000	46000	374.2	0.4156
1761	240000	50000	438.7	0.1083
1762	240000	54000	450.5	0.3145
1763	240000	58000	479.1	0.0109
1764	240000	62000	456.4	0.3170
1765	240000	66000	447.8	0.3234
1766	240000	70000	473.3	0.3279
1767	240000	74000	504.0	0.3888
1768	240000	78000	498.5	0.3241
1769	240000	82000	451.6	0.3853
1770	240000	86000	397.8	0.1981
1771	240000	90000	404.4	0.3350
1772	240000	94000	372.1	0.2322
1773	240000	98000	415.6	0.0670
1774	240000	102000	519.9	0.1920
1775	240000	106000	455.0	0.2155
1776	240000	110000	449.5	0.0734
1777	240000	114000	361.5	0.0968
1778	240000	118000	364.0	0.2481
1779	240000	122000	305.7	0.2343
1780	240000	126000	296.7	0.3146
1781	240000	130000	212.6	0.3000
1782	240000	134000	241.6	0.4387
1783	240000	138000	251.9	0.4707
1784	240000	142000	188.3	0.4406
1785	240000	146000	162.8	0.6512
1786	240000	150000	103.1	0.7045
1787	240000	154000	94.6	0.7403
1788	240000	158000	102.5	0.5964
1789	240000	162000	100.1	0.6812
1790	240000	166000	96.3	0.6954
1791	240000	170000	81.5	0.6364
1792	240000	174000	67.7	0.6625
1793	240000	178000	65.2	0.4227
1794	240000	182000	63.2	0.2113
1795	240000	186000	71.8	0.1437
1796	240000	190000	84.9	0.2452
1797	240000	194000	77.5	0.3368
1798	240000	198000	65.5	0.3482
1799	240000	202000	43.2	0.5049
1800	240000	206000	34.1	0.4762
1801	240000	210000	33.5	0.3603
1802	244000	26000	300.0	0.3708
1803	244000	30000	270.9	0.4312
1804	244000	34000	303.2	0.2557
1805	244000	38000	349.7	0.1050
1806	244000	42000	353.4	0.4335
1807	244000	46000	391.1	0.3581
1808	244000	50000	445.9	0.0004
1809	244000	54000	463.5	0.0630
1810	244000	58000	464.1	0.0209
1811	244000	62000	437.2	0.2587
1812	244000	66000	452.7	0.3421
1813	244000	70000	481.3	0.3318
1814	244000	74000	513.7	0.4031
1815	244000	78000	508.7	0.4510
1816	244000	82000	456.2	0.3771
1817	244000	86000	447.4	0.3842
1818	244000	90000	394.9	0.1457
1819	244000	94000	369.0	0.2564
1820	244000	98000	481.0	0.1645
1821	244000	102000	584.9	0.0976
1822	244000	106000	549.7	0.1848
1823	244000	110000	460.0	0.2978
1824	244000	114000	450.3	0.1381
1825	244000	118000	407.7	0.1689
1826	244000	122000	401.4	0.2239
1827	244000	126000	336.9	0.2348
1828	244000	130000	210.2	0.4088
1829	244000	134000	266.4	0.4784
1830	244000	138000	238.3	0.3859
1831	244000	142000	182.4	0.5135
1832	244000	146000	237.8	0.5718
1833	244000	150000	205.4	0.5681
1834	244000	154000	138.1	0.5217
1835	244000	158000	90.3	0.5483
1836	244000	162000	61.3	0.5784
1837	244000	166000	63.4	0.4185
1838	244000	170000	56.5	0.7303
1839	244000	174000	47.8	0.7469
1840	244000	178000	43.6	0.5185
1841	244000	182000	40.0	0.6610
1842	244000	186000	38.7	0.5665
1843	244000	190000	40.5	0.5498
1844	244000	194000	43.7	0.5654
1845	244000	198000	38.0	0.5037
1846	244000	202000	33.7	0.4420
1847	244000	206000	31.6	0.4296
1848	244000	210000	31.8	0.4535
1849	248000	26000	350.8	0.3290
1850	248000	30000	282.7	0.4645
1851	248000	34000	348.3	0.3458
1852	248000	38000	366.1	0.0228
1853	248000	42000	370.8	0.2987
1854	248000	46000	361.7	0.3709
1855	248000	50000	388.2	0.3018
1856	248000	54000	461.2	0.0725
1857	248000	58000	447.5	0.1770
1858	248000	62000	432.0	0.2461
1859	248000	66000	442.1	0.1910
1860	248000	70000	469.2	0.2710
1861	248000	74000	509.6	0.3518
1862	248000	78000	504.0	0.5148
1863	248000	82000	507.8	0.2844
1864	248000	86000	448.0	0.3400
1865	248000	90000	428.5	0.2370
1866	248000	94000	383.2	0.2075
1867	248000	98000	468.9	0.0604
1868	248000	102000	573.8	0.1678
1869	248000	106000	586.1	0.1481
1870	248000	110000	473.2	0.1856
1871	248000	114000	388.4	0.2642
1872	248000	118000	369.4	0.1324
1873	248000	122000	311.6	0.1945
1874	248000	126000	340.4	0.0065
1875	248000	130000	308.7	0.2253
1876	248000	134000	303.2	0.2968
1877	248000	138000	282.4	0.2727
1878	248000	142000	199.7	0.4675
1879	248000	146000	242.1	0.5629
1880	248000	150000	250.7	0.5067
1881	248000	154000	185.2	0.4960
1882	248000	158000	132.8	0.5446
1883	248000	162000	110.5	0.5023
1884	248000	166000	118.5	0.4057
1885	248000	182000	69.3	0.5617
1886	248000	186000	49.5	0.7004
1887	248000	190000	36.8	0.4904
1888	248000	194000	30.8	0.4739
1889	248000	198000	30.5	0.5458
1890	248000	202000	30.0	0.5314
1891	248000	206000	29.9	0.5165
1892	248000	210000	29.7	0.4437
1893	252000	26000	319.7	0.5267
1894	252000	30000	303.2	0.5419
1895	252000	34000	330.5	0.3899
1896	252000	38000	345.7	0.4104
1897	252000	42000	384.1	0.4708
1898	252000	46000	374.6	0.3672
1899	252000	50000	327.1	0.4764
1900	252000	54000	410.7	0.2400
1901	252000	62000	427.0	0.2663
1902	252000	66000	423.6	0.3022
1903	252000	70000	455.0	0.3239
1904	252000	74000	498.4	0.2009
1905	252000	78000	467.1	0.4118
1906	252000	82000	510.1	0.3449
1907	252000	86000	469.4	0.3944
1908	252000	90000	423.5	0.2887
1909	252000	94000	416.6	0.3430
1910	252000	98000	490.5	0.1866
1911	252000	102000	568.5	0.0529
1912	252000	106000	524.5	0.2931
1913	252000	110000	406.0	0.4230
1914	252000	114000	434.6	0.1857
1915	252000	118000	426.0	0.1362
1916	252000	122000	300.3	0.2630
1917	252000	126000	505.1	0.0570
1918	252000	130000	358.8	0.3375
1919	252000	134000	275.9	0.3351
1920	252000	138000	229.1	0.4021
1921	252000	142000	218.6	0.5022
1922	252000	146000	266.0	0.5564
1923	252000	150000	280.5	0.6092
1924	252000	154000	196.3	0.4867
1925	252000	158000	212.0	0.4183
1926	252000	162000	169.6	0.4308
1927	252000	194000	31.9	0.6008
1928	252000	198000	26.6	0.4305
1929	252000	202000	24.5	0.3949
1930	252000	206000	25.5	0.4195
1931	256000	26000	328.2	0.5841
1932	256000	30000	299.3	0.5494
1933	256000	34000	330.1	0.4759
1934	256000	38000	343.7	0.5328
1935	256000	42000	372.1	0.5111
1936	256000	46000	350.1	0.3405
1937	256000	50000	302.3	0.3903
1938	256000	74000	455.2	0.2222
1939	256000	78000	444.8	0.3084
1940	256000	82000	478.7	0.3533
1941	256000	86000	485.7	0.3224
1942	256000	90000	455.3	0.3050
1943	256000	94000	433.3	0.2115
1944	256000	98000	443.2	0.3913
1945	256000	102000	530.8	0.1201
1946	256000	106000	495.5	0.2821
1947	256000	110000	453.5	0.2857
1948	256000	114000	492.6	0.0916
1949	256000	118000	373.5	0.2542
1950	256000	122000	319.5	0.2110
1951	256000	126000	463.8	0.1193
1952	256000	130000	398.0	0.2870
1953	256000	134000	321.1	0.2173
1954	256000	138000	295.9	0.4318
1955	256000	142000	240.3	0.6515
1956	256000	146000	247.3	0.6238
1957	256000	150000	275.6	0.5330
1958	256000	154000	226.7	0.5159
1959	256000	158000	241.3	0.4412
1960	256000	162000	205.6	0.3721
1961	256000	206000	22.8	0.5057
1962	260000	30000	312.1	0.4170
1963	260000	34000	349.1	0.4002
1964	260000	38000	325.0	0.5114
1965	260000	42000	326.0	0.2515
1966	260000	46000	352.8	0.2370
1967	260000	86000	472.7	0.4106
1968	260000	90000	483.0	0.3083
1969	260000	94000	480.4	0.3500
1970	260000	98000	456.4	0.2944
1971	260000	102000	492.5	0.3065
1972	260000	106000	463.8	0.2742
1973	260000	110000	416.6	0.3325
1974	260000	114000	388.5	0.2979
1975	260000	118000	411.4	0.1912
1976	260000	122000	410.6	0.2722
1977	260000	126000	448.3	0.1757
1978	260000	130000	513.5	0.0987
1979	260000	134000	370.6	0.3946
1980	260000	138000	328.1	0.3204
1981	260000	142000	334.5	0.3728
1982	260000	146000	248.8	0.5075
1983	260000	150000	281.9	0.4693
1984	260000	154000	283.8	0.4785
1985	260000	158000	224.6	0.4782
1986	260000	162000	174.0	0.3843
1987	264000	90000	472.2	0.3719
1988	264000	94000	476.5	0.3632
1989	264000	98000	474.4	0.3863
1990	264000	102000	495.5	0.2204
1991	264000	106000	515.1	0.1648
1992	264000	110000	489.6	0.2794
1993	264000	114000	538.3	0.0862
1994	264000	118000	514.6	0.1165
1995	264000	122000	359.1	0.3539
1996	264000	126000	436.3	0.2857
1997	264000	130000	518.6	0.2908
1998	264000	134000	476.0	0.1574
1999	264000	138000	406.7	0.2371
2000	264000	142000	348.0	0.1309
2001	264000	146000	270.6	0.4496
2002	264000	150000	266.5	0.6087
2003	264000	154000	234.1	0.4935
2004	264000	158000	194.8	0.5222
2005	264000	162000	227.1	0.3683
2006	268000	94000	503.6	0.3752
2007	268000	98000	515.6	0.2902
2008	268000	102000	495.4	0.3647
2009	268000	106000	502.6	0.2892
2010	268000	110000	544.8	0.1258
2011	268000	114000	460.0	0.2325
2012	268000	118000	438.1	0.2389
2013	268000	122000	430.9	0.4234
2014	268000	126000	423.1	0.3806
2015	268000	130000	556.0	0.0745
2016	268000	134000	602.8	0.0000
2017	268000	138000	532.2	0.0000
2018	268000	142000	420.5	0.0000
2019	268000	146000	324.1	0.3663
2020	268000	150000	291.3	0.5431
2021	268000	154000	261.1	0.4321
2022	268000	158000	251.6	0.3338
2023	268000	162000	267.7	0.4063
2024	272000	94000	487.0	0.3121
2025	272000	98000	486.4	0.2880
2026	272000	102000	467.5	0.3883
2027	272000	106000	465.9	0.4311
2028	272000	110000	514.8	0.4347
2029	272000	114000	526.1	0.2870
2030	272000	118000	486.9	0.1254
2031	272000	122000	502.1	0.3317
2032	272000	126000	509.9	0.3914
2033	272000	130000	545.0	0.2826
2034	272000	134000	650.8	0.0095
2035	272000	138000	589.5	0.0000
2036	272000	142000	486.8	0.0000
2037	272000	146000	393.3	0.0602
2038	272000	150000	345.0	0.1694
2039	272000	154000	286.2	0.5224
2040	272000	158000	283.3	0.3108
2041	276000	94000	426.4	0.1873
2042	276000	98000	431.9	0.2788
2043	276000	102000	461.8	0.2839
2044	276000	106000	463.1	0.3343
2045	276000	110000	490.1	0.4439
2046	276000	114000	491.3	0.3441
2047	276000	118000	462.1	0.3794
2048	276000	122000	515.4	0.4275
2049	276000	126000	542.9	0.4492
2050	276000	130000	557.9	0.3806
2051	276000	134000	591.6	0.0375
2052	276000	138000	601.8	0.0000
2053	276000	142000	555.6	0.0000
2054	276000	146000	478.5	0.0001
2055	276000	150000	406.8	0.0452
2056	276000	154000	306.2	0.3181
2057	276000	158000	268.1	0.4520
2058	280000	98000	517.4	0.1720
2059	280000	102000	446.1	0.2830
2060	280000	106000	457.2	0.2372
2061	280000	110000	496.1	0.1414
2062	280000	114000	543.0	0.2151
2063	280000	118000	497.2	0.4066
2064	280000	122000	550.2	0.3196
2065	280000	126000	563.8	0.4699
2066	280000	130000	585.3	0.2845
2067	280000	134000	566.3	0.1609
2068	280000	138000	548.0	0.2496
2069	280000	142000	598.4	0.2241
2070	280000	146000	546.1	0.0089
2071	280000	150000	448.6	0.3075
2072	284000	106000	499.7	0.2349
2073	284000	110000	490.4	0.2165
2074	284000	114000	543.3	0.1182
2075	284000	118000	570.2	0.1662
2076	284000	122000	592.6	0.3834
2077	284000	126000	591.2	0.3906
2078	284000	130000	586.2	0.0609
2079	284000	134000	572.3	0.0976
2080	284000	142000	520.7	0.4477
2081	284000	146000	551.3	0.2650
2082	284000	150000	533.5	0.1685
2083	288000	106000	522.2	0.3972
2084	288000	110000	537.7	0.3180
2085	288000	114000	509.2	0.3178
2086	288000	118000	590.5	0.1602
2087	288000	122000	626.4	0.3476
2088	288000	126000	625.4	0.3514
2089	288000	130000	613.8	0.0499
2090	288000	134000	607.7	0.0074
2091	292000	114000	536.2	0.4002
2092	292000	118000	581.7	0.3466
2093	292000	122000	637.5	0.0420
2094	292000	126000	649.0	0.1627
2095	292000	130000	599.1	0.0737
2096	292000	134000	574.9	0.0701
2097	296000	114000	598.1	0.3336
2098	296000	118000	561.7	0.3932
